1,1,200,56,10,5,1,1,1
1,2,207,120,12,6,1,1,1
1,3,487,247,9,7,1,1,1
2,1,200,56,10,5,1,1,1
2,2,207,120,12,6,1,1,1
2,3,487,247,9,7,1,1,1
3,3,485,250,8,6,1,1,1
4,3,485,250,8,6,1,1,1
5,3,485,251,8,6,1,1,1
6,3,485,251,8,6,1,1,1
15,18,470,264,8,6,1,1,1
16,18,470,264,8,6,1,1,1
17,18,470,265,8,6,1,1,1
18,18,470,265,8,6,1,1,1
21,26,462,270,8,6,1,1,1
22,26,462,270,8,6,1,1,1
23,26,460,272,7,5,1,1,1
24,26,460,272,7,5,1,1,1
25,26,457,274,7,5,1,1,1
26,26,457,274,7,5,1,1,1
27,26,453,276,8,5,1,1,1
27,34,222,0,6,3,1,1,1
28,26,453,276,8,5,1,1,1
28,34,222,0,6,3,1,1,1
29,26,449,277,8,6,1,1,1
29,34,222,0,6,2,1,1,1
30,26,449,277,8,6,1,1,1
30,34,222,0,6,2,1,1,1
31,26,446,279,8,6,1,1,1
32,26,446,279,8,6,1,1,1
33,26,443,281,8,5,1,1,1
34,26,443,281,8,5,1,1,1
35,26,439,282,8,6,1,1,1
36,26,439,282,8,6,1,1,1
37,26,436,284,8,5,1,1,1
38,26,436,284,8,5,1,1,1
39,26,432,285,8,6,1,1,1
40,26,432,285,8,6,1,1,1
41,26,428,287,8,5,1,1,1
42,26,428,287,8,5,1,1,1
43,26,424,288,9,6,1,1,1
44,26,424,288,9,6,1,1,1
45,26,420,289,9,6,1,1,1
46,26,420,289,9,6,1,1,1
47,26,416,290,9,6,1,1,1
48,26,416,290,9,6,1,1,1
49,26,413,291,9,6,1,1,1
49,47,429,382,11,5,1,1,1
50,26,413,291,9,6,1,1,1
50,47,429,382,11,5,1,1,1
51,26,409,292,8,6,1,1,1
51,47,429,382,11,6,1,1,1
52,26,409,292,8,6,1,1,1
52,47,429,382,11,6,1,1,1
53,26,406,293,8,6,1,1,1
53,47,429,382,11,6,1,1,1
54,26,406,293,8,6,1,1,1
54,47,429,382,11,6,1,1,1
55,26,402,293,9,6,1,1,1
55,47,429,382,11,6,1,1,1
56,26,402,293,9,6,1,1,1
56,47,429,382,11,6,1,1,1
57,26,398,294,9,6,1,1,1
57,47,429,382,11,6,1,1,1
58,26,398,294,9,6,1,1,1
58,47,429,382,11,6,1,1,1
59,26,394,295,8,5,1,1,1
59,47,429,382,11,6,1,1,1
60,26,394,295,8,5,1,1,1
60,47,429,382,11,6,1,1,1
61,26,390,295,9,6,1,1,1
61,47,430,382,10,5,1,1,1
62,26,390,295,9,6,1,1,1
62,47,430,382,10,5,1,1,1
63,26,386,295,9,6,1,1,1
63,47,430,382,10,5,1,1,1
64,26,386,295,9,6,1,1,1
64,47,430,382,10,5,1,1,1
65,26,382,296,9,5,1,1,1
65,47,430,382,10,4,1,1,1
66,26,382,296,9,5,1,1,1
66,47,430,382,10,4,1,1,1
67,26,378,296,8,5,1,1,1
67,47,430,382,10,4,1,1,1
68,26,378,296,8,5,1,1,1
68,47,430,382,10,4,1,1,1
69,26,374,296,8,5,1,1,1
69,47,430,382,10,4,1,1,1
70,26,374,296,8,5,1,1,1
70,47,430,382,10,4,1,1,1
71,26,370,296,8,5,1,1,1
71,47,430,382,10,4,1,1,1
72,26,370,296,8,5,1,1,1
72,47,430,382,10,4,1,1,1
73,26,366,296,8,5,1,1,1
74,26,366,296,8,5,1,1,1
75,26,361,295,10,6,1,1,1
76,26,361,295,10,6,1,1,1
77,26,357,295,9,5,1,1,1
78,26,357,295,9,5,1,1,1
79,26,353,295,9,5,1,1,1
80,26,353,295,9,5,1,1,1
81,26,349,294,8,5,1,1,1
82,26,349,294,8,5,1,1,1
83,26,344,293,10,6,1,1,1
84,26,344,293,10,6,1,1,1
85,26,340,292,10,6,1,1,1
86,26,340,292,10,6,1,1,1
87,26,336,291,10,6,1,1,1
88,26,336,291,10,6,1,1,1
89,26,332,290,10,6,1,1,1
89,54,505,0,16,6,1,1,1
90,26,332,290,10,6,1,1,1
90,54,505,0,16,6,1,1,1
91,26,328,290,9,5,1,1,1
91,54,505,1,16,6,1,1,1
92,26,328,290,9,5,1,1,1
92,54,505,1,16,6,1,1,1
93,26,324,288,9,6,1,1,1
94,26,324,288,9,6,1,1,1
95,26,320,287,9,5,1,1,1
96,26,320,287,9,5,1,1,1
97,26,316,286,8,5,1,1,1
98,26,316,286,8,5,1,1,1
99,26,311,284,10,6,1,1,1
100,26,311,284,10,6,1,1,1
101,26,308,283,8,5,1,1,1
102,26,308,283,8,5,1,1,1
103,26,303,281,9,6,1,1,1
104,26,303,281,9,6,1,1,1
105,26,299,279,9,6,1,1,1
105,61,242,288,7,5,1,1,1
105,62,515,24,11,6,1,1,1
106,26,299,279,9,6,1,1,1
106,61,242,288,7,5,1,1,1
106,62,515,24,11,6,1,1,1
107,26,294,277,10,6,1,1,1
107,61,242,288,7,5,1,1,1
107,62,515,25,11,6,1,1,1
108,26,294,277,10,6,1,1,1
108,61,242,288,7,5,1,1,1
108,62,515,25,11,6,1,1,1
109,26,290,276,10,5,1,1,1
109,61,242,288,7,5,1,1,1
110,26,290,276,10,5,1,1,1
110,61,242,288,7,5,1,1,1
111,26,286,274,10,6,1,1,1
111,61,243,288,7,5,1,1,1
111,64,517,34,11,6,1,1,1
112,26,286,274,10,6,1,1,1
112,61,243,288,7,5,1,1,1
112,64,517,34,11,6,1,1,1
113,26,282,272,9,5,1,1,1
113,64,517,37,11,6,1,1,1
114,26,282,272,9,5,1,1,1
114,64,517,37,11,6,1,1,1
115,26,278,269,9,6,1,1,1
115,64,518,38,11,6,1,1,1
116,26,278,269,9,6,1,1,1
116,64,518,38,11,6,1,1,1
117,26,273,267,10,6,1,1,1
117,65,519,44,10,6,1,1,1
118,26,273,267,10,6,1,1,1
118,65,519,44,10,6,1,1,1
119,26,269,265,10,6,1,1,1
119,65,519,47,10,6,1,1,1
120,26,269,265,10,6,1,1,1
120,65,519,47,10,6,1,1,1
121,26,265,263,9,5,1,1,1
121,61,243,288,7,5,1,1,1
121,65,519,48,10,6,1,1,1
122,26,265,263,9,5,1,1,1
122,61,243,288,7,5,1,1,1
122,65,519,48,10,6,1,1,1
123,26,261,260,10,6,1,1,1
123,61,243,288,7,5,1,1,1
123,66,519,54,11,6,1,1,1
124,26,261,260,10,6,1,1,1
124,61,243,288,7,5,1,1,1
124,66,519,54,11,6,1,1,1
125,26,257,257,10,6,1,1,1
125,61,242,288,7,5,1,1,1
125,66,519,55,11,6,1,1,1
126,26,257,257,10,6,1,1,1
126,61,242,288,7,5,1,1,1
126,66,519,55,11,6,1,1,1
127,26,254,255,9,5,1,1,1
127,61,242,288,7,5,1,1,1
127,67,518,61,11,6,1,1,1
128,26,254,255,9,5,1,1,1
128,61,242,288,7,5,1,1,1
128,67,518,61,11,6,1,1,1
129,26,249,252,10,6,1,1,1
129,61,242,288,7,5,1,1,1
129,67,518,62,11,6,1,1,1
130,26,249,252,10,6,1,1,1
130,61,242,288,7,5,1,1,1
130,67,518,62,11,6,1,1,1
131,26,246,249,10,6,1,1,1
131,61,242,288,7,5,1,1,1
132,26,246,249,10,6,1,1,1
132,61,242,288,7,5,1,1,1
133,26,242,246,10,6,1,1,1
133,61,242,288,7,5,1,1,1
133,69,518,72,10,6,1,1,1
134,26,242,246,10,6,1,1,1
134,61,242,288,7,5,1,1,1
134,69,518,72,10,6,1,1,1
135,26,238,243,11,6,1,1,1
135,61,242,288,7,5,1,1,1
135,69,518,73,10,6,1,1,1
136,26,238,243,11,6,1,1,1
136,61,242,288,7,5,1,1,1
136,69,518,73,10,6,1,1,1
137,26,235,240,10,6,1,1,1
137,61,242,288,7,5,1,1,1
137,70,516,79,10,6,1,1,1
138,26,235,240,10,6,1,1,1
138,61,242,288,7,5,1,1,1
138,70,516,79,10,6,1,1,1
139,26,232,237,9,5,1,1,1
139,61,242,288,7,5,1,1,1
139,70,516,80,10,6,1,1,1
140,26,232,237,9,5,1,1,1
140,61,242,288,7,5,1,1,1
140,70,516,80,10,6,1,1,1
141,26,227,233,11,6,1,1,1
141,61,242,288,7,5,1,1,1
142,26,227,233,11,6,1,1,1
142,61,242,288,7,5,1,1,1
143,26,223,230,11,6,1,1,1
143,61,242,288,7,5,1,1,1
144,26,223,230,11,6,1,1,1
144,61,242,288,7,5,1,1,1
145,26,220,226,10,6,1,1,1
145,61,242,288,7,5,1,1,1
146,26,220,226,10,6,1,1,1
146,61,242,288,7,5,1,1,1
147,26,216,223,11,6,1,1,1
147,61,241,288,8,5,1,1,1
148,26,216,223,11,6,1,1,1
148,61,241,288,8,5,1,1,1
149,26,213,219,10,6,1,1,1
149,61,241,288,8,5,1,1,1
150,26,213,219,10,6,1,1,1
150,61,241,288,8,5,1,1,1
151,26,210,216,9,5,1,1,1
151,61,242,288,7,5,1,1,1
152,26,210,216,9,5,1,1,1
152,61,242,288,7,5,1,1,1
153,26,206,212,10,6,1,1,1
153,61,242,288,7,5,1,1,1
154,26,206,212,10,6,1,1,1
154,61,242,288,7,5,1,1,1
155,26,203,208,10,6,1,1,1
156,26,203,208,10,6,1,1,1
157,26,199,204,11,6,1,1,1
158,26,199,204,11,6,1,1,1
159,26,197,201,9,6,1,1,1
160,26,197,201,9,6,1,1,1
161,26,193,198,9,5,1,1,1
162,26,193,198,9,5,1,1,1
171,90,489,268,13,7,1,1,1
171,91,442,5,13,6,1,1,1
172,90,489,268,13,7,1,1,1
172,91,442,5,13,6,1,1,1
173,90,488,269,13,7,1,1,1
173,91,445,6,12,6,1,1,1
174,90,488,269,13,7,1,1,1
174,91,445,6,12,6,1,1,1
175,91,449,8,11,6,1,1,1
176,91,449,8,11,6,1,1,1
177,91,452,10,11,6,1,1,1
178,91,452,10,11,6,1,1,1
179,91,455,12,11,6,1,1,1
180,91,455,12,11,6,1,1,1
181,91,458,14,11,6,1,1,1
182,91,458,14,11,6,1,1,1
183,91,461,16,11,6,1,1,1
184,91,461,16,11,6,1,1,1
185,91,464,19,10,6,1,1,1
186,91,464,19,10,6,1,1,1
187,91,466,21,11,6,1,1,1
188,91,466,21,11,6,1,1,1
189,91,469,23,11,7,1,1,1
190,91,469,23,11,7,1,1,1
191,91,471,26,12,6,1,1,1
192,91,471,26,12,6,1,1,1
193,91,474,28,12,7,1,1,1
194,91,474,28,12,7,1,1,1
195,91,477,31,11,6,1,1,1
196,91,477,31,11,6,1,1,1
197,91,479,34,11,6,1,1,1
198,91,479,34,11,6,1,1,1
199,91,482,37,10,6,1,1,1
200,91,482,37,10,6,1,1,1
201,91,484,40,11,6,1,1,1
202,91,484,40,11,6,1,1,1
203,91,486,43,11,6,1,1,1
204,91,486,43,11,6,1,1,1
205,91,488,46,11,6,1,1,1
206,91,488,46,11,6,1,1,1
207,62,490,50,12,7,1,1,1
207,91,491,49,10,6,1,1,1
208,62,490,50,12,7,1,1,1
208,91,491,49,10,6,1,1,1
209,62,489,50,13,7,1,1,1
209,67,493,54,11,6,1,1,1
210,62,489,50,13,7,1,1,1
210,67,493,54,11,6,1,1,1
211,66,495,57,11,6,1,1,1
211,67,492,53,11,6,1,1,1
212,66,495,57,11,6,1,1,1
212,67,492,53,11,6,1,1,1
213,66,494,57,11,6,1,1,1
214,66,494,57,11,6,1,1,1
215,69,498,64,10,6,1,1,1
216,69,498,64,10,6,1,1,1
217,69,497,63,11,6,1,1,1
217,70,499,67,12,7,1,1,1
218,69,497,63,11,6,1,1,1
218,70,499,67,12,7,1,1,1
219,70,499,66,11,7,1,1,1
220,70,499,66,11,7,1,1,1
221,141,405,338,11,7,1,1,1
222,141,405,338,11,7,1,1,1
223,141,403,340,11,7,1,1,1
224,141,403,340,11,7,1,1,1
225,64,511,83,11,6,1,1,1
225,141,404,342,11,7,1,1,1
226,64,511,83,11,6,1,1,1
226,141,404,342,11,7,1,1,1
227,64,511,83,11,6,1,1,1
227,141,403,344,11,7,1,1,1
228,64,511,83,11,6,1,1,1
228,141,403,344,11,7,1,1,1
229,65,533,90,12,7,1,1,1
230,65,533,90,12,7,1,1,1
231,65,534,90,11,7,1,1,1
232,65,534,90,11,7,1,1,1
237,160,437,352,10,6,1,1,1
238,160,437,352,10,6,1,1,1
239,160,437,353,10,6,1,1,1
240,160,437,353,10,6,1,1,1
245,171,417,357,10,6,1,1,1
246,171,417,357,10,6,1,1,1
247,171,416,358,10,6,1,1,1
248,171,416,358,10,6,1,1,1
249,177,406,359,12,6,1,1,1
250,177,406,359,12,6,1,1,1
251,141,401,360,10,7,1,1,1
251,177,405,360,12,6,1,1,1
252,141,401,360,10,7,1,1,1
252,177,405,360,12,6,1,1,1
253,141,397,361,11,7,1,1,1
254,141,397,361,11,7,1,1,1
255,141,396,362,11,7,1,1,1
256,141,396,362,11,7,1,1,1
257,185,387,362,11,6,1,1,1
258,185,387,362,11,6,1,1,1
259,185,384,362,10,7,1,1,1
260,185,384,362,10,7,1,1,1
261,185,380,363,10,6,1,1,1
262,185,380,363,10,6,1,1,1
263,185,374,363,12,6,1,1,1
264,185,374,363,12,6,1,1,1
265,185,371,363,10,7,1,1,1
266,185,371,363,10,7,1,1,1
267,185,366,363,11,7,1,1,1
268,185,366,363,11,7,1,1,1
269,185,361,363,12,7,1,1,1
270,185,361,363,12,7,1,1,1
271,185,357,363,12,7,1,1,1
272,185,357,363,12,7,1,1,1
273,185,353,363,11,6,1,1,1
274,185,353,363,11,6,1,1,1
275,185,348,362,11,7,1,1,1
276,185,348,362,11,7,1,1,1
277,185,344,362,11,6,1,1,1
278,185,344,362,11,6,1,1,1
279,185,338,361,12,7,1,1,1
280,185,338,361,12,7,1,1,1
281,185,333,360,12,7,1,1,1
282,185,333,360,12,7,1,1,1
283,185,328,360,11,6,1,1,1
284,185,328,360,11,6,1,1,1
285,185,323,359,12,7,1,1,1
286,185,323,359,12,7,1,1,1
287,185,318,358,11,6,1,1,1
288,185,318,358,11,6,1,1,1
289,185,313,357,12,7,1,1,1
290,185,313,357,12,7,1,1,1
291,185,309,356,11,6,1,1,1
292,185,309,356,11,6,1,1,1
293,185,305,355,10,6,1,1,1
294,185,305,355,10,6,1,1,1
295,185,300,354,11,6,1,1,1
296,185,300,354,11,6,1,1,1
297,185,296,352,10,6,1,1,1
298,185,296,352,10,6,1,1,1
299,185,292,351,10,6,1,1,1
300,185,292,351,10,6,1,1,1
301,185,287,349,11,6,1,1,1
302,185,287,349,11,6,1,1,1
303,185,283,347,12,7,1,1,1
304,185,283,347,12,7,1,1,1
305,90,537,264,13,7,1,1,1
305,185,279,346,11,6,1,1,1
306,90,537,264,13,7,1,1,1
306,185,279,346,11,6,1,1,1
307,90,538,263,13,7,1,1,1
307,185,275,344,11,6,1,1,1
307,236,254,0,8,5,1,1,1
308,90,538,263,13,7,1,1,1
308,185,275,344,11,6,1,1,1
308,236,254,0,8,5,1,1,1
309,185,271,342,11,6,1,1,1
309,236,255,0,8,4,1,1,1
310,185,271,342,11,6,1,1,1
310,236,255,0,8,4,1,1,1
311,185,267,340,10,6,1,1,1
312,185,267,340,10,6,1,1,1
313,185,261,337,12,7,1,1,1
314,185,261,337,12,7,1,1,1
315,185,257,335,12,7,1,1,1
316,185,257,335,12,7,1,1,1
317,185,252,333,12,7,1,1,1
318,185,252,333,12,7,1,1,1
319,185,247,330,12,7,1,1,1
320,185,247,330,12,7,1,1,1
321,185,242,328,12,7,1,1,1
322,185,242,328,12,7,1,1,1
323,185,237,325,12,7,1,1,1
324,185,237,325,12,7,1,1,1
325,185,232,323,11,6,1,1,1
326,185,232,323,11,6,1,1,1
327,185,227,320,11,6,1,1,1
328,185,227,320,11,6,1,1,1
329,185,222,317,11,6,1,1,1
330,185,222,317,11,6,1,1,1
331,185,217,314,11,7,1,1,1
332,185,217,314,11,7,1,1,1
333,185,213,311,10,6,1,1,1
333,249,443,1,18,8,1,1,1
334,185,213,311,10,6,1,1,1
334,249,443,1,18,8,1,1,1
335,67,443,6,13,7,1,1,1
335,185,208,308,10,6,1,1,1
335,249,442,2,19,8,1,1,1
336,67,443,6,13,7,1,1,1
336,185,208,308,10,6,1,1,1
336,249,442,2,19,8,1,1,1
337,67,442,5,13,7,1,1,1
337,185,203,304,11,7,1,1,1
338,67,442,5,13,7,1,1,1
338,185,203,304,11,7,1,1,1
339,185,198,301,11,6,1,1,1
340,185,198,301,11,6,1,1,1
341,70,437,18,13,8,1,1,1
341,160,451,330,12,7,1,1,1
341,185,194,297,12,7,1,1,1
342,70,437,18,13,8,1,1,1
342,160,451,330,12,7,1,1,1
342,185,194,297,12,7,1,1,1
343,69,435,22,12,7,1,1,1
343,70,436,17,13,8,1,1,1
343,160,452,329,11,7,1,1,1
343,185,189,294,12,7,1,1,1
344,69,435,22,12,7,1,1,1
344,70,436,17,13,8,1,1,1
344,160,452,329,11,7,1,1,1
344,185,189,294,12,7,1,1,1
345,66,433,26,12,7,1,1,1
345,69,434,21,12,7,1,1,1
345,185,185,290,12,7,1,1,1
346,66,433,26,12,7,1,1,1
346,69,434,21,12,7,1,1,1
346,185,185,290,12,7,1,1,1
347,66,432,25,12,7,1,1,1
347,185,180,287,12,7,1,1,1
348,66,432,25,12,7,1,1,1
348,185,180,287,12,7,1,1,1
349,185,176,283,12,7,1,1,1
350,185,176,283,12,7,1,1,1
351,185,172,279,12,7,1,1,1
352,185,172,279,12,7,1,1,1
353,171,417,346,12,7,1,1,1
353,185,168,275,11,7,1,1,1
354,171,417,346,12,7,1,1,1
354,185,168,275,11,7,1,1,1
355,171,417,345,12,7,1,1,1
355,185,164,272,10,6,1,1,1
356,171,417,345,12,7,1,1,1
356,185,164,272,10,6,1,1,1
357,177,405,351,12,6,1,1,1
357,185,159,268,11,7,1,1,1
358,177,405,351,12,6,1,1,1
358,185,159,268,11,7,1,1,1
359,177,405,350,12,6,1,1,1
359,185,155,264,10,6,1,1,1
360,177,405,350,12,6,1,1,1
360,185,155,264,10,6,1,1,1
361,185,150,260,10,6,1,1,1
362,185,150,260,10,6,1,1,1
363,185,146,256,10,6,1,1,1
364,185,146,256,10,6,1,1,1
365,185,141,252,10,6,1,1,1
366,185,141,252,10,6,1,1,1
367,185,136,247,11,7,1,1,1
368,185,136,247,11,7,1,1,1
369,185,131,243,12,7,1,1,1
370,185,131,243,12,7,1,1,1
371,185,127,239,12,7,1,1,1
372,185,127,239,12,7,1,1,1
373,185,123,235,11,6,1,1,1
374,185,123,235,11,6,1,1,1
375,185,119,231,10,6,1,1,1
376,185,119,231,10,6,1,1,1
377,185,114,226,12,7,1,1,1
378,185,114,226,12,7,1,1,1
379,185,110,222,11,6,1,1,1
380,185,110,222,11,6,1,1,1
381,185,106,218,11,6,1,1,1
382,185,106,218,11,6,1,1,1
383,185,103,214,11,6,1,1,1
384,185,103,214,11,6,1,1,1
385,185,99,209,11,6,1,1,1
386,185,99,209,11,6,1,1,1
387,185,96,205,10,6,1,1,1
388,185,96,205,10,6,1,1,1
389,185,92,200,11,6,1,1,1
390,185,92,200,11,6,1,1,1
391,185,88,195,12,7,1,1,1
392,185,88,195,12,7,1,1,1
393,185,84,191,11,6,1,1,1
394,185,84,191,11,6,1,1,1
395,185,81,186,11,6,1,1,1
396,185,81,186,11,6,1,1,1
397,185,78,181,10,6,1,1,1
398,185,78,181,10,6,1,1,1
399,185,74,176,11,6,1,1,1
400,185,74,176,11,6,1,1,1
401,185,70,171,12,6,1,1,1
402,185,70,171,12,6,1,1,1
403,185,67,166,11,6,1,1,1
404,185,67,166,11,6,1,1,1
405,185,64,161,11,6,1,1,1
406,185,64,161,11,6,1,1,1
407,185,60,156,12,6,1,1,1
408,185,60,156,12,6,1,1,1
409,185,57,151,11,6,1,1,1
410,185,57,151,11,6,1,1,1
411,185,53,146,12,6,1,1,1
412,185,53,146,12,6,1,1,1
413,185,50,141,12,6,1,1,1
414,185,50,141,12,6,1,1,1
415,185,46,136,13,7,1,1,1
416,185,46,136,13,7,1,1,1
417,185,43,131,12,7,1,1,1
418,185,43,131,12,7,1,1,1
419,185,39,126,13,7,1,1,1
420,185,39,126,13,7,1,1,1
421,185,37,121,11,7,1,1,1
422,185,37,121,11,7,1,1,1
423,185,33,116,12,7,1,1,1
424,185,33,116,12,7,1,1,1
425,185,31,112,11,7,1,1,1
426,185,31,112,11,7,1,1,1
427,185,27,107,12,7,1,1,1
428,185,27,107,12,7,1,1,1
429,185,24,103,12,7,1,1,1
430,185,24,103,12,7,1,1,1
431,185,22,98,11,7,1,1,1
432,185,22,98,11,7,1,1,1
433,185,18,94,12,6,1,1,1
434,185,18,94,12,6,1,1,1
435,185,15,89,13,7,1,1,1
436,185,15,89,13,7,1,1,1
437,185,12,84,13,7,1,1,1
438,185,12,84,13,7,1,1,1
439,185,10,80,12,7,1,1,1
440,185,10,80,12,7,1,1,1
441,185,7,75,12,7,1,1,1
441,236,341,1,9,6,1,1,1
442,185,7,75,12,7,1,1,1
442,236,341,1,9,6,1,1,1
443,185,5,70,12,7,1,1,1
443,236,342,2,10,6,1,1,1
444,185,5,70,12,7,1,1,1
444,236,342,2,10,6,1,1,1
445,185,2,66,12,7,1,1,1
445,353,339,7,9,6,1,1,1
446,185,2,66,12,7,1,1,1
446,353,339,7,9,6,1,1,1
447,185,0,61,12,7,1,1,1
447,353,339,8,9,6,1,1,1
448,185,0,61,12,7,1,1,1
448,353,339,8,9,6,1,1,1
449,185,0,56,10,7,1,1,1
450,185,0,56,10,7,1,1,1
451,185,0,52,9,7,1,1,1
452,185,0,52,9,7,1,1,1
453,185,0,47,7,7,1,1,1
454,185,0,47,7,7,1,1,1
455,185,0,43,6,6,1,1,1
456,185,0,43,6,6,1,1,1
457,185,0,39,5,6,1,1,1
458,185,0,39,5,6,1,1,1
459,185,0,34,4,6,1,1,1
460,185,0,34,4,6,1,1,1
461,185,0,30,3,6,1,1,1
462,185,0,30,3,6,1,1,1
475,396,59,200,12,7,1,1,1
476,396,59,200,12,7,1,1,1
477,396,58,201,12,7,1,1,1
478,396,58,201,12,7,1,1,1
479,396,59,202,13,7,1,1,1
480,396,59,202,13,7,1,1,1
481,396,62,202,12,8,1,1,1
482,396,62,202,12,8,1,1,1
483,396,65,203,13,7,1,1,1
484,396,65,203,13,7,1,1,1
485,396,69,203,12,8,1,1,1
486,396,69,203,12,8,1,1,1
487,396,73,204,12,7,1,1,1
488,396,73,204,12,7,1,1,1
489,396,77,204,12,7,1,1,1
490,396,77,204,12,7,1,1,1
491,396,81,204,11,7,1,1,1
492,396,81,204,11,7,1,1,1
493,396,85,205,10,6,1,1,1
494,396,85,205,10,6,1,1,1
495,396,88,204,11,7,1,1,1
496,396,88,204,11,7,1,1,1
497,396,91,204,12,7,1,1,1
498,396,91,204,12,7,1,1,1
499,396,94,204,12,7,1,1,1
500,396,94,204,12,7,1,1,1
501,396,96,204,13,7,1,1,1
502,396,96,204,13,7,1,1,1
503,396,99,203,13,8,1,1,1
504,396,99,203,13,8,1,1,1
505,396,102,203,13,7,1,1,1
506,396,102,203,13,7,1,1,1
507,396,105,202,13,8,1,1,1
508,396,105,202,13,8,1,1,1
509,396,108,202,13,8,1,1,1
510,396,108,202,13,8,1,1,1
533,465,19,188,12,7,1,1,1
534,465,19,188,12,7,1,1,1
535,465,21,186,11,7,1,1,1
536,465,21,186,11,7,1,1,1
537,465,24,184,13,8,1,1,1
538,465,24,184,13,8,1,1,1
539,465,28,182,12,8,1,1,1
540,465,28,182,12,8,1,1,1
541,465,33,181,12,7,1,1,1
542,465,33,181,12,7,1,1,1
543,465,37,179,13,8,1,1,1
544,465,37,179,13,8,1,1,1
545,465,41,177,13,8,1,1,1
546,465,41,177,13,8,1,1,1
547,465,46,175,12,8,1,1,1
548,465,46,175,12,8,1,1,1
549,465,50,174,12,7,1,1,1
550,465,50,174,12,7,1,1,1
587,537,245,163,11,6,1,1,1
588,537,245,163,11,6,1,1,1
589,537,245,164,11,6,1,1,1
590,537,245,164,11,6,1,1,1
591,537,245,166,11,6,1,1,1
592,537,245,166,11,6,1,1,1
593,537,244,168,12,7,1,1,1
594,537,244,168,12,7,1,1,1
595,537,244,170,12,6,1,1,1
596,537,244,170,12,6,1,1,1
597,537,245,172,11,6,1,1,1
598,537,245,172,11,6,1,1,1
599,537,245,174,11,6,1,1,1
600,537,245,174,11,6,1,1,1
601,537,245,176,11,6,1,1,1
601,545,20,251,11,6,1,1,1
602,537,245,176,11,6,1,1,1
602,545,20,251,11,6,1,1,1
603,537,244,178,13,7,1,1,1
603,545,20,250,11,6,1,1,1
604,537,244,178,13,7,1,1,1
604,545,20,250,11,6,1,1,1
605,537,244,180,13,7,1,1,1
606,537,244,180,13,7,1,1,1
607,537,245,182,12,7,1,1,1
607,547,19,240,11,7,1,1,1
608,537,245,182,12,7,1,1,1
608,547,19,240,11,7,1,1,1
609,537,247,185,12,6,1,1,1
609,547,19,239,11,7,1,1,1
610,537,247,185,12,6,1,1,1
610,547,19,239,11,7,1,1,1
611,537,248,187,11,6,1,1,1
612,537,248,187,11,6,1,1,1
625,396,316,206,12,7,1,1,1
625,561,97,214,11,7,1,1,1
626,396,316,206,12,7,1,1,1
626,561,97,214,11,7,1,1,1
627,396,320,207,12,7,1,1,1
627,561,97,212,10,6,1,1,1
628,396,320,207,12,7,1,1,1
628,561,97,212,10,6,1,1,1
629,561,98,209,10,7,1,1,1
629,563,317,213,11,6,1,1,1
630,561,98,209,10,7,1,1,1
630,563,317,213,11,6,1,1,1
631,561,98,207,10,6,1,1,1
631,563,317,214,11,6,1,1,1
632,561,98,207,10,6,1,1,1
632,563,317,214,11,6,1,1,1
633,561,99,204,11,7,1,1,1
633,564,317,219,12,7,1,1,1
634,561,99,204,11,7,1,1,1
634,564,317,219,12,7,1,1,1
635,561,99,202,12,6,1,1,1
635,564,317,220,12,7,1,1,1
636,561,99,202,12,6,1,1,1
636,564,317,220,12,7,1,1,1
637,561,101,199,10,7,1,1,1
637,565,318,226,11,7,1,1,1
638,561,101,199,10,7,1,1,1
638,565,318,226,11,7,1,1,1
639,561,101,197,11,7,1,1,1
639,565,318,227,11,7,1,1,1
640,561,101,197,11,7,1,1,1
640,565,318,227,11,7,1,1,1
641,561,102,194,11,7,1,1,1
641,566,318,233,12,7,1,1,1
642,561,102,194,11,7,1,1,1
642,566,318,233,12,7,1,1,1
643,561,103,192,11,7,1,1,1
643,566,318,234,12,7,1,1,1
644,561,103,192,11,7,1,1,1
644,566,318,234,12,7,1,1,1
645,561,104,190,11,7,1,1,1
646,561,104,190,11,7,1,1,1
647,561,105,188,11,7,1,1,1
648,561,105,188,11,7,1,1,1
649,561,106,187,11,6,1,1,1
650,561,106,187,11,6,1,1,1
651,561,108,185,10,6,1,1,1
652,561,108,185,10,6,1,1,1
653,561,108,183,11,6,1,1,1
653,571,317,254,11,7,1,1,1
654,561,108,183,11,6,1,1,1
654,571,317,254,11,7,1,1,1
655,565,316,230,12,8,1,1,1
655,571,317,254,11,7,1,1,1
656,565,316,230,12,8,1,1,1
656,571,317,254,11,7,1,1,1
657,565,316,230,12,8,1,1,1
658,565,316,230,12,8,1,1,1
671,588,129,421,11,8,1,1,1
672,588,129,421,11,8,1,1,1
673,588,124,421,10,7,1,1,1
674,588,124,421,10,7,1,1,1
675,588,118,420,10,7,1,1,1
676,588,118,420,10,7,1,1,1
677,588,113,419,9,7,1,1,1
678,588,113,419,9,7,1,1,1
679,588,107,419,10,7,1,1,1
680,588,107,419,10,7,1,1,1
681,588,101,418,10,7,1,1,1
682,588,101,418,10,7,1,1,1
683,588,96,417,10,7,1,1,1
684,588,96,417,10,7,1,1,1
685,588,91,416,9,7,1,1,1
686,588,91,416,9,7,1,1,1
687,588,85,415,11,7,1,1,1
688,588,85,415,11,7,1,1,1
689,588,80,414,10,7,1,1,1
690,588,80,414,10,7,1,1,1
691,588,75,413,10,7,1,1,1
692,588,75,413,10,7,1,1,1
693,588,70,412,10,7,1,1,1
694,588,70,412,10,7,1,1,1
695,588,65,411,10,6,1,1,1
696,588,65,411,10,6,1,1,1
697,588,60,409,10,7,1,1,1
698,588,60,409,10,7,1,1,1
699,588,55,408,10,6,1,1,1
700,588,55,408,10,6,1,1,1
701,588,50,406,11,7,1,1,1
702,588,50,406,11,7,1,1,1
703,588,45,404,11,7,1,1,1
704,588,45,404,11,7,1,1,1
705,563,297,202,11,6,1,1,1
705,588,41,402,11,7,1,1,1
706,563,297,202,11,6,1,1,1
706,588,41,402,11,7,1,1,1
707,563,297,201,10,6,1,1,1
707,564,296,207,11,6,1,1,1
707,588,37,400,11,7,1,1,1
707,607,169,0,13,4,1,1,1
708,563,297,201,10,6,1,1,1
708,564,296,207,11,6,1,1,1
708,588,37,400,11,7,1,1,1
708,607,169,0,13,4,1,1,1
709,564,296,206,10,6,1,1,1
709,588,32,398,11,7,1,1,1
709,607,171,0,14,5,1,1,1
710,564,296,206,10,6,1,1,1
710,588,32,398,11,7,1,1,1
710,607,171,0,14,5,1,1,1
711,588,28,396,11,7,1,1,1
711,607,172,0,18,7,1,1,1
712,588,28,396,11,7,1,1,1
712,607,172,0,18,7,1,1,1
713,566,293,222,10,6,1,1,1
713,588,24,394,11,7,1,1,1
713,607,176,2,17,6,1,1,1
714,566,293,222,10,6,1,1,1
714,588,24,394,11,7,1,1,1
714,607,176,2,17,6,1,1,1
715,566,292,221,10,6,1,1,1
715,571,292,227,9,6,1,1,1
715,588,20,392,11,7,1,1,1
715,607,179,3,17,6,1,1,1
716,566,292,221,10,6,1,1,1
716,571,292,227,9,6,1,1,1
716,588,20,392,11,7,1,1,1
716,607,179,3,17,6,1,1,1
717,571,291,226,9,6,1,1,1
717,588,16,389,12,7,1,1,1
717,607,183,5,15,6,1,1,1
718,571,291,226,9,6,1,1,1
718,588,16,389,12,7,1,1,1
718,607,183,5,15,6,1,1,1
719,588,13,387,11,7,1,1,1
719,607,186,6,15,6,1,1,1
720,588,13,387,11,7,1,1,1
720,607,186,6,15,6,1,1,1
721,588,9,384,11,7,1,1,1
721,607,189,8,15,6,1,1,1
722,588,9,384,11,7,1,1,1
722,607,189,8,15,6,1,1,1
723,588,6,382,11,7,1,1,1
723,607,192,9,16,7,1,1,1
724,588,6,382,11,7,1,1,1
724,607,192,9,16,7,1,1,1
725,588,2,379,11,7,1,1,1
725,607,195,11,15,6,1,1,1
726,588,2,379,11,7,1,1,1
726,607,195,11,15,6,1,1,1
727,588,0,376,10,7,1,1,1
727,607,199,13,14,6,1,1,1
728,588,0,376,10,7,1,1,1
728,607,199,13,14,6,1,1,1
729,588,0,374,8,6,1,1,1
729,607,202,15,14,6,1,1,1
730,588,0,374,8,6,1,1,1
730,607,202,15,14,6,1,1,1
731,588,0,371,4,7,1,1,1
731,607,206,17,13,6,1,1,1
732,588,0,371,4,7,1,1,1
732,607,206,17,13,6,1,1,1
733,607,209,19,14,7,1,1,1
734,607,209,19,14,7,1,1,1
735,607,214,22,14,6,1,1,1
736,607,214,22,14,6,1,1,1
737,537,284,279,12,7,1,1,1
737,607,217,23,14,7,1,1,1
738,537,284,279,12,7,1,1,1
738,607,217,23,14,7,1,1,1
739,537,285,280,12,7,1,1,1
740,537,285,280,12,7,1,1,1
