1,1,371,109,11,6,1,1,1
1,2,490,274,11,7,1,1,1
1,3,397,370,11,6,1,1,1
2,1,371,109,11,6,1,1,1
2,2,490,274,11,7,1,1,1
2,3,397,370,11,6,1,1,1
3,2,490,275,12,6,1,1,1
4,2,490,275,12,6,1,1,1
5,2,491,275,12,6,1,1,1
5,4,494,423,8,6,1,1,1
6,2,491,275,12,6,1,1,1
6,4,494,423,8,6,1,1,1
7,2,491,275,13,7,1,1,1
7,4,494,423,8,6,1,1,1
8,2,491,275,13,7,1,1,1
8,4,494,423,8,6,1,1,1
9,2,492,275,13,7,1,1,1
9,4,493,423,8,6,1,1,1
10,2,492,275,13,7,1,1,1
10,4,493,423,8,6,1,1,1
11,2,492,275,13,7,1,1,1
11,4,493,423,8,6,1,1,1
12,2,492,275,13,7,1,1,1
12,4,493,423,8,6,1,1,1
13,2,493,276,13,6,1,1,1
13,4,493,423,8,6,1,1,1
14,2,493,276,13,6,1,1,1
14,4,493,423,8,6,1,1,1
15,2,494,276,12,6,1,1,1
15,4,493,423,7,6,1,1,1
15,16,400,346,11,7,1,1,1
16,2,494,276,12,6,1,1,1
16,4,493,423,7,6,1,1,1
16,16,400,346,11,7,1,1,1
17,2,495,276,12,6,1,1,1
17,4,493,424,7,5,1,1,1
17,16,401,343,10,7,1,1,1
18,2,495,276,12,6,1,1,1
18,4,493,424,7,5,1,1,1
18,16,401,343,10,7,1,1,1
19,2,495,276,12,6,1,1,1
19,4,493,424,8,5,1,1,1
19,16,401,342,10,6,1,1,1
20,2,495,276,12,6,1,1,1
20,4,493,424,8,5,1,1,1
20,16,401,342,10,6,1,1,1
21,2,495,276,12,6,1,1,1
21,4,493,424,8,5,1,1,1
22,2,495,276,12,6,1,1,1
22,4,493,424,8,5,1,1,1
23,2,495,275,13,7,1,1,1
23,4,493,424,8,5,1,1,1
24,2,495,275,13,7,1,1,1
24,4,493,424,8,5,1,1,1
25,2,495,275,13,7,1,1,1
25,4,493,424,8,5,1,1,1
26,2,495,275,13,7,1,1,1
26,4,493,424,8,5,1,1,1
27,2,495,274,13,7,1,1,1
27,4,493,424,8,5,1,1,1
28,2,495,274,13,7,1,1,1
28,4,493,424,8,5,1,1,1
29,2,495,274,13,7,1,1,1
29,4,493,424,8,5,1,1,1
30,2,495,274,13,7,1,1,1
30,4,493,424,8,5,1,1,1
31,2,496,273,13,7,1,1,1
31,4,493,424,8,5,1,1,1
32,2,496,273,13,7,1,1,1
32,4,493,424,8,5,1,1,1
33,2,496,273,12,6,1,1,1
33,4,493,424,8,5,1,1,1
34,2,496,273,12,6,1,1,1
34,4,493,424,8,5,1,1,1
35,2,496,272,11,6,1,1,1
35,4,493,424,8,5,1,1,1
36,2,496,272,11,6,1,1,1
36,4,493,424,8,5,1,1,1
37,2,496,271,11,6,1,1,1
37,4,493,424,8,5,1,1,1
38,2,496,271,11,6,1,1,1
38,4,493,424,8,5,1,1,1
39,2,496,270,11,6,1,1,1
39,4,493,424,8,5,1,1,1
40,2,496,270,11,6,1,1,1
40,4,493,424,8,5,1,1,1
41,2,496,269,11,6,1,1,1
42,2,496,269,11,6,1,1,1
43,2,496,268,11,6,1,1,1
43,4,493,424,8,5,1,1,1
43,42,1,447,8,7,1,1,1
44,2,496,268,11,6,1,1,1
44,4,493,424,8,5,1,1,1
44,42,1,447,8,7,1,1,1
45,2,495,267,12,6,1,1,1
45,4,493,424,8,5,1,1,1
45,42,1,447,8,7,1,1,1
46,2,495,267,12,6,1,1,1
46,4,493,424,8,5,1,1,1
46,42,1,447,8,7,1,1,1
47,2,495,266,11,6,1,1,1
47,4,493,424,8,4,1,1,1
47,42,1,447,8,7,1,1,1
48,2,495,266,11,6,1,1,1
48,4,493,424,8,4,1,1,1
48,42,1,447,8,7,1,1,1
49,2,495,265,11,6,1,1,1
49,4,493,424,8,5,1,1,1
49,42,1,447,8,7,1,1,1
50,2,495,265,11,6,1,1,1
50,4,493,424,8,5,1,1,1
50,42,1,447,8,7,1,1,1
51,2,495,263,11,6,1,1,1
52,2,495,263,11,6,1,1,1
53,2,494,262,12,6,1,1,1
53,4,492,424,9,5,1,1,1
54,2,494,262,12,6,1,1,1
54,4,492,424,9,5,1,1,1
55,2,494,260,12,7,1,1,1
55,4,492,423,9,6,1,1,1
56,2,494,260,12,7,1,1,1
56,4,492,423,9,6,1,1,1
57,2,493,259,13,7,1,1,1
57,4,492,423,9,5,1,1,1
58,2,493,259,13,7,1,1,1
58,4,492,423,9,5,1,1,1
59,2,493,258,12,6,1,1,1
59,4,492,423,9,6,1,1,1
60,2,493,258,12,6,1,1,1
60,4,492,423,9,6,1,1,1
61,2,493,256,12,7,1,1,1
61,4,492,423,9,6,1,1,1
62,2,493,256,12,7,1,1,1
62,4,492,423,9,6,1,1,1
63,2,492,254,13,7,1,1,1
63,4,493,423,8,6,1,1,1
64,2,492,254,13,7,1,1,1
64,4,493,423,8,6,1,1,1
65,2,492,253,11,6,1,1,1
65,4,493,423,8,6,1,1,1
66,2,492,253,11,6,1,1,1
66,4,493,423,8,6,1,1,1
67,2,490,251,12,6,1,1,1
67,4,492,423,9,5,1,1,1
68,2,490,251,12,6,1,1,1
68,4,492,423,9,5,1,1,1
69,2,490,249,11,6,1,1,1
69,4,493,424,8,4,1,1,1
70,2,490,249,11,6,1,1,1
70,4,493,424,8,4,1,1,1
71,2,486,247,12,7,1,1,1
71,4,493,424,8,5,1,1,1
71,71,562,8,9,5,1,1,1
72,2,486,247,12,7,1,1,1
72,4,493,424,8,5,1,1,1
72,71,562,8,9,5,1,1,1
73,2,485,245,13,7,1,1,1
73,71,563,7,8,5,1,1,1
74,2,485,245,13,7,1,1,1
74,71,563,7,8,5,1,1,1
77,76,551,5,10,6,1,1,1
78,76,551,5,10,6,1,1,1
79,76,552,4,10,6,1,1,1
79,79,455,240,10,6,1,1,1
80,76,552,4,10,6,1,1,1
80,79,455,240,10,6,1,1,1
81,71,563,2,10,6,1,1,1
81,79,454,238,10,6,1,1,1
82,71,563,2,10,6,1,1,1
82,79,454,238,10,6,1,1,1
83,71,566,0,11,7,1,1,1
83,79,453,236,10,6,1,1,1
84,71,566,0,11,7,1,1,1
84,79,453,236,10,6,1,1,1
85,71,566,0,11,6,1,1,1
85,79,451,234,10,6,1,1,1
86,71,566,0,11,6,1,1,1
86,79,451,234,10,6,1,1,1
87,79,450,231,11,7,1,1,1
87,85,576,0,11,6,1,1,1
88,79,450,231,11,7,1,1,1
88,85,576,0,11,6,1,1,1
89,79,448,229,11,6,1,1,1
89,85,581,0,10,5,1,1,1
90,79,448,229,11,6,1,1,1
90,85,581,0,10,5,1,1,1
91,79,447,227,11,6,1,1,1
91,85,580,0,9,4,1,1,1
92,79,447,227,11,6,1,1,1
92,85,580,0,9,4,1,1,1
93,85,581,0,9,4,1,1,1
94,85,581,0,9,4,1,1,1
95,92,567,0,13,5,1,1,1
96,92,567,0,13,5,1,1,1
97,92,570,0,13,6,1,1,1
97,96,416,220,10,6,1,1,1
98,92,570,0,13,6,1,1,1
98,96,416,220,10,6,1,1,1
99,92,575,0,12,5,1,1,1
99,96,416,219,10,6,1,1,1
100,92,575,0,12,5,1,1,1
100,96,416,219,10,6,1,1,1
101,92,580,0,11,5,1,1,1
101,98,411,214,14,7,1,1,1
102,92,580,0,11,5,1,1,1
102,98,411,214,14,7,1,1,1
103,85,585,0,12,5,1,1,1
103,92,583,0,11,4,1,1,1
103,98,411,212,12,6,1,1,1
104,85,585,0,12,5,1,1,1
104,92,583,0,11,4,1,1,1
104,98,411,212,12,6,1,1,1
105,85,589,0,11,6,1,1,1
105,98,410,209,12,6,1,1,1
106,85,589,0,11,6,1,1,1
106,98,410,209,12,6,1,1,1
107,85,593,0,11,6,1,1,1
107,98,408,206,13,7,1,1,1
108,85,593,0,11,6,1,1,1
108,98,408,206,13,7,1,1,1
109,85,597,0,11,6,1,1,1
109,98,407,204,12,6,1,1,1
110,85,597,0,11,6,1,1,1
110,98,407,204,12,6,1,1,1
111,85,599,0,11,6,1,1,1
111,98,405,201,13,7,1,1,1
112,85,599,0,11,6,1,1,1
112,98,405,201,13,7,1,1,1
113,98,403,198,14,7,1,1,1
113,106,606,2,12,6,1,1,1
114,98,403,198,14,7,1,1,1
114,106,606,2,12,6,1,1,1
115,98,402,195,13,7,1,1,1
115,106,609,2,13,7,1,1,1
116,98,402,195,13,7,1,1,1
116,106,609,2,13,7,1,1,1
117,98,400,192,13,7,1,1,1
117,106,614,3,13,7,1,1,1
118,98,400,192,13,7,1,1,1
118,106,614,3,13,7,1,1,1
119,98,399,189,12,7,1,1,1
119,106,619,5,11,6,1,1,1
120,98,399,189,12,7,1,1,1
120,106,619,5,11,6,1,1,1
121,98,397,187,13,6,1,1,1
121,106,623,6,11,6,1,1,1
122,98,397,187,13,6,1,1,1
122,106,623,6,11,6,1,1,1
123,98,396,184,12,7,1,1,1
123,106,627,7,11,6,1,1,1
124,98,396,184,12,7,1,1,1
124,106,627,7,11,6,1,1,1
125,98,395,181,11,7,1,1,1
125,106,630,9,9,6,1,1,1
126,98,395,181,11,7,1,1,1
126,106,630,9,9,6,1,1,1
127,98,394,179,11,6,1,1,1
127,106,632,11,7,6,1,1,1
128,98,394,179,11,6,1,1,1
128,106,632,11,7,6,1,1,1
129,98,392,176,11,6,1,1,1
129,106,635,12,4,6,1,1,1
130,98,392,176,11,6,1,1,1
130,106,635,12,4,6,1,1,1
131,98,390,173,13,6,1,1,1
132,98,390,173,13,6,1,1,1
133,98,389,170,12,7,1,1,1
134,98,389,170,12,7,1,1,1
135,98,387,167,11,7,1,1,1
136,98,387,167,11,7,1,1,1
137,98,385,165,12,6,1,1,1
138,98,385,165,12,6,1,1,1
143,124,355,157,12,7,1,1,1
144,124,355,157,12,7,1,1,1
145,124,354,156,13,7,1,1,1
146,124,354,156,13,7,1,1,1
147,132,350,151,14,7,1,1,1
147,133,631,35,8,7,1,1,1
147,135,402,79,10,6,1,1,1
148,132,350,151,14,7,1,1,1
148,133,631,35,8,7,1,1,1
148,135,402,79,10,6,1,1,1
149,132,349,150,14,7,1,1,1
149,133,631,36,8,7,1,1,1
149,135,402,78,10,6,1,1,1
150,132,349,150,14,7,1,1,1
150,133,631,36,8,7,1,1,1
150,135,402,78,10,6,1,1,1
155,148,320,141,10,6,1,1,1
156,148,320,141,10,6,1,1,1
157,148,320,140,10,6,1,1,1
157,152,384,67,10,6,1,1,1
158,148,320,140,10,6,1,1,1
158,152,384,67,10,6,1,1,1
159,152,385,66,10,6,1,1,1
159,155,316,135,13,7,1,1,1
160,152,385,66,10,6,1,1,1
160,155,316,135,13,7,1,1,1
161,155,316,133,11,6,1,1,1
161,157,390,63,9,6,1,1,1
162,155,316,133,11,6,1,1,1
162,157,390,63,9,6,1,1,1
163,155,315,130,11,6,1,1,1
163,157,390,62,9,6,1,1,1
164,155,315,130,11,6,1,1,1
164,157,390,62,9,6,1,1,1
165,155,313,127,12,7,1,1,1
165,164,393,58,10,7,1,1,1
166,155,313,127,12,7,1,1,1
166,164,393,58,10,7,1,1,1
167,155,312,125,12,6,1,1,1
167,164,395,56,10,7,1,1,1
168,155,312,125,12,6,1,1,1
168,164,395,56,10,7,1,1,1
169,155,311,122,12,7,1,1,1
169,164,397,55,10,6,1,1,1
170,155,311,122,12,7,1,1,1
170,164,397,55,10,6,1,1,1
171,155,311,119,11,7,1,1,1
171,164,400,53,9,6,1,1,1
172,155,311,119,11,7,1,1,1
172,164,400,53,9,6,1,1,1
173,155,310,117,12,6,1,1,1
173,164,402,51,9,6,1,1,1
174,155,310,117,12,6,1,1,1
174,164,402,51,9,6,1,1,1
175,155,309,114,12,7,1,1,1
175,164,404,50,9,6,1,1,1
176,155,309,114,12,7,1,1,1
176,164,404,50,9,6,1,1,1
177,155,308,112,12,7,1,1,1
177,164,405,49,10,6,1,1,1
178,155,308,112,12,7,1,1,1
178,164,405,49,10,6,1,1,1
179,155,307,110,13,7,1,1,1
179,164,408,47,9,7,1,1,1
180,155,307,110,13,7,1,1,1
180,164,408,47,9,7,1,1,1
181,155,307,107,12,7,1,1,1
181,164,410,46,9,6,1,1,1
182,155,307,107,12,7,1,1,1
182,164,410,46,9,6,1,1,1
183,155,302,105,12,7,1,1,1
183,164,408,45,10,6,1,1,1
184,155,302,105,12,7,1,1,1
184,164,408,45,10,6,1,1,1
185,155,301,103,12,7,1,1,1
185,164,410,44,9,6,1,1,1
186,155,301,103,12,7,1,1,1
186,164,410,44,9,6,1,1,1
195,203,240,94,11,6,1,1,1
195,205,362,43,9,6,1,1,1
196,203,240,94,11,6,1,1,1
196,205,362,43,9,6,1,1,1
197,203,239,92,11,6,1,1,1
197,205,363,43,11,6,1,1,1
198,203,239,92,11,6,1,1,1
198,205,363,43,11,6,1,1,1
199,203,238,89,12,7,1,1,1
199,205,365,42,11,7,1,1,1
200,203,238,89,12,7,1,1,1
200,205,365,42,11,7,1,1,1
201,203,237,87,12,7,1,1,1
201,205,367,42,11,7,1,1,1
202,203,237,87,12,7,1,1,1
202,205,367,42,11,7,1,1,1
203,203,237,85,11,7,1,1,1
203,205,369,42,11,7,1,1,1
204,203,237,85,11,7,1,1,1
204,205,369,42,11,7,1,1,1
205,203,236,84,11,6,1,1,1
205,205,371,42,11,7,1,1,1
206,203,236,84,11,6,1,1,1
206,205,371,42,11,7,1,1,1
207,203,236,82,10,6,1,1,1
207,205,373,42,11,7,1,1,1
208,203,236,82,10,6,1,1,1
208,205,373,42,11,7,1,1,1
209,203,235,80,12,6,1,1,1
209,205,374,43,11,6,1,1,1
210,203,235,80,12,6,1,1,1
210,205,374,43,11,6,1,1,1
211,203,235,78,10,7,1,1,1
211,205,376,43,11,6,1,1,1
212,203,235,78,10,7,1,1,1
212,205,376,43,11,6,1,1,1
213,203,235,76,10,7,1,1,1
213,205,378,44,11,6,1,1,1
213,222,358,437,10,6,1,1,1
214,203,235,76,10,7,1,1,1
214,205,378,44,11,6,1,1,1
214,222,358,437,10,6,1,1,1
215,203,233,75,12,6,1,1,1
215,205,380,44,11,6,1,1,1
215,222,357,437,10,6,1,1,1
216,203,233,75,12,6,1,1,1
216,205,380,44,11,6,1,1,1
216,222,357,437,10,6,1,1,1
217,203,233,73,11,7,1,1,1
217,205,381,45,11,6,1,1,1
218,203,233,73,11,7,1,1,1
218,205,381,45,11,6,1,1,1
219,203,233,72,11,6,1,1,1
219,205,383,46,11,6,1,1,1
220,203,233,72,11,6,1,1,1
220,205,383,46,11,6,1,1,1
221,203,232,71,12,6,1,1,1
221,205,384,47,11,6,1,1,1
222,203,232,71,12,6,1,1,1
222,205,384,47,11,6,1,1,1
223,203,232,69,12,7,1,1,1
223,205,386,48,11,6,1,1,1
224,203,232,69,12,7,1,1,1
224,205,386,48,11,6,1,1,1
225,203,231,68,12,7,1,1,1
225,205,388,49,11,6,1,1,1
226,203,231,68,12,7,1,1,1
226,205,388,49,11,6,1,1,1
227,203,231,67,11,7,1,1,1
227,205,390,50,10,6,1,1,1
228,203,231,67,11,7,1,1,1
228,205,390,50,10,6,1,1,1
229,157,392,53,8,5,1,1,1
229,203,231,66,10,6,1,1,1
229,205,391,51,10,6,1,1,1
230,157,392,53,8,5,1,1,1
230,203,231,66,10,6,1,1,1
230,205,391,51,10,6,1,1,1
231,152,392,53,10,6,1,1,1
231,157,392,52,8,6,1,1,1
231,203,231,65,10,6,1,1,1
232,152,392,53,10,6,1,1,1
232,157,392,52,8,6,1,1,1
232,203,231,65,10,6,1,1,1
233,135,394,55,10,6,1,1,1
233,152,393,53,10,6,1,1,1
233,203,230,64,10,6,1,1,1
234,135,394,55,10,6,1,1,1
234,152,393,53,10,6,1,1,1
234,203,230,64,10,6,1,1,1
235,135,395,56,10,6,1,1,1
235,203,230,63,10,6,1,1,1
236,135,395,56,10,6,1,1,1
236,203,230,63,10,6,1,1,1
237,135,395,56,10,6,1,1,1
237,203,229,62,10,6,1,1,1
238,135,395,56,10,6,1,1,1
238,203,229,62,10,6,1,1,1
239,203,229,61,10,6,1,1,1
239,239,399,60,9,6,1,1,1
240,203,229,61,10,6,1,1,1
240,239,399,60,9,6,1,1,1
241,203,228,60,10,6,1,1,1
241,239,400,62,8,5,1,1,1
242,203,228,60,10,6,1,1,1
242,239,400,62,8,5,1,1,1
243,203,228,59,10,6,1,1,1
243,239,402,64,8,5,1,1,1
244,203,228,59,10,6,1,1,1
244,239,402,64,8,5,1,1,1
245,203,227,58,11,6,1,1,1
245,239,403,66,9,6,1,1,1
246,203,227,58,11,6,1,1,1
246,239,403,66,9,6,1,1,1
247,203,226,57,12,7,1,1,1
247,239,404,68,9,6,1,1,1
248,203,226,57,12,7,1,1,1
248,239,404,68,9,6,1,1,1
249,203,226,56,12,7,1,1,1
249,239,405,70,9,6,1,1,1
250,203,226,56,12,7,1,1,1
250,239,405,70,9,6,1,1,1
251,203,225,55,12,7,1,1,1
251,239,407,73,9,6,1,1,1
252,203,225,55,12,7,1,1,1
252,239,407,73,9,6,1,1,1
253,203,226,55,10,6,1,1,1
253,239,408,75,9,6,1,1,1
254,203,226,55,10,6,1,1,1
254,239,408,75,9,6,1,1,1
255,203,225,54,12,7,1,1,1
255,239,408,78,10,6,1,1,1
256,203,225,54,12,7,1,1,1
256,239,408,78,10,6,1,1,1
257,203,225,54,11,6,1,1,1
257,239,409,80,10,6,1,1,1
258,203,225,54,11,6,1,1,1
258,239,409,80,10,6,1,1,1
259,203,226,53,10,6,1,1,1
259,239,410,83,10,6,1,1,1
260,203,226,53,10,6,1,1,1
260,239,410,83,10,6,1,1,1
261,203,225,53,11,6,1,1,1
261,239,411,86,10,6,1,1,1
262,203,225,53,11,6,1,1,1
262,239,411,86,10,6,1,1,1
263,203,225,52,11,7,1,1,1
263,239,412,89,10,6,1,1,1
264,203,225,52,11,7,1,1,1
264,239,412,89,10,6,1,1,1
265,203,225,52,10,6,1,1,1
265,239,413,92,9,6,1,1,1
266,203,225,52,10,6,1,1,1
266,239,413,92,9,6,1,1,1
267,203,225,52,10,6,1,1,1
267,239,414,95,9,6,1,1,1
268,203,225,52,10,6,1,1,1
268,239,414,95,9,6,1,1,1
269,203,225,52,10,6,1,1,1
269,239,414,98,10,6,1,1,1
270,203,225,52,10,6,1,1,1
270,239,414,98,10,6,1,1,1
271,203,224,52,12,6,1,1,1
271,239,415,101,9,6,1,1,1
272,203,224,52,12,6,1,1,1
272,239,415,101,9,6,1,1,1
273,203,224,51,12,7,1,1,1
273,239,415,104,10,6,1,1,1
274,203,224,51,12,7,1,1,1
274,239,415,104,10,6,1,1,1
275,203,224,51,12,7,1,1,1
275,239,416,108,9,6,1,1,1
276,203,224,51,12,7,1,1,1
276,239,416,108,9,6,1,1,1
277,203,224,52,11,6,1,1,1
277,239,416,111,9,6,1,1,1
278,203,224,52,11,6,1,1,1
278,239,416,111,9,6,1,1,1
279,203,224,52,11,6,1,1,1
279,239,416,114,9,6,1,1,1
280,203,224,52,11,6,1,1,1
280,239,416,114,9,6,1,1,1
281,124,416,118,9,6,1,1,1
281,203,224,52,10,6,1,1,1
281,239,417,117,9,6,1,1,1
282,124,416,118,9,6,1,1,1
282,203,224,52,10,6,1,1,1
282,239,417,117,9,6,1,1,1
283,124,418,118,9,5,1,1,1
283,203,223,52,12,7,1,1,1
283,239,417,121,9,6,1,1,1
284,124,418,118,9,5,1,1,1
284,203,223,52,12,7,1,1,1
284,239,417,121,9,6,1,1,1
285,203,223,53,11,6,1,1,1
285,239,417,125,8,5,1,1,1
286,203,223,53,11,6,1,1,1
286,239,417,125,8,5,1,1,1
287,203,223,53,11,6,1,1,1
287,239,417,128,9,6,1,1,1
288,203,223,53,11,6,1,1,1
288,239,417,128,9,6,1,1,1
289,203,223,54,10,6,1,1,1
289,239,417,132,9,6,1,1,1
290,203,223,54,10,6,1,1,1
290,239,417,132,9,6,1,1,1
291,203,223,54,10,6,1,1,1
291,239,417,136,9,6,1,1,1
292,203,223,54,10,6,1,1,1
292,239,417,136,9,6,1,1,1
293,203,223,55,10,6,1,1,1
293,239,417,140,8,5,1,1,1
294,203,223,55,10,6,1,1,1
294,239,417,140,8,5,1,1,1
295,203,223,55,10,6,1,1,1
295,239,416,143,9,6,1,1,1
296,203,223,55,10,6,1,1,1
296,239,416,143,9,6,1,1,1
297,203,223,56,10,6,1,1,1
297,239,416,147,9,6,1,1,1
298,203,223,56,10,6,1,1,1
298,239,416,147,9,6,1,1,1
299,203,223,57,10,6,1,1,1
299,239,416,151,8,6,1,1,1
300,203,223,57,10,6,1,1,1
300,239,416,151,8,6,1,1,1
301,203,222,57,11,7,1,1,1
301,239,415,155,9,6,1,1,1
302,203,222,57,11,7,1,1,1
302,239,415,155,9,6,1,1,1
303,203,222,58,11,7,1,1,1
303,239,415,159,8,6,1,1,1
304,203,222,58,11,7,1,1,1
304,239,415,159,8,6,1,1,1
305,203,221,59,12,7,1,1,1
305,239,414,163,9,6,1,1,1
306,203,221,59,12,7,1,1,1
306,239,414,163,9,6,1,1,1
307,203,222,60,10,7,1,1,1
307,239,414,167,9,6,1,1,1
308,203,222,60,10,7,1,1,1
308,239,414,167,9,6,1,1,1
309,203,221,61,11,6,1,1,1
309,239,413,171,9,6,1,1,1
310,203,221,61,11,6,1,1,1
310,239,413,171,9,6,1,1,1
311,203,221,62,10,6,1,1,1
311,239,412,175,9,6,1,1,1
312,203,221,62,10,6,1,1,1
312,239,412,175,9,6,1,1,1
313,203,221,63,10,6,1,1,1
313,239,411,179,9,6,1,1,1
314,203,221,63,10,6,1,1,1
314,239,411,179,9,6,1,1,1
315,203,221,64,10,6,1,1,1
315,239,410,183,10,6,1,1,1
316,203,221,64,10,6,1,1,1
316,239,410,183,10,6,1,1,1
317,203,221,65,10,6,1,1,1
317,239,409,187,10,6,1,1,1
318,203,221,65,10,6,1,1,1
318,239,409,187,10,6,1,1,1
319,203,221,66,11,7,1,1,1
319,222,359,427,8,5,1,1,1
319,239,408,192,9,5,1,1,1
320,203,221,66,11,7,1,1,1
320,222,359,427,8,5,1,1,1
320,239,408,192,9,5,1,1,1
321,203,221,68,10,6,1,1,1
321,222,359,426,8,5,1,1,1
321,239,407,196,9,6,1,1,1
322,203,221,68,10,6,1,1,1
322,222,359,426,8,5,1,1,1
322,239,407,196,9,6,1,1,1
323,203,221,69,10,6,1,1,1
323,239,406,200,9,6,1,1,1
324,203,221,69,10,6,1,1,1
324,239,406,200,9,6,1,1,1
325,203,221,70,10,6,1,1,1
325,239,404,204,10,6,1,1,1
326,203,221,70,10,6,1,1,1
326,239,404,204,10,6,1,1,1
327,203,220,71,11,7,1,1,1
327,239,403,208,9,6,1,1,1
328,203,220,71,11,7,1,1,1
328,239,403,208,9,6,1,1,1
329,203,220,73,11,6,1,1,1
329,239,402,213,9,6,1,1,1
330,203,220,73,11,6,1,1,1
330,239,402,213,9,6,1,1,1
331,203,220,75,10,6,1,1,1
331,239,400,217,9,6,1,1,1
332,203,220,75,10,6,1,1,1
332,239,400,217,9,6,1,1,1
333,203,220,76,10,6,1,1,1
333,239,399,221,9,6,1,1,1
334,203,220,76,10,6,1,1,1
334,239,399,221,9,6,1,1,1
335,203,220,78,10,6,1,1,1
335,239,397,226,9,6,1,1,1
336,203,220,78,10,6,1,1,1
336,239,397,226,9,6,1,1,1
337,203,219,79,10,6,1,1,1
337,239,396,230,9,6,1,1,1
338,203,219,79,10,6,1,1,1
338,239,396,230,9,6,1,1,1
339,203,219,81,10,6,1,1,1
339,239,394,235,9,5,1,1,1
340,203,219,81,10,6,1,1,1
340,239,394,235,9,5,1,1,1
341,203,219,82,10,6,1,1,1
341,239,392,239,9,6,1,1,1
342,203,219,82,10,6,1,1,1
342,239,392,239,9,6,1,1,1
343,203,218,84,11,6,1,1,1
343,239,390,243,10,6,1,1,1
344,203,218,84,11,6,1,1,1
344,239,390,243,10,6,1,1,1
345,203,218,86,10,6,1,1,1
345,239,389,248,9,5,1,1,1
346,203,218,86,10,6,1,1,1
346,239,389,248,9,5,1,1,1
347,203,217,88,11,6,1,1,1
347,239,387,252,9,6,1,1,1
348,203,217,88,11,6,1,1,1
348,239,387,252,9,6,1,1,1
349,203,216,89,12,7,1,1,1
349,239,385,256,9,6,1,1,1
350,203,216,89,12,7,1,1,1
350,239,385,256,9,6,1,1,1
351,203,217,91,10,7,1,1,1
351,239,384,261,10,6,1,1,1
352,203,217,91,10,7,1,1,1
352,239,384,261,10,6,1,1,1
353,203,217,93,10,6,1,1,1
353,239,382,265,10,6,1,1,1
354,203,217,93,10,6,1,1,1
354,239,382,265,10,6,1,1,1
375,356,317,116,10,6,1,1,1
376,356,317,116,10,6,1,1,1
377,356,316,119,10,6,1,1,1
377,358,171,239,9,6,1,1,1
378,356,316,119,10,6,1,1,1
378,358,171,239,9,6,1,1,1
379,356,315,121,10,6,1,1,1
379,358,170,236,9,6,1,1,1
380,356,315,121,10,6,1,1,1
380,358,170,236,9,6,1,1,1
381,356,314,123,10,6,1,1,1
381,358,169,233,9,6,1,1,1
382,356,314,123,10,6,1,1,1
382,358,169,233,9,6,1,1,1
383,356,313,125,10,6,1,1,1
383,358,168,230,8,5,1,1,1
384,356,313,125,10,6,1,1,1
384,358,168,230,8,5,1,1,1
385,356,312,128,10,6,1,1,1
385,358,167,227,8,5,1,1,1
386,356,312,128,10,6,1,1,1
386,358,167,227,8,5,1,1,1
387,356,311,130,10,6,1,1,1
387,358,166,224,8,5,1,1,1
388,356,311,130,10,6,1,1,1
388,358,166,224,8,5,1,1,1
389,356,309,132,11,7,1,1,1
389,358,165,221,8,5,1,1,1
390,356,309,132,11,7,1,1,1
390,358,165,221,8,5,1,1,1
391,356,308,135,10,6,1,1,1
391,358,164,217,9,6,1,1,1
392,356,308,135,10,6,1,1,1
392,358,164,217,9,6,1,1,1
393,356,307,138,10,6,1,1,1
393,358,163,214,8,6,1,1,1
394,356,307,138,10,6,1,1,1
394,358,163,214,8,6,1,1,1
395,356,305,140,10,6,1,1,1
395,358,162,211,9,6,1,1,1
396,356,305,140,10,6,1,1,1
396,358,162,211,9,6,1,1,1
397,356,303,143,10,6,1,1,1
397,358,161,209,10,5,1,1,1
398,356,303,143,10,6,1,1,1
398,358,161,209,10,5,1,1,1
399,356,301,146,10,6,1,1,1
399,358,160,206,10,6,1,1,1
400,356,301,146,10,6,1,1,1
400,358,160,206,10,6,1,1,1
401,356,300,149,9,6,1,1,1
401,358,160,203,9,6,1,1,1
402,356,300,149,9,6,1,1,1
402,358,160,203,9,6,1,1,1
403,356,297,152,10,5,1,1,1
403,358,159,200,9,6,1,1,1
404,356,297,152,10,5,1,1,1
404,358,159,200,9,6,1,1,1
405,356,295,154,10,6,1,1,1
405,358,159,198,8,5,1,1,1
406,356,295,154,10,6,1,1,1
406,358,159,198,8,5,1,1,1
407,356,293,157,10,6,1,1,1
407,358,158,195,9,6,1,1,1
408,356,293,157,10,6,1,1,1
408,358,158,195,9,6,1,1,1
409,356,291,160,9,6,1,1,1
409,358,157,193,10,6,1,1,1
410,356,291,160,9,6,1,1,1
410,358,157,193,10,6,1,1,1
411,356,288,163,10,5,1,1,1
411,358,157,190,8,6,1,1,1
412,356,288,163,10,5,1,1,1
412,358,157,190,8,6,1,1,1
413,356,286,165,10,6,1,1,1
413,358,157,188,8,5,1,1,1
414,356,286,165,10,6,1,1,1
414,358,157,188,8,5,1,1,1
415,222,378,394,11,6,1,1,1
415,356,284,168,10,6,1,1,1
415,358,155,186,10,5,1,1,1
416,222,378,394,11,6,1,1,1
416,356,284,168,10,6,1,1,1
416,358,155,186,10,5,1,1,1
417,222,379,393,10,6,1,1,1
417,356,281,171,10,6,1,1,1
417,358,155,183,9,6,1,1,1
418,222,379,393,10,6,1,1,1
418,356,281,171,10,6,1,1,1
418,358,155,183,9,6,1,1,1
419,356,278,174,10,6,1,1,1
419,358,155,181,8,6,1,1,1
420,356,278,174,10,6,1,1,1
420,358,155,181,8,6,1,1,1
421,356,278,177,10,5,1,1,1
421,358,156,179,9,5,1,1,1
421,383,160,467,9,6,1,1,1
422,356,278,177,10,5,1,1,1
422,358,156,179,9,5,1,1,1
422,383,160,467,9,6,1,1,1
423,356,276,179,10,6,1,1,1
423,358,156,176,9,6,1,1,1
423,383,161,465,10,7,1,1,1
424,356,276,179,10,6,1,1,1
424,358,156,176,9,6,1,1,1
424,383,161,465,10,7,1,1,1
425,383,165,464,9,6,1,1,1
426,383,165,464,9,6,1,1,1
427,383,166,463,9,6,1,1,1
427,387,176,173,9,6,1,1,1
427,388,290,185,11,6,1,1,1
428,383,166,463,9,6,1,1,1
428,387,176,173,9,6,1,1,1
428,388,290,185,11,6,1,1,1
429,387,176,171,9,6,1,1,1
429,388,290,186,11,6,1,1,1
430,387,176,171,9,6,1,1,1
430,388,290,186,11,6,1,1,1
431,387,175,169,9,6,1,1,1
432,387,175,169,9,6,1,1,1
433,387,175,167,8,6,1,1,1
434,387,175,167,8,6,1,1,1
435,387,174,165,9,6,1,1,1
436,387,174,165,9,6,1,1,1
437,387,174,163,8,6,1,1,1
438,387,174,163,8,6,1,1,1
439,387,173,162,9,5,1,1,1
440,387,173,162,9,5,1,1,1
441,387,173,160,8,6,1,1,1
442,387,173,160,8,6,1,1,1
443,387,172,159,8,5,1,1,1
444,387,172,159,8,5,1,1,1
445,387,171,157,9,5,1,1,1
446,387,171,157,9,5,1,1,1
447,356,255,216,11,6,1,1,1
447,387,170,155,9,6,1,1,1
448,356,255,216,11,6,1,1,1
448,387,170,155,9,6,1,1,1
449,356,252,219,10,6,1,1,1
449,387,170,154,9,6,1,1,1
450,356,252,219,10,6,1,1,1
450,387,170,154,9,6,1,1,1
451,356,248,222,11,6,1,1,1
451,387,169,152,10,6,1,1,1
452,356,248,222,11,6,1,1,1
452,387,169,152,10,6,1,1,1
453,356,245,225,11,7,1,1,1
453,387,169,151,9,6,1,1,1
454,356,245,225,11,7,1,1,1
454,387,169,151,9,6,1,1,1
455,356,240,228,12,7,1,1,1
455,387,169,150,9,6,1,1,1
456,356,240,228,12,7,1,1,1
456,387,169,150,9,6,1,1,1
457,356,237,232,10,7,1,1,1
457,387,169,149,8,6,1,1,1
458,356,237,232,10,7,1,1,1
458,387,169,149,8,6,1,1,1
459,356,233,235,10,7,1,1,1
459,387,168,148,9,6,1,1,1
460,356,233,235,10,7,1,1,1
460,387,168,148,9,6,1,1,1
461,356,229,238,10,7,1,1,1
461,387,168,147,9,6,1,1,1
462,356,229,238,10,7,1,1,1
462,387,168,147,9,6,1,1,1
463,356,225,242,10,6,1,1,1
463,387,168,146,9,6,1,1,1
464,356,225,242,10,6,1,1,1
464,387,168,146,9,6,1,1,1
465,356,220,245,10,6,1,1,1
465,387,168,146,8,5,1,1,1
466,356,220,245,10,6,1,1,1
466,387,168,146,8,5,1,1,1
467,356,216,248,11,6,1,1,1
467,387,167,145,9,6,1,1,1
468,356,216,248,11,6,1,1,1
468,387,167,145,9,6,1,1,1
469,356,212,251,10,6,1,1,1
469,387,168,145,8,5,1,1,1
470,356,212,251,10,6,1,1,1
470,387,168,145,8,5,1,1,1
471,356,207,254,11,7,1,1,1
471,387,167,144,9,6,1,1,1
472,356,207,254,11,7,1,1,1
472,387,167,144,9,6,1,1,1
473,356,203,257,10,7,1,1,1
473,387,167,143,9,6,1,1,1
474,356,203,257,10,7,1,1,1
474,387,167,143,9,6,1,1,1
475,356,198,260,10,7,1,1,1
475,387,166,143,10,6,1,1,1
476,356,198,260,10,7,1,1,1
476,387,166,143,10,6,1,1,1
477,356,194,264,10,6,1,1,1
477,387,167,143,8,5,1,1,1
478,356,194,264,10,6,1,1,1
478,387,167,143,8,5,1,1,1
479,356,190,267,10,6,1,1,1
479,387,166,142,10,6,1,1,1
480,356,190,267,10,6,1,1,1
480,387,166,142,10,6,1,1,1
481,356,185,270,10,6,1,1,1
481,387,166,142,10,6,1,1,1
482,356,185,270,10,6,1,1,1
482,387,166,142,10,6,1,1,1
483,356,180,273,10,6,1,1,1
483,387,166,142,10,6,1,1,1
484,356,180,273,10,6,1,1,1
484,387,166,142,10,6,1,1,1
485,356,176,276,10,6,1,1,1
485,387,166,142,10,6,1,1,1
486,356,176,276,10,6,1,1,1
486,387,166,142,10,6,1,1,1
487,356,172,279,10,6,1,1,1
487,387,167,142,10,6,1,1,1
488,356,172,279,10,6,1,1,1
488,387,167,142,10,6,1,1,1
489,356,168,282,10,6,1,1,1
489,387,167,142,10,6,1,1,1
489,428,179,486,10,7,1,1,1
490,356,168,282,10,6,1,1,1
490,387,167,142,10,6,1,1,1
490,428,179,486,10,7,1,1,1
491,428,182,487,9,7,1,1,1
492,428,182,487,9,7,1,1,1
493,428,182,488,9,6,1,1,1
493,433,181,287,10,6,1,1,1
493,435,190,144,10,5,1,1,1
494,428,182,488,9,6,1,1,1
494,433,181,287,10,6,1,1,1
494,435,190,144,10,5,1,1,1
495,428,183,489,8,6,1,1,1
495,433,181,288,10,6,1,1,1
495,435,189,144,12,5,1,1,1
496,428,183,489,8,6,1,1,1
496,433,181,288,10,6,1,1,1
496,435,189,144,12,5,1,1,1
497,435,190,144,12,6,1,1,1
498,435,190,144,12,6,1,1,1
499,435,190,144,12,7,1,1,1
500,435,190,144,12,7,1,1,1
501,435,191,145,11,6,1,1,1
502,435,191,145,11,6,1,1,1
503,435,191,146,12,5,1,1,1
504,435,191,146,12,5,1,1,1
505,435,192,146,11,6,1,1,1
506,435,192,146,11,6,1,1,1
507,435,192,147,11,6,1,1,1
508,435,192,147,11,6,1,1,1
509,435,194,148,9,6,1,1,1
510,435,194,148,9,6,1,1,1
511,435,194,149,10,5,1,1,1
512,435,194,149,10,5,1,1,1
513,435,195,150,9,5,1,1,1
514,435,195,150,9,5,1,1,1
515,435,195,151,10,5,1,1,1
516,435,195,151,10,5,1,1,1
517,435,196,152,9,5,1,1,1
518,435,196,152,9,5,1,1,1
519,435,197,153,10,6,1,1,1
520,435,197,153,10,6,1,1,1
521,435,198,154,10,6,1,1,1
522,435,198,154,10,6,1,1,1
523,435,199,156,9,5,1,1,1
524,435,199,156,9,5,1,1,1
525,435,199,157,10,6,1,1,1
526,435,199,157,10,6,1,1,1
527,435,200,159,9,5,1,1,1
528,435,200,159,9,5,1,1,1
529,435,201,160,10,6,1,1,1
530,435,201,160,10,6,1,1,1
531,435,202,162,10,6,1,1,1
531,475,97,333,9,6,1,1,1
532,435,202,162,10,6,1,1,1
532,475,97,333,9,6,1,1,1
533,435,203,164,9,5,1,1,1
533,475,96,334,9,6,1,1,1
534,435,203,164,9,5,1,1,1
534,475,96,334,9,6,1,1,1
535,435,205,166,9,5,1,1,1
536,435,205,166,9,5,1,1,1
537,435,206,167,10,6,1,1,1
537,480,54,486,9,6,1,1,1
538,435,206,167,10,6,1,1,1
538,480,54,486,9,6,1,1,1
539,435,207,169,10,6,1,1,1
539,480,53,485,9,6,1,1,1
539,481,83,341,9,6,1,1,1
540,435,207,169,10,6,1,1,1
540,480,53,485,9,6,1,1,1
540,481,83,341,9,6,1,1,1
541,435,208,171,10,6,1,1,1
541,481,82,342,9,6,1,1,1
542,435,208,171,10,6,1,1,1
542,481,82,342,9,6,1,1,1
543,435,210,173,10,6,1,1,1
543,483,74,344,13,7,1,1,1
544,435,210,173,10,6,1,1,1
544,483,74,344,13,7,1,1,1
545,435,211,175,10,6,1,1,1
545,483,72,346,11,6,1,1,1
545,485,35,481,10,6,1,1,1
546,435,211,175,10,6,1,1,1
546,483,72,346,11,6,1,1,1
546,485,35,481,10,6,1,1,1
547,435,212,177,10,6,1,1,1
547,483,69,348,11,6,1,1,1
547,485,34,480,10,6,1,1,1
548,435,212,177,10,6,1,1,1
548,483,69,348,11,6,1,1,1
548,485,34,480,10,6,1,1,1
549,435,214,179,9,6,1,1,1
549,483,64,349,13,7,1,1,1
550,435,214,179,9,6,1,1,1
550,483,64,349,13,7,1,1,1
551,435,216,182,8,5,1,1,1
551,483,62,351,11,7,1,1,1
552,435,216,182,8,5,1,1,1
552,483,62,351,11,7,1,1,1
553,435,217,184,9,6,1,1,1
553,483,58,353,12,6,1,1,1
554,435,217,184,9,6,1,1,1
554,483,58,353,12,6,1,1,1
555,435,218,186,10,6,1,1,1
555,483,55,354,12,7,1,1,1
555,489,16,472,8,6,1,1,1
556,435,218,186,10,6,1,1,1
556,483,55,354,12,7,1,1,1
556,489,16,472,8,6,1,1,1
557,388,220,190,10,5,1,1,1
557,435,219,188,10,6,1,1,1
557,483,52,356,12,6,1,1,1
557,489,13,470,8,6,1,1,1
558,388,220,190,10,5,1,1,1
558,435,219,188,10,6,1,1,1
558,483,52,356,12,6,1,1,1
558,489,13,470,8,6,1,1,1
559,388,219,190,9,5,1,1,1
559,483,50,357,12,7,1,1,1
559,489,10,468,9,6,1,1,1
560,388,219,190,9,5,1,1,1
560,483,50,357,12,7,1,1,1
560,489,10,468,9,6,1,1,1
561,483,47,358,12,7,1,1,1
561,489,8,466,8,6,1,1,1
562,483,47,358,12,7,1,1,1
562,489,8,466,8,6,1,1,1
565,496,66,360,9,7,1,1,1
566,496,66,360,9,7,1,1,1
567,496,67,361,9,6,1,1,1
567,497,252,201,10,6,1,1,1
568,496,67,361,9,6,1,1,1
568,497,252,201,10,6,1,1,1
569,497,252,202,11,6,1,1,1
569,499,59,362,10,7,1,1,1
569,500,18,456,10,6,1,1,1
570,497,252,202,11,6,1,1,1
570,499,59,362,10,7,1,1,1
570,500,18,456,10,6,1,1,1
571,499,56,363,10,7,1,1,1
571,500,17,455,10,6,1,1,1
571,501,256,207,8,5,1,1,1
572,499,56,363,10,7,1,1,1
572,500,17,455,10,6,1,1,1
572,501,256,207,8,5,1,1,1
573,499,52,364,11,7,1,1,1
573,501,258,209,7,5,1,1,1
574,499,52,364,11,7,1,1,1
574,501,258,209,7,5,1,1,1
575,499,49,364,9,7,1,1,1
575,501,259,211,9,6,1,1,1
576,499,49,364,9,7,1,1,1
576,501,259,211,9,6,1,1,1
577,499,45,365,10,6,1,1,1
577,501,261,215,8,5,1,1,1
577,503,5,445,11,8,1,1,1
578,499,45,365,10,6,1,1,1
578,501,261,215,8,5,1,1,1
578,503,5,445,11,8,1,1,1
579,499,43,365,9,7,1,1,1
579,501,263,217,8,6,1,1,1
579,503,4,444,11,8,1,1,1
580,499,43,365,9,7,1,1,1
580,501,263,217,8,6,1,1,1
580,503,4,444,11,8,1,1,1
581,499,40,366,9,6,1,1,1
581,501,264,220,9,5,1,1,1
582,499,40,366,9,6,1,1,1
582,501,264,220,9,5,1,1,1
583,499,36,366,10,6,1,1,1
583,501,265,223,9,5,1,1,1
584,499,36,366,10,6,1,1,1
584,501,265,223,9,5,1,1,1
585,499,32,366,11,7,1,1,1
585,501,266,225,9,6,1,1,1
586,499,32,366,11,7,1,1,1
586,501,266,225,9,6,1,1,1
587,499,29,366,10,7,1,1,1
587,501,267,228,9,6,1,1,1
588,499,29,366,10,7,1,1,1
588,501,267,228,9,6,1,1,1
589,499,26,366,10,6,1,1,1
589,501,269,231,8,6,1,1,1
590,499,26,366,10,6,1,1,1
590,501,269,231,8,6,1,1,1
591,499,23,366,9,6,1,1,1
591,501,270,234,9,5,1,1,1
592,499,23,366,9,6,1,1,1
592,501,270,234,9,5,1,1,1
593,499,19,366,10,6,1,1,1
593,501,270,236,9,6,1,1,1
594,499,19,366,10,6,1,1,1
594,501,270,236,9,6,1,1,1
595,499,15,365,11,7,1,1,1
595,501,271,239,9,6,1,1,1
596,499,15,365,11,7,1,1,1
596,501,271,239,9,6,1,1,1
597,499,12,365,10,6,1,1,1
597,501,271,242,9,6,1,1,1
598,499,12,365,10,6,1,1,1
598,501,271,242,9,6,1,1,1
599,499,8,364,11,7,1,1,1
599,501,272,245,8,6,1,1,1
600,499,8,364,11,7,1,1,1
600,501,272,245,8,6,1,1,1
601,499,5,364,10,6,1,1,1
601,501,273,248,8,5,1,1,1
602,499,5,364,10,6,1,1,1
602,501,273,248,8,5,1,1,1
603,499,1,363,11,7,1,1,1
603,501,273,251,9,5,1,1,1
604,499,1,363,11,7,1,1,1
604,501,273,251,9,5,1,1,1
605,499,0,362,9,7,1,1,1
605,501,273,254,8,5,1,1,1
606,499,0,362,9,7,1,1,1
606,501,273,254,8,5,1,1,1
607,499,0,361,6,7,1,1,1
607,501,273,257,9,5,1,1,1
608,499,0,361,6,7,1,1,1
608,501,273,257,9,5,1,1,1
609,499,0,361,3,7,1,1,1
609,501,273,259,9,6,1,1,1
610,499,0,361,3,7,1,1,1
610,501,273,259,9,6,1,1,1
611,501,273,262,9,6,1,1,1
612,501,273,262,9,6,1,1,1
613,501,273,265,9,6,1,1,1
614,501,273,265,9,6,1,1,1
615,501,273,268,9,6,1,1,1
616,501,273,268,9,6,1,1,1
617,501,273,271,9,6,1,1,1
618,501,273,271,9,6,1,1,1
619,501,273,274,8,6,1,1,1
620,501,273,274,8,6,1,1,1
621,501,273,277,7,6,1,1,1
622,501,273,277,7,6,1,1,1
623,501,271,280,9,6,1,1,1
624,501,271,280,9,6,1,1,1
625,501,271,283,8,6,1,1,1
626,501,271,283,8,6,1,1,1
627,501,270,286,9,6,1,1,1
628,501,270,286,9,6,1,1,1
629,501,269,289,9,5,1,1,1
630,501,269,289,9,5,1,1,1
631,501,268,291,9,6,1,1,1
632,501,268,291,9,6,1,1,1
633,501,267,294,9,6,1,1,1
634,501,267,294,9,6,1,1,1
635,501,266,297,8,6,1,1,1
636,501,266,297,8,6,1,1,1
637,501,264,300,9,5,1,1,1
638,501,264,300,9,5,1,1,1
639,501,263,302,9,6,1,1,1
640,501,263,302,9,6,1,1,1
641,501,261,305,9,6,1,1,1
642,501,261,305,9,6,1,1,1
643,501,259,308,9,6,1,1,1
644,501,259,308,9,6,1,1,1
645,501,258,311,8,6,1,1,1
646,501,258,311,8,6,1,1,1
647,501,256,314,8,6,1,1,1
648,501,256,314,8,6,1,1,1
649,501,253,317,9,5,1,1,1
650,501,253,317,9,5,1,1,1
651,501,251,320,10,5,1,1,1
651,540,55,91,10,6,1,1,1
652,501,251,320,10,5,1,1,1
652,540,55,91,10,6,1,1,1
653,501,249,322,9,6,1,1,1
653,540,56,90,10,6,1,1,1
654,501,249,322,9,6,1,1,1
654,540,56,90,10,6,1,1,1
655,501,247,325,9,6,1,1,1
655,541,59,86,10,6,1,1,1
656,501,247,325,9,6,1,1,1
656,541,59,86,10,6,1,1,1
657,501,244,328,10,6,1,1,1
657,541,61,84,10,6,1,1,1
658,501,244,328,10,6,1,1,1
658,541,61,84,10,6,1,1,1
659,501,241,331,10,5,1,1,1
659,541,64,82,9,5,1,1,1
660,501,241,331,10,5,1,1,1
660,541,64,82,9,5,1,1,1
661,501,239,333,9,6,1,1,1
661,541,65,79,10,6,1,1,1
662,501,239,333,9,6,1,1,1
662,541,65,79,10,6,1,1,1
663,501,237,336,9,6,1,1,1
663,541,67,77,10,6,1,1,1
664,501,237,336,9,6,1,1,1
664,541,67,77,10,6,1,1,1
665,501,234,338,9,6,1,1,1
665,541,69,75,10,6,1,1,1
666,501,234,338,9,6,1,1,1
666,541,69,75,10,6,1,1,1
667,501,231,341,10,5,1,1,1
667,541,71,73,10,6,1,1,1
668,501,231,341,10,5,1,1,1
668,541,71,73,10,6,1,1,1
669,501,228,343,10,6,1,1,1
669,541,73,71,10,6,1,1,1
670,501,228,343,10,6,1,1,1
670,541,73,71,10,6,1,1,1
671,501,226,345,10,6,1,1,1
671,541,75,69,10,6,1,1,1
672,501,226,345,10,6,1,1,1
672,541,75,69,10,6,1,1,1
673,501,223,348,9,6,1,1,1
673,541,76,67,11,6,1,1,1
674,501,223,348,9,6,1,1,1
674,541,76,67,11,6,1,1,1
675,501,220,351,9,5,1,1,1
675,541,79,65,9,6,1,1,1
676,501,220,351,9,5,1,1,1
676,541,79,65,9,6,1,1,1
677,501,217,353,10,6,1,1,1
677,541,80,63,10,6,1,1,1
678,501,217,353,10,6,1,1,1
678,541,80,63,10,6,1,1,1
679,501,214,355,10,6,1,1,1
679,541,82,62,10,5,1,1,1
680,501,214,355,10,6,1,1,1
680,541,82,62,10,5,1,1,1
681,501,210,358,10,6,1,1,1
681,541,83,60,10,6,1,1,1
682,501,210,358,10,6,1,1,1
682,541,83,60,10,6,1,1,1
683,501,206,360,11,6,1,1,1
683,541,85,58,10,6,1,1,1
684,501,206,360,11,6,1,1,1
684,541,85,58,10,6,1,1,1
685,501,203,362,10,7,1,1,1
685,541,87,57,10,6,1,1,1
686,501,203,362,10,7,1,1,1
686,541,87,57,10,6,1,1,1
687,501,199,365,10,6,1,1,1
687,541,90,56,9,5,1,1,1
688,501,199,365,10,6,1,1,1
688,541,90,56,9,5,1,1,1
689,501,196,367,10,6,1,1,1
689,541,91,54,10,6,1,1,1
690,501,196,367,10,6,1,1,1
690,541,91,54,10,6,1,1,1
691,501,192,369,10,6,1,1,1
691,541,93,53,10,6,1,1,1
692,501,192,369,10,6,1,1,1
692,541,93,53,10,6,1,1,1
693,501,187,371,12,7,1,1,1
693,541,94,52,11,6,1,1,1
694,501,187,371,12,7,1,1,1
694,541,94,52,11,6,1,1,1
695,501,184,373,10,7,1,1,1
695,541,96,51,11,6,1,1,1
696,501,184,373,10,7,1,1,1
696,541,96,51,11,6,1,1,1
697,501,180,376,10,6,1,1,1
697,541,98,50,10,6,1,1,1
698,501,180,376,10,6,1,1,1
698,541,98,50,10,6,1,1,1
699,496,175,377,9,6,1,1,1
699,501,177,378,9,6,1,1,1
699,541,101,50,9,5,1,1,1
700,496,175,377,9,6,1,1,1
700,501,177,378,9,6,1,1,1
700,541,101,50,9,5,1,1,1
701,496,176,378,10,6,1,1,1
701,541,102,49,10,6,1,1,1
702,496,176,378,10,6,1,1,1
702,541,102,49,10,6,1,1,1
703,541,104,48,10,6,1,1,1
704,541,104,48,10,6,1,1,1
705,541,106,48,10,6,1,1,1
706,541,106,48,10,6,1,1,1
707,541,109,48,9,5,1,1,1
707,544,158,384,12,7,1,1,1
708,541,109,48,9,5,1,1,1
708,544,158,384,12,7,1,1,1
709,541,111,47,9,5,1,1,1
709,544,160,386,11,6,1,1,1
710,541,111,47,9,5,1,1,1
710,544,160,386,11,6,1,1,1
711,544,161,387,10,6,1,1,1
712,544,161,387,10,6,1,1,1
721,556,194,394,11,7,1,1,1
722,556,194,394,11,7,1,1,1
723,556,194,395,11,7,1,1,1
723,558,189,49,10,6,1,1,1
724,556,194,395,11,7,1,1,1
724,558,189,49,10,6,1,1,1
725,558,192,49,8,6,1,1,1
725,559,185,397,10,6,1,1,1
726,558,192,49,8,6,1,1,1
726,559,185,397,10,6,1,1,1
727,558,193,50,8,5,1,1,1
727,559,185,398,11,7,1,1,1
728,558,193,50,8,5,1,1,1
728,559,185,398,11,7,1,1,1
729,559,189,399,10,7,1,1,1
730,559,189,399,10,7,1,1,1
731,556,196,400,11,6,1,1,1
731,559,190,400,10,6,1,1,1
732,556,196,400,11,6,1,1,1
732,559,190,400,10,6,1,1,1
733,556,197,401,10,6,1,1,1
734,556,197,401,10,6,1,1,1
735,540,33,71,10,6,1,1,1
736,540,33,71,10,6,1,1,1
737,540,32,70,11,6,1,1,1
738,540,32,70,11,6,1,1,1
739,573,216,403,9,7,1,1,1
740,573,216,403,9,7,1,1,1
741,573,216,404,9,6,1,1,1
741,578,267,54,12,7,1,1,1
742,573,216,404,9,6,1,1,1
742,578,267,54,12,7,1,1,1
743,578,269,56,10,6,1,1,1
744,578,269,56,10,6,1,1,1
745,556,200,406,10,6,1,1,1
745,578,270,57,10,6,1,1,1
746,556,200,406,10,6,1,1,1
746,578,270,57,10,6,1,1,1
747,556,200,406,10,6,1,1,1
747,559,197,405,10,7,1,1,1
747,578,273,58,10,6,1,1,1
748,556,200,406,10,6,1,1,1
748,559,197,405,10,7,1,1,1
748,578,273,58,10,6,1,1,1
749,559,198,406,10,6,1,1,1
749,578,274,59,10,6,1,1,1
750,559,198,406,10,6,1,1,1
750,578,274,59,10,6,1,1,1
