1,1,208,328,5,6,1,1,1
1,2,228,327,5,5,1,1,1
1,3,234,327,5,5,1,1,1
1,4,160,417,5,6,1,1,1
1,5,211,409,5,6,1,1,1
2,1,208,328,5,6,1,1,1
2,2,228,327,5,5,1,1,1
2,3,234,327,5,5,1,1,1
2,4,160,417,5,6,1,1,1
2,5,211,409,5,6,1,1,1
3,1,208,329,5,5,1,1,1
3,2,228,328,4,5,1,1,1
3,3,235,328,4,4,1,1,1
3,4,161,418,5,5,1,1,1
3,5,211,410,5,5,1,1,1
4,1,208,329,5,5,1,1,1
4,2,228,328,4,5,1,1,1
4,3,235,328,4,4,1,1,1
4,4,161,418,5,5,1,1,1
4,5,211,410,5,5,1,1,1
5,1,208,329,5,5,1,1,1
5,2,229,328,3,4,1,1,1
5,3,235,328,3,3,1,1,1
5,4,161,418,5,5,1,1,1
5,5,211,410,5,5,1,1,1
6,1,208,329,5,5,1,1,1
6,2,229,328,3,4,1,1,1
6,3,235,328,3,3,1,1,1
6,4,161,418,5,5,1,1,1
6,5,211,410,5,5,1,1,1
7,1,208,329,5,5,1,1,1
7,2,229,328,3,3,1,1,1
7,3,235,327,3,4,1,1,1
7,4,161,418,5,5,1,1,1
7,5,211,410,5,5,1,1,1
8,1,208,329,5,5,1,1,1
8,2,229,328,3,3,1,1,1
8,3,235,327,3,4,1,1,1
8,4,161,418,5,5,1,1,1
8,5,211,410,5,5,1,1,1
9,1,208,329,5,5,1,1,1
9,2,229,328,3,3,1,1,1
9,3,235,327,3,4,1,1,1
9,4,161,418,5,5,1,1,1
9,5,212,410,5,5,1,1,1
10,1,208,329,5,5,1,1,1
10,2,229,328,3,3,1,1,1
10,3,235,327,3,4,1,1,1
10,4,161,418,5,5,1,1,1
10,5,212,410,5,5,1,1,1
11,1,208,329,5,5,1,1,1
11,2,229,328,3,3,1,1,1
11,3,235,328,3,3,1,1,1
11,4,161,418,4,5,1,1,1
11,5,212,410,5,5,1,1,1
12,1,208,329,5,5,1,1,1
12,2,229,328,3,3,1,1,1
12,3,235,328,3,3,1,1,1
12,4,161,418,4,5,1,1,1
12,5,212,410,5,5,1,1,1
13,1,208,329,5,5,1,1,1
13,2,229,328,3,3,1,1,1
13,3,235,328,3,3,1,1,1
13,4,161,418,4,5,1,1,1
13,5,212,410,5,5,1,1,1
14,1,208,329,5,5,1,1,1
14,2,229,328,3,3,1,1,1
14,3,235,328,3,3,1,1,1
14,4,161,418,4,5,1,1,1
14,5,212,410,5,5,1,1,1
15,1,208,329,5,5,1,1,1
15,2,229,328,3,3,1,1,1
15,3,235,328,3,3,1,1,1
15,4,161,419,4,4,1,1,1
15,5,212,410,5,5,1,1,1
16,1,208,329,5,5,1,1,1
16,2,229,328,3,3,1,1,1
16,3,235,328,3,3,1,1,1
16,4,161,419,4,4,1,1,1
16,5,212,410,5,5,1,1,1
17,1,208,329,5,5,1,1,1
17,2,229,328,3,3,1,1,1
17,3,235,328,3,3,1,1,1
17,4,161,419,4,4,1,1,1
17,5,212,410,5,5,1,1,1
18,1,208,329,5,5,1,1,1
18,2,229,328,3,3,1,1,1
18,3,235,328,3,3,1,1,1
18,4,161,419,4,4,1,1,1
18,5,212,410,5,5,1,1,1
19,1,208,329,5,5,1,1,1
19,2,229,327,4,4,1,1,1
19,3,234,328,5,4,1,1,1
19,4,161,419,4,4,1,1,1
19,5,212,410,5,5,1,1,1
20,1,208,329,5,5,1,1,1
20,2,229,327,4,4,1,1,1
20,3,234,328,5,4,1,1,1
20,4,161,419,4,4,1,1,1
20,5,212,410,5,5,1,1,1
21,1,208,329,5,5,1,1,1
21,2,229,327,4,4,1,1,1
21,3,234,328,5,4,1,1,1
21,4,160,419,6,4,1,1,1
21,5,212,410,5,5,1,1,1
22,1,208,329,5,5,1,1,1
22,2,229,327,4,4,1,1,1
22,3,234,328,5,4,1,1,1
22,4,160,419,6,4,1,1,1
22,5,212,410,5,5,1,1,1
23,1,208,329,5,5,1,1,1
23,2,229,326,4,5,1,1,1
23,3,234,328,5,5,1,1,1
23,4,160,419,6,5,1,1,1
23,5,213,410,4,5,1,1,1
24,1,208,329,5,5,1,1,1
24,2,229,326,4,5,1,1,1
24,3,234,328,5,5,1,1,1
24,4,160,419,6,5,1,1,1
24,5,213,410,4,5,1,1,1
25,1,208,329,5,5,1,1,1
25,2,229,326,4,5,1,1,1
25,3,234,328,5,5,1,1,1
25,4,160,419,6,5,1,1,1
25,5,213,410,5,5,1,1,1
26,1,208,329,5,5,1,1,1
26,2,229,326,4,5,1,1,1
26,3,234,328,5,5,1,1,1
26,4,160,419,6,5,1,1,1
26,5,213,410,5,5,1,1,1
27,1,208,329,5,5,1,1,1
27,2,229,326,4,5,1,1,1
27,3,235,327,4,6,1,1,1
27,4,160,419,6,5,1,1,1
27,5,213,410,5,5,1,1,1
28,1,208,329,5,5,1,1,1
28,2,229,326,4,5,1,1,1
28,3,235,327,4,6,1,1,1
28,4,160,419,6,5,1,1,1
28,5,213,410,5,5,1,1,1
29,1,208,329,5,5,1,1,1
29,2,229,326,4,5,1,1,1
29,3,235,327,4,6,1,1,1
29,4,160,419,6,5,1,1,1
29,5,213,410,5,5,1,1,1
30,1,208,329,5,5,1,1,1
30,2,229,326,4,5,1,1,1
30,3,235,327,4,6,1,1,1
30,4,160,419,6,5,1,1,1
30,5,213,410,5,5,1,1,1
31,1,208,329,5,5,1,1,1
31,2,229,326,4,5,1,1,1
31,3,235,328,4,5,1,1,1
31,4,160,419,6,5,1,1,1
31,5,212,409,6,5,1,1,1
32,1,208,329,5,5,1,1,1
32,2,229,326,4,5,1,1,1
32,3,235,328,4,5,1,1,1
32,4,160,419,6,5,1,1,1
32,5,212,409,6,5,1,1,1
33,1,208,329,5,5,1,1,1
33,2,229,326,4,5,1,1,1
33,3,235,327,4,6,1,1,1
33,4,160,419,6,5,1,1,1
33,5,213,409,4,5,1,1,1
34,1,208,329,5,5,1,1,1
34,2,229,326,4,5,1,1,1
34,3,235,327,4,6,1,1,1
34,4,160,419,6,5,1,1,1
34,5,213,409,4,5,1,1,1
35,1,208,329,5,5,1,1,1
35,2,229,326,4,5,1,1,1
35,3,235,328,4,5,1,1,1
35,4,160,419,6,5,1,1,1
35,5,213,409,4,5,1,1,1
36,1,208,329,5,5,1,1,1
36,2,229,326,4,5,1,1,1
36,3,235,328,4,5,1,1,1
36,4,160,419,6,5,1,1,1
36,5,213,409,4,5,1,1,1
37,1,208,329,5,5,1,1,1
37,2,229,326,5,5,1,1,1
37,3,235,328,4,5,1,1,1
37,4,161,419,4,5,1,1,1
37,5,213,409,5,5,1,1,1
38,1,208,329,5,5,1,1,1
38,2,229,326,5,5,1,1,1
38,3,235,328,4,5,1,1,1
38,4,161,419,4,5,1,1,1
38,5,213,409,5,5,1,1,1
39,1,208,329,5,5,1,1,1
39,2,229,326,5,5,1,1,1
39,3,235,328,4,5,1,1,1
39,4,161,419,4,5,1,1,1
39,5,214,409,4,4,1,1,1
40,1,208,329,5,5,1,1,1
40,2,229,326,5,5,1,1,1
40,3,235,328,4,5,1,1,1
40,4,161,419,4,5,1,1,1
40,5,214,409,4,4,1,1,1
41,1,208,329,5,5,1,1,1
41,2,229,326,5,5,1,1,1
41,3,235,328,4,5,1,1,1
41,4,161,420,4,4,1,1,1
41,5,214,409,4,5,1,1,1
42,1,208,329,5,5,1,1,1
42,2,229,326,5,5,1,1,1
42,3,235,328,4,5,1,1,1
42,4,161,420,4,4,1,1,1
42,5,214,409,4,5,1,1,1
43,1,208,329,4,5,1,1,1
43,2,229,326,5,5,1,1,1
43,3,235,328,4,5,1,1,1
43,4,160,420,5,4,1,1,1
43,5,214,410,4,4,1,1,1
44,1,208,329,4,5,1,1,1
44,2,229,326,5,5,1,1,1
44,3,235,328,4,5,1,1,1
44,4,160,420,5,4,1,1,1
44,5,214,410,4,4,1,1,1
45,1,208,329,4,5,1,1,1
45,2,229,326,6,5,1,1,1
45,3,235,328,5,5,1,1,1
45,4,160,420,5,4,1,1,1
45,5,214,410,5,4,1,1,1
46,1,208,329,4,5,1,1,1
46,2,229,326,6,5,1,1,1
46,3,235,328,5,5,1,1,1
46,4,160,420,5,4,1,1,1
46,5,214,410,5,4,1,1,1
47,1,208,330,3,4,1,1,1
47,2,229,325,6,6,1,1,1
47,3,235,328,5,5,1,1,1
47,4,160,420,5,5,1,1,1
47,5,214,410,5,5,1,1,1
48,1,208,330,3,4,1,1,1
48,2,229,325,6,6,1,1,1
48,3,235,328,5,5,1,1,1
48,4,160,420,5,5,1,1,1
48,5,214,410,5,5,1,1,1
49,1,208,330,3,4,1,1,1
49,2,229,325,6,6,1,1,1
49,3,235,328,5,5,1,1,1
49,4,160,420,5,5,1,1,1
49,5,214,410,5,5,1,1,1
50,1,208,330,3,4,1,1,1
50,2,229,325,6,6,1,1,1
50,3,235,328,5,5,1,1,1
50,4,160,420,5,5,1,1,1
50,5,214,410,5,5,1,1,1
51,1,208,330,3,3,1,1,1
51,2,229,325,6,6,1,1,1
51,3,236,328,4,5,1,1,1
51,4,160,420,5,5,1,1,1
51,5,214,410,5,5,1,1,1
52,1,208,330,3,3,1,1,1
52,2,229,325,6,6,1,1,1
52,3,236,328,4,5,1,1,1
52,4,160,420,5,5,1,1,1
52,5,214,410,5,5,1,1,1
53,1,208,330,3,4,1,1,1
53,2,230,325,5,6,1,1,1
53,3,236,328,4,5,1,1,1
53,4,160,420,5,5,1,1,1
53,5,214,410,5,5,1,1,1
54,1,208,330,3,4,1,1,1
54,2,230,325,5,6,1,1,1
54,3,236,328,4,5,1,1,1
54,4,160,420,5,5,1,1,1
54,5,214,410,5,5,1,1,1
55,1,207,330,5,4,1,1,1
55,2,230,325,5,6,1,1,1
55,3,236,328,4,5,1,1,1
55,4,160,420,5,5,1,1,1
55,5,214,410,5,5,1,1,1
56,1,207,330,5,4,1,1,1
56,2,230,325,5,6,1,1,1
56,3,236,328,4,5,1,1,1
56,4,160,420,5,5,1,1,1
56,5,214,410,5,5,1,1,1
57,1,207,330,5,4,1,1,1
57,2,231,325,4,6,1,1,1
57,3,236,328,4,5,1,1,1
57,4,160,420,5,5,1,1,1
57,5,214,410,5,5,1,1,1
58,1,207,330,5,4,1,1,1
58,2,231,325,4,6,1,1,1
58,3,236,328,4,5,1,1,1
58,4,160,420,5,5,1,1,1
58,5,214,410,5,5,1,1,1
59,1,207,330,5,5,1,1,1
59,2,231,325,4,5,1,1,1
59,3,236,328,4,5,1,1,1
59,4,160,420,5,5,1,1,1
59,5,214,410,5,5,1,1,1
60,1,207,330,5,5,1,1,1
60,2,231,325,4,5,1,1,1
60,3,236,328,4,5,1,1,1
60,4,160,420,5,5,1,1,1
60,5,214,410,5,5,1,1,1
61,1,207,330,5,5,1,1,1
61,2,231,325,4,5,1,1,1
61,3,236,328,4,5,1,1,1
61,4,160,420,5,5,1,1,1
61,5,215,410,4,5,1,1,1
62,1,207,330,5,5,1,1,1
62,2,231,325,4,5,1,1,1
62,3,236,328,4,5,1,1,1
62,4,160,420,5,5,1,1,1
62,5,215,410,4,5,1,1,1
63,1,207,330,5,5,1,1,1
63,2,231,325,4,5,1,1,1
63,3,236,328,4,5,1,1,1
63,4,160,420,5,5,1,1,1
63,5,215,410,4,5,1,1,1
64,1,207,330,5,5,1,1,1
64,2,231,325,4,5,1,1,1
64,3,236,328,4,5,1,1,1
64,4,160,420,5,5,1,1,1
64,5,215,410,4,5,1,1,1
65,1,207,330,5,5,1,1,1
65,2,231,325,4,5,1,1,1
65,3,236,328,4,5,1,1,1
65,4,160,420,4,5,1,1,1
65,5,215,410,4,5,1,1,1
66,1,207,330,5,5,1,1,1
66,2,231,325,4,5,1,1,1
66,3,236,328,4,5,1,1,1
66,4,160,420,4,5,1,1,1
66,5,215,410,4,5,1,1,1
67,1,207,330,5,5,1,1,1
67,2,231,325,4,5,1,1,1
67,3,236,328,5,5,1,1,1
67,4,160,420,4,5,1,1,1
67,5,215,410,4,5,1,1,1
68,1,207,330,5,5,1,1,1
68,2,231,325,4,5,1,1,1
68,3,236,328,5,5,1,1,1
68,4,160,420,4,5,1,1,1
68,5,215,410,4,5,1,1,1
69,1,207,330,4,5,1,1,1
69,2,231,325,4,5,1,1,1
69,3,236,328,5,5,1,1,1
69,4,160,421,4,4,1,1,1
69,5,215,410,4,5,1,1,1
70,1,207,330,4,5,1,1,1
70,2,231,325,4,5,1,1,1
70,3,236,328,5,5,1,1,1
70,4,160,421,4,4,1,1,1
70,5,215,410,4,5,1,1,1
71,1,207,330,4,5,1,1,1
71,2,231,325,4,5,1,1,1
71,3,237,328,3,5,1,1,1
71,4,160,421,5,4,1,1,1
71,5,215,410,5,5,1,1,1
72,1,207,330,4,5,1,1,1
72,2,231,325,4,5,1,1,1
72,3,237,328,3,5,1,1,1
72,4,160,421,5,4,1,1,1
72,5,215,410,5,5,1,1,1
73,1,207,330,4,5,1,1,1
73,2,231,325,4,5,1,1,1
73,3,237,329,4,4,1,1,1
73,4,160,421,5,4,1,1,1
73,5,215,410,5,5,1,1,1
74,1,207,330,4,5,1,1,1
74,2,231,325,4,5,1,1,1
74,3,237,329,4,4,1,1,1
74,4,160,421,5,4,1,1,1
74,5,215,410,5,5,1,1,1
75,1,207,330,4,5,1,1,1
75,2,231,325,4,5,1,1,1
75,3,237,329,4,4,1,1,1
75,4,160,421,5,5,1,1,1
75,5,216,410,4,5,1,1,1
76,1,207,330,4,5,1,1,1
76,2,231,325,4,5,1,1,1
76,3,237,329,4,4,1,1,1
76,4,160,421,5,5,1,1,1
76,5,216,410,4,5,1,1,1
77,1,207,330,4,5,1,1,1
77,2,231,325,5,5,1,1,1
77,3,237,329,4,5,1,1,1
77,4,160,421,5,5,1,1,1
77,5,216,410,4,5,1,1,1
78,1,207,330,4,5,1,1,1
78,2,231,325,5,5,1,1,1
78,3,237,329,4,5,1,1,1
78,4,160,421,5,5,1,1,1
78,5,216,410,4,5,1,1,1
79,1,207,330,4,5,1,1,1
79,2,231,325,5,5,1,1,1
79,3,237,329,5,5,1,1,1
79,4,160,421,4,5,1,1,1
79,5,216,410,4,5,1,1,1
80,1,207,330,4,5,1,1,1
80,2,231,325,5,5,1,1,1
80,3,237,329,5,5,1,1,1
80,4,160,421,4,5,1,1,1
80,5,216,410,4,5,1,1,1
81,1,207,330,4,5,1,1,1
81,2,232,325,4,5,1,1,1
81,3,237,329,5,5,1,1,1
81,4,160,421,4,5,1,1,1
81,5,216,410,4,5,1,1,1
82,1,207,330,4,5,1,1,1
82,2,232,325,4,5,1,1,1
82,3,237,329,5,5,1,1,1
82,4,160,421,4,5,1,1,1
82,5,216,410,4,5,1,1,1
83,1,207,330,4,5,1,1,1
83,2,232,325,4,5,1,1,1
83,3,237,329,5,5,1,1,1
83,4,160,421,4,5,1,1,1
83,5,216,410,4,5,1,1,1
84,1,207,330,4,5,1,1,1
84,2,232,325,4,5,1,1,1
84,3,237,329,5,5,1,1,1
84,4,160,421,4,5,1,1,1
84,5,216,410,4,5,1,1,1
85,1,207,330,4,5,1,1,1
85,2,232,325,4,5,1,1,1
85,3,237,329,5,5,1,1,1
85,4,160,421,4,5,1,1,1
85,5,216,410,5,5,1,1,1
86,1,207,330,4,5,1,1,1
86,2,232,325,4,5,1,1,1
86,3,237,329,5,5,1,1,1
86,4,160,421,4,5,1,1,1
86,5,216,410,5,5,1,1,1
87,1,207,330,4,5,1,1,1
87,2,232,325,4,5,1,1,1
87,3,237,329,5,5,1,1,1
87,4,160,421,4,5,1,1,1
87,5,216,410,5,5,1,1,1
88,1,207,330,4,5,1,1,1
88,2,232,325,4,5,1,1,1
88,3,237,329,5,5,1,1,1
88,4,160,421,4,5,1,1,1
88,5,216,410,5,5,1,1,1
89,1,207,330,4,5,1,1,1
89,2,232,325,5,5,1,1,1
89,3,237,329,5,5,1,1,1
89,4,160,421,4,5,1,1,1
89,5,216,410,5,5,1,1,1
90,1,207,330,4,5,1,1,1
90,2,232,325,5,5,1,1,1
90,3,237,329,5,5,1,1,1
90,4,160,421,4,5,1,1,1
90,5,216,410,5,5,1,1,1
91,1,207,330,4,5,1,1,1
91,2,232,325,5,5,1,1,1
91,3,237,329,5,5,1,1,1
91,4,160,421,4,5,1,1,1
91,5,217,410,4,4,1,1,1
92,1,207,330,4,5,1,1,1
92,2,232,325,5,5,1,1,1
92,3,237,329,5,5,1,1,1
92,4,160,421,4,5,1,1,1
92,5,217,410,4,4,1,1,1
93,1,207,330,4,5,1,1,1
93,2,232,325,5,5,1,1,1
93,3,237,329,5,5,1,1,1
93,4,160,421,4,5,1,1,1
93,5,217,410,4,4,1,1,1
94,1,207,330,4,5,1,1,1
94,2,232,325,5,5,1,1,1
94,3,237,329,5,5,1,1,1
94,4,160,421,4,5,1,1,1
94,5,217,410,4,4,1,1,1
95,1,207,330,4,5,1,1,1
95,2,232,325,5,5,1,1,1
95,3,237,329,5,5,1,1,1
95,4,160,421,4,5,1,1,1
95,5,217,410,4,3,1,1,1
96,1,207,330,4,5,1,1,1
96,2,232,325,5,5,1,1,1
96,3,237,329,5,5,1,1,1
96,4,160,421,4,5,1,1,1
96,5,217,410,4,3,1,1,1
97,1,207,330,4,5,1,1,1
97,2,232,325,5,5,1,1,1
97,3,237,329,5,5,1,1,1
97,4,160,421,4,5,1,1,1
97,5,217,409,4,4,1,1,1
98,1,207,330,4,5,1,1,1
98,2,232,325,5,5,1,1,1
98,3,237,329,5,5,1,1,1
98,4,160,421,4,5,1,1,1
98,5,217,409,4,4,1,1,1
99,1,207,330,4,5,1,1,1
99,2,231,325,6,5,1,1,1
99,3,237,329,5,5,1,1,1
99,4,160,421,4,5,1,1,1
99,5,217,409,4,4,1,1,1
100,1,207,330,4,5,1,1,1
100,2,231,325,6,5,1,1,1
100,3,237,329,5,5,1,1,1
100,4,160,421,4,5,1,1,1
100,5,217,409,4,4,1,1,1
101,1,207,330,4,5,1,1,1
101,2,232,324,5,5,1,1,1
101,3,237,329,5,5,1,1,1
101,4,161,422,3,4,1,1,1
101,5,217,408,5,5,1,1,1
102,1,207,330,4,5,1,1,1
102,2,232,324,5,5,1,1,1
102,3,237,329,5,5,1,1,1
102,4,161,422,3,4,1,1,1
102,5,217,408,5,5,1,1,1
103,1,207,330,4,5,1,1,1
103,2,232,324,6,5,1,1,1
103,3,237,329,4,4,1,1,1
103,4,161,422,3,4,1,1,1
103,5,217,408,5,5,1,1,1
104,1,207,330,4,5,1,1,1
104,2,232,324,6,5,1,1,1
104,3,237,329,4,4,1,1,1
104,4,161,422,3,4,1,1,1
104,5,217,408,5,5,1,1,1
105,1,207,330,4,5,1,1,1
105,2,232,324,6,5,1,1,1
105,3,236,328,6,5,1,1,1
105,4,161,422,3,4,1,1,1
105,5,217,408,5,5,1,1,1
106,1,207,330,4,5,1,1,1
106,2,232,324,6,5,1,1,1
106,3,236,328,6,5,1,1,1
106,4,161,422,3,4,1,1,1
106,5,217,408,5,5,1,1,1
107,1,207,330,4,5,1,1,1
107,2,233,324,4,5,1,1,1
107,3,236,328,6,5,1,1,1
107,4,161,422,3,4,1,1,1
107,5,217,408,5,5,1,1,1
108,1,207,330,4,5,1,1,1
108,2,233,324,4,5,1,1,1
108,3,236,328,6,5,1,1,1
108,4,161,422,3,4,1,1,1
108,5,217,408,5,5,1,1,1
109,1,206,330,6,5,1,1,1
109,2,233,324,4,5,1,1,1
109,3,236,328,6,5,1,1,1
109,4,161,422,3,4,1,1,1
109,5,218,408,4,5,1,1,1
110,1,206,330,6,5,1,1,1
110,2,233,324,4,5,1,1,1
110,3,236,328,6,5,1,1,1
110,4,161,422,3,4,1,1,1
110,5,218,408,4,5,1,1,1
111,1,206,330,6,5,1,1,1
111,2,233,324,5,5,1,1,1
111,3,237,327,6,7,1,1,1
111,4,161,422,3,4,1,1,1
111,5,218,408,4,4,1,1,1
112,1,206,330,6,5,1,1,1
112,2,233,324,5,5,1,1,1
112,3,237,327,6,7,1,1,1
112,4,161,422,3,4,1,1,1
112,5,218,408,4,4,1,1,1
113,1,206,330,6,5,1,1,1
113,2,233,324,4,5,1,1,1
113,3,237,327,6,7,1,1,1
113,4,161,422,3,4,1,1,1
113,5,218,407,4,5,1,1,1
114,1,206,330,6,5,1,1,1
114,2,233,324,4,5,1,1,1
114,3,237,327,6,7,1,1,1
114,4,161,422,3,4,1,1,1
114,5,218,407,4,5,1,1,1
115,1,206,330,5,6,1,1,1
115,2,233,324,4,5,1,1,1
115,3,237,327,6,7,1,1,1
115,4,161,422,3,4,1,1,1
115,5,218,407,5,5,1,1,1
116,1,206,330,5,6,1,1,1
116,2,233,324,4,5,1,1,1
116,3,237,327,6,7,1,1,1
116,4,161,422,3,4,1,1,1
116,5,218,407,5,5,1,1,1
117,1,206,330,5,6,1,1,1
117,2,233,324,5,4,1,1,1
117,3,238,328,4,5,1,1,1
117,4,161,422,3,4,1,1,1
117,5,218,407,5,5,1,1,1
118,1,206,330,5,6,1,1,1
118,2,233,324,5,4,1,1,1
118,3,238,328,4,5,1,1,1
118,4,161,422,3,4,1,1,1
118,5,218,407,5,5,1,1,1
119,1,206,330,5,6,1,1,1
119,2,233,324,5,4,1,1,1
119,3,237,328,6,5,1,1,1
119,4,161,422,3,4,1,1,1
119,5,218,407,5,5,1,1,1
120,1,206,330,5,6,1,1,1
120,2,233,324,5,4,1,1,1
120,3,237,328,6,5,1,1,1
120,4,161,422,3,4,1,1,1
120,5,218,407,5,5,1,1,1
121,1,206,330,5,6,1,1,1
121,2,233,323,6,5,1,1,1
121,3,238,328,4,5,1,1,1
121,4,160,422,4,4,1,1,1
121,5,219,407,4,5,1,1,1
121,6,235,326,5,5,1,1,1
122,1,206,330,5,6,1,1,1
122,2,233,323,6,5,1,1,1
122,3,238,328,4,5,1,1,1
122,4,160,422,4,4,1,1,1
122,5,219,407,4,5,1,1,1
122,6,235,326,5,5,1,1,1
123,1,206,330,5,6,1,1,1
123,2,233,323,6,5,1,1,1
123,3,238,328,4,5,1,1,1
123,4,160,422,4,4,1,1,1
123,5,219,407,4,5,1,1,1
123,6,235,326,5,4,1,1,1
124,1,206,330,5,6,1,1,1
124,2,233,323,6,5,1,1,1
124,3,238,328,4,5,1,1,1
124,4,160,422,4,4,1,1,1
124,5,219,407,4,5,1,1,1
124,6,235,326,5,4,1,1,1
125,1,206,330,5,6,1,1,1
125,2,233,323,6,5,1,1,1
125,3,238,328,4,5,1,1,1
125,4,160,422,4,4,1,1,1
125,5,219,407,4,5,1,1,1
126,1,206,330,5,6,1,1,1
126,2,233,323,6,5,1,1,1
126,3,238,328,4,5,1,1,1
126,4,160,422,4,4,1,1,1
126,5,219,407,4,5,1,1,1
127,1,206,331,5,5,1,1,1
127,2,233,323,6,5,1,1,1
127,3,238,329,4,3,1,1,1
127,4,160,422,4,4,1,1,1
127,5,219,407,4,5,1,1,1
128,1,206,331,5,5,1,1,1
128,2,233,323,6,5,1,1,1
128,3,238,329,4,3,1,1,1
128,4,160,422,4,4,1,1,1
128,5,219,407,4,5,1,1,1
129,1,206,331,4,5,1,1,1
129,2,233,323,6,5,1,1,1
129,3,237,328,6,5,1,1,1
129,4,159,422,6,4,1,1,1
129,5,219,407,6,5,1,1,1
130,1,206,331,4,5,1,1,1
130,2,233,323,6,5,1,1,1
130,3,237,328,6,5,1,1,1
130,4,159,422,6,4,1,1,1
130,5,219,407,6,5,1,1,1
131,1,206,330,4,6,1,1,1
131,2,233,323,6,5,1,1,1
131,3,238,328,4,5,1,1,1
131,4,159,422,6,4,1,1,1
131,5,219,407,6,5,1,1,1
132,1,206,330,4,6,1,1,1
132,2,233,323,6,5,1,1,1
132,3,238,328,4,5,1,1,1
132,4,159,422,6,4,1,1,1
132,5,219,407,6,5,1,1,1
133,1,205,330,6,6,1,1,1
133,2,233,323,6,5,1,1,1
133,3,238,328,4,5,1,1,1
133,4,159,422,6,5,1,1,1
133,5,220,407,4,5,1,1,1
134,1,205,330,6,6,1,1,1
134,2,233,323,6,5,1,1,1
134,3,238,328,4,5,1,1,1
134,4,159,422,6,5,1,1,1
134,5,220,407,4,5,1,1,1
135,1,205,330,6,6,1,1,1
135,2,233,323,6,5,1,1,1
135,3,237,328,6,5,1,1,1
135,4,159,422,6,5,1,1,1
135,5,220,407,5,5,1,1,1
136,1,205,330,6,6,1,1,1
136,2,233,323,6,5,1,1,1
136,3,237,328,6,5,1,1,1
136,4,159,422,6,5,1,1,1
136,5,220,407,5,5,1,1,1
137,1,205,329,6,7,1,1,1
137,2,233,323,6,5,1,1,1
137,3,237,328,6,5,1,1,1
137,4,159,422,6,5,1,1,1
137,5,220,407,5,4,1,1,1
138,1,205,329,6,7,1,1,1
138,2,233,323,6,5,1,1,1
138,3,237,328,6,5,1,1,1
138,4,159,422,6,5,1,1,1
138,5,220,407,5,4,1,1,1
139,1,205,329,6,7,1,1,1
139,2,234,323,5,5,1,1,1
139,3,238,327,5,5,1,1,1
139,4,159,422,6,5,1,1,1
139,5,220,406,5,5,1,1,1
140,1,205,329,6,7,1,1,1
140,2,234,323,5,5,1,1,1
140,3,238,327,5,5,1,1,1
140,4,159,422,6,5,1,1,1
140,5,220,406,5,5,1,1,1
141,1,206,329,4,6,1,1,1
141,2,234,323,5,5,1,1,1
141,3,238,327,5,5,1,1,1
141,4,159,422,6,5,1,1,1
141,5,220,406,5,5,1,1,1
142,1,206,329,4,6,1,1,1
142,2,234,323,5,5,1,1,1
142,3,238,327,5,5,1,1,1
142,4,159,422,6,5,1,1,1
142,5,220,406,5,5,1,1,1
143,1,206,329,4,6,1,1,1
143,2,234,323,5,5,1,1,1
143,3,238,327,5,5,1,1,1
143,4,159,422,6,5,1,1,1
143,5,220,406,5,5,1,1,1
144,1,206,329,4,6,1,1,1
144,2,234,323,5,5,1,1,1
144,3,238,327,5,5,1,1,1
144,4,159,422,6,5,1,1,1
144,5,220,406,5,5,1,1,1
145,1,206,329,4,6,1,1,1
145,2,234,323,6,5,1,1,1
145,3,238,327,5,5,1,1,1
145,4,160,422,5,5,1,1,1
145,5,220,406,5,5,1,1,1
146,1,206,329,4,6,1,1,1
146,2,234,323,6,5,1,1,1
146,3,238,327,5,5,1,1,1
146,4,160,422,5,5,1,1,1
146,5,220,406,5,5,1,1,1
147,1,206,329,4,5,1,1,1
147,2,234,323,6,5,1,1,1
147,3,238,327,5,5,1,1,1
147,4,160,422,5,5,1,1,1
147,5,220,406,5,5,1,1,1
148,1,206,329,4,5,1,1,1
148,2,234,323,6,5,1,1,1
148,3,238,327,5,5,1,1,1
148,4,160,422,5,5,1,1,1
148,5,220,406,5,5,1,1,1
149,1,206,329,4,5,1,1,1
149,2,234,323,6,5,1,1,1
149,3,239,327,5,5,1,1,1
149,4,160,422,5,5,1,1,1
149,5,220,406,5,5,1,1,1
150,1,206,329,4,5,1,1,1
150,2,234,323,6,5,1,1,1
150,3,239,327,5,5,1,1,1
150,4,160,422,5,5,1,1,1
150,5,220,406,5,5,1,1,1
151,1,206,329,4,5,1,1,1
151,2,234,323,6,5,1,1,1
151,3,239,327,5,5,1,1,1
151,4,160,422,5,5,1,1,1
151,5,220,406,5,5,1,1,1
152,1,206,329,4,5,1,1,1
152,2,234,323,6,5,1,1,1
152,3,239,327,5,5,1,1,1
152,4,160,422,5,5,1,1,1
152,5,220,406,5,5,1,1,1
153,1,206,329,4,5,1,1,1
153,2,234,323,6,5,1,1,1
153,3,239,327,5,5,1,1,1
153,4,160,422,5,5,1,1,1
153,5,221,406,4,5,1,1,1
154,1,206,329,4,5,1,1,1
154,2,234,323,6,5,1,1,1
154,3,239,327,5,5,1,1,1
154,4,160,422,5,5,1,1,1
154,5,221,406,4,5,1,1,1
155,1,205,329,6,6,1,1,1
155,2,234,323,6,5,1,1,1
155,3,239,327,5,5,1,1,1
155,4,160,422,5,5,1,1,1
155,5,221,406,4,5,1,1,1
156,1,205,329,6,6,1,1,1
156,2,234,323,6,5,1,1,1
156,3,239,327,5,5,1,1,1
156,4,160,422,5,5,1,1,1
156,5,221,406,4,5,1,1,1
157,1,205,329,6,6,1,1,1
157,2,234,323,6,5,1,1,1
157,3,239,327,5,5,1,1,1
157,4,160,422,5,5,1,1,1
157,5,221,406,4,5,1,1,1
158,1,205,329,6,6,1,1,1
158,2,234,323,6,5,1,1,1
158,3,239,327,5,5,1,1,1
158,4,160,422,5,5,1,1,1
158,5,221,406,4,5,1,1,1
159,1,205,329,6,6,1,1,1
159,2,234,323,6,5,1,1,1
159,3,239,327,5,5,1,1,1
159,4,160,422,4,5,1,1,1
159,5,221,406,4,5,1,1,1
160,1,205,329,6,6,1,1,1
160,2,234,323,6,5,1,1,1
160,3,239,327,5,5,1,1,1
160,4,160,422,4,5,1,1,1
160,5,221,406,4,5,1,1,1
161,1,205,329,6,7,1,1,1
161,2,235,323,5,5,1,1,1
161,3,239,327,5,5,1,1,1
161,4,160,422,4,5,1,1,1
161,5,221,406,4,5,1,1,1
162,1,205,329,6,7,1,1,1
162,2,235,323,5,5,1,1,1
162,3,239,327,5,5,1,1,1
162,4,160,422,4,5,1,1,1
162,5,221,406,4,5,1,1,1
163,1,205,329,6,7,1,1,1
163,2,235,323,5,5,1,1,1
163,3,239,327,5,5,1,1,1
163,4,160,422,4,5,1,1,1
163,5,221,406,4,5,1,1,1
164,1,205,329,6,7,1,1,1
164,2,235,323,5,5,1,1,1
164,3,239,327,5,5,1,1,1
164,4,160,422,4,5,1,1,1
164,5,221,406,4,5,1,1,1
165,1,205,329,6,7,1,1,1
165,2,235,323,5,5,1,1,1
165,3,239,327,5,5,1,1,1
165,4,159,422,6,5,1,1,1
165,5,221,406,4,5,1,1,1
166,1,205,329,6,7,1,1,1
166,2,235,323,5,5,1,1,1
166,3,239,327,5,5,1,1,1
166,4,159,422,6,5,1,1,1
166,5,221,406,4,5,1,1,1
167,1,205,329,6,7,1,1,1
167,2,235,323,6,5,1,1,1
167,3,239,327,5,5,1,1,1
167,4,159,422,6,5,1,1,1
167,5,220,406,6,5,1,1,1
168,1,205,329,6,7,1,1,1
168,2,235,323,6,5,1,1,1
168,3,239,327,5,5,1,1,1
168,4,159,422,6,5,1,1,1
168,5,220,406,6,5,1,1,1
169,1,205,329,6,7,1,1,1
169,2,235,323,6,5,1,1,1
169,3,239,327,5,5,1,1,1
169,4,159,422,6,6,1,1,1
169,5,221,406,5,5,1,1,1
170,1,205,329,6,7,1,1,1
170,2,235,323,6,5,1,1,1
170,3,239,327,5,5,1,1,1
170,4,159,422,6,6,1,1,1
170,5,221,406,5,5,1,1,1
171,1,205,329,6,7,1,1,1
171,2,236,322,5,6,1,1,1
171,3,239,327,5,5,1,1,1
171,4,159,422,6,6,1,1,1
171,5,221,405,6,6,1,1,1
172,1,205,329,6,7,1,1,1
172,2,236,322,5,6,1,1,1
172,3,239,327,5,5,1,1,1
172,4,159,422,6,6,1,1,1
172,5,221,405,6,6,1,1,1
173,1,205,329,6,7,1,1,1
173,2,236,322,5,6,1,1,1
173,3,239,327,5,5,1,1,1
173,4,159,421,6,7,1,1,1
173,5,221,405,6,6,1,1,1
174,1,205,329,6,7,1,1,1
174,2,236,322,5,6,1,1,1
174,3,239,327,5,5,1,1,1
174,4,159,421,6,7,1,1,1
174,5,221,405,6,6,1,1,1
175,1,205,329,6,7,1,1,1
175,2,236,322,5,5,1,1,1
175,3,239,327,5,5,1,1,1
175,4,160,422,4,6,1,1,1
175,5,221,405,6,6,1,1,1
176,1,205,329,6,7,1,1,1
176,2,236,322,5,5,1,1,1
176,3,239,327,5,5,1,1,1
176,4,160,422,4,6,1,1,1
176,5,221,405,6,6,1,1,1
177,1,205,329,6,7,1,1,1
177,2,236,322,5,5,1,1,1
177,3,239,327,5,5,1,1,1
177,4,160,422,4,6,1,1,1
177,5,221,405,6,6,1,1,1
178,1,205,329,6,7,1,1,1
178,2,236,322,5,5,1,1,1
178,3,239,327,5,5,1,1,1
178,4,160,422,4,6,1,1,1
178,5,221,405,6,6,1,1,1
179,1,205,329,6,7,1,1,1
179,2,236,322,4,5,1,1,1
179,3,239,327,5,5,1,1,1
179,4,160,422,4,6,1,1,1
179,5,221,405,6,6,1,1,1
180,1,205,329,6,7,1,1,1
180,2,236,322,4,5,1,1,1
180,3,239,327,5,5,1,1,1
180,4,160,422,4,6,1,1,1
180,5,221,405,6,6,1,1,1
181,1,205,329,6,7,1,1,1
181,2,236,322,4,5,1,1,1
181,3,239,327,5,5,1,1,1
181,4,160,423,4,5,1,1,1
181,5,222,405,5,6,1,1,1
182,1,205,329,6,7,1,1,1
182,2,236,322,4,5,1,1,1
182,3,239,327,5,5,1,1,1
182,4,160,423,4,5,1,1,1
182,5,222,405,5,6,1,1,1
183,1,205,329,6,7,1,1,1
183,2,236,322,5,5,1,1,1
183,3,239,327,5,5,1,1,1
183,4,160,423,5,5,1,1,1
183,5,222,405,4,6,1,1,1
184,1,205,329,6,7,1,1,1
184,2,236,322,5,5,1,1,1
184,3,239,327,5,5,1,1,1
184,4,160,423,5,5,1,1,1
184,5,222,405,4,6,1,1,1
185,1,205,329,6,7,1,1,1
185,2,236,322,5,5,1,1,1
185,3,240,327,4,5,1,1,1
185,4,160,423,4,5,1,1,1
185,5,222,405,4,5,1,1,1
186,1,205,329,6,7,1,1,1
186,2,236,322,5,5,1,1,1
186,3,240,327,4,5,1,1,1
186,4,160,423,4,5,1,1,1
186,5,222,405,4,5,1,1,1
187,1,205,329,6,7,1,1,1
187,2,236,322,5,5,1,1,1
187,3,240,327,4,5,1,1,1
187,4,160,423,5,5,1,1,1
187,5,222,405,4,5,1,1,1
188,1,205,329,6,7,1,1,1
188,2,236,322,5,5,1,1,1
188,3,240,327,4,5,1,1,1
188,4,160,423,5,5,1,1,1
188,5,222,405,4,5,1,1,1
189,1,205,329,6,7,1,1,1
189,2,236,322,5,5,1,1,1
189,3,240,327,4,5,1,1,1
189,4,160,423,5,5,1,1,1
189,5,222,405,4,5,1,1,1
190,1,205,329,6,7,1,1,1
190,2,236,322,5,5,1,1,1
190,3,240,327,4,5,1,1,1
190,4,160,423,5,5,1,1,1
190,5,222,405,4,5,1,1,1
191,1,205,329,6,7,1,1,1
191,2,236,322,5,5,1,1,1
191,3,240,327,4,5,1,1,1
191,4,160,423,5,5,1,1,1
191,5,222,405,4,5,1,1,1
192,1,205,329,6,7,1,1,1
192,2,236,322,5,5,1,1,1
192,3,240,327,4,5,1,1,1
192,4,160,423,5,5,1,1,1
192,5,222,405,4,5,1,1,1
193,1,205,329,6,7,1,1,1
193,2,236,322,5,5,1,1,1
193,3,239,327,6,6,1,1,1
193,4,160,423,5,5,1,1,1
193,5,222,405,5,5,1,1,1
194,1,205,329,6,7,1,1,1
194,2,236,322,5,5,1,1,1
194,3,239,327,6,6,1,1,1
194,4,160,423,5,5,1,1,1
194,5,222,405,5,5,1,1,1
195,1,205,329,6,7,1,1,1
195,2,237,322,4,5,1,1,1
195,3,239,327,6,6,1,1,1
195,4,160,423,5,5,1,1,1
195,5,223,405,4,5,1,1,1
196,1,205,329,6,7,1,1,1
196,2,237,322,4,5,1,1,1
196,3,239,327,6,6,1,1,1
196,4,160,423,5,5,1,1,1
196,5,223,405,4,5,1,1,1
197,1,205,329,6,7,1,1,1
197,2,237,322,4,5,1,1,1
197,3,239,327,6,6,1,1,1
197,4,160,423,5,5,1,1,1
197,5,223,405,4,5,1,1,1
198,1,205,329,6,7,1,1,1
198,2,237,322,4,5,1,1,1
198,3,239,327,6,6,1,1,1
198,4,160,423,5,5,1,1,1
198,5,223,405,4,5,1,1,1
199,1,205,329,6,7,1,1,1
199,2,237,322,4,5,1,1,1
199,3,239,327,6,7,1,1,1
199,4,160,423,5,5,1,1,1
199,5,223,405,4,5,1,1,1
200,1,205,329,6,7,1,1,1
200,2,237,322,4,5,1,1,1
200,3,239,327,6,7,1,1,1
200,4,160,423,5,5,1,1,1
200,5,223,405,4,5,1,1,1
201,1,205,329,6,7,1,1,1
201,2,237,322,4,5,1,1,1
201,3,239,327,6,7,1,1,1
201,4,160,423,5,5,1,1,1
201,5,223,405,4,5,1,1,1
202,1,205,329,6,7,1,1,1
202,2,237,322,4,5,1,1,1
202,3,239,327,6,7,1,1,1
202,4,160,423,5,5,1,1,1
202,5,223,405,4,5,1,1,1
203,1,205,329,6,7,1,1,1
203,2,237,322,4,5,1,1,1
203,3,239,327,6,7,1,1,1
203,4,160,423,5,5,1,1,1
203,5,223,405,4,5,1,1,1
204,1,205,329,6,7,1,1,1
204,2,237,322,4,5,1,1,1
204,3,239,327,6,7,1,1,1
204,4,160,423,5,5,1,1,1
204,5,223,405,4,5,1,1,1
205,1,205,329,6,7,1,1,1
205,2,237,322,4,5,1,1,1
205,3,239,327,6,7,1,1,1
205,4,160,423,5,5,1,1,1
205,5,223,405,4,5,1,1,1
206,1,205,329,6,7,1,1,1
206,2,237,322,4,5,1,1,1
206,3,239,327,6,7,1,1,1
206,4,160,423,5,5,1,1,1
206,5,223,405,4,5,1,1,1
207,1,205,329,6,7,1,1,1
207,2,237,322,4,5,1,1,1
207,3,239,327,6,7,1,1,1
207,4,160,423,5,6,1,1,1
207,5,223,405,4,5,1,1,1
208,1,205,329,6,7,1,1,1
208,2,237,322,4,5,1,1,1
208,3,239,327,6,7,1,1,1
208,4,160,423,5,6,1,1,1
208,5,223,405,4,5,1,1,1
209,1,206,330,4,6,1,1,1
209,2,237,322,4,5,1,1,1
209,3,239,327,6,7,1,1,1
209,4,159,423,6,6,1,1,1
209,5,223,405,4,5,1,1,1
210,1,206,330,4,6,1,1,1
210,2,237,322,4,5,1,1,1
210,3,239,327,6,7,1,1,1
210,4,159,423,6,6,1,1,1
210,5,223,405,4,5,1,1,1
211,1,206,330,4,6,1,1,1
211,2,237,322,4,5,1,1,1
211,3,239,327,6,7,1,1,1
211,4,159,423,6,6,1,1,1
211,5,223,405,4,5,1,1,1
212,1,206,330,4,6,1,1,1
212,2,237,322,4,5,1,1,1
212,3,239,327,6,7,1,1,1
212,4,159,423,6,6,1,1,1
212,5,223,405,4,5,1,1,1
213,1,206,331,4,5,1,1,1
213,2,237,322,4,5,1,1,1
213,3,239,327,6,7,1,1,1
213,4,159,423,6,6,1,1,1
213,5,223,405,4,5,1,1,1
214,1,206,331,4,5,1,1,1
214,2,237,322,4,5,1,1,1
214,3,239,327,6,7,1,1,1
214,4,159,423,6,6,1,1,1
214,5,223,405,4,5,1,1,1
215,1,206,331,4,5,1,1,1
215,2,237,322,4,5,1,1,1
215,3,239,327,6,7,1,1,1
215,4,160,423,4,6,1,1,1
215,5,223,405,4,5,1,1,1
216,1,206,331,4,5,1,1,1
216,2,237,322,4,5,1,1,1
216,3,239,327,6,7,1,1,1
216,4,160,423,4,6,1,1,1
216,5,223,405,4,5,1,1,1
217,1,206,331,4,5,1,1,1
217,2,237,322,4,5,1,1,1
217,3,240,327,5,7,1,1,1
217,4,160,423,4,6,1,1,1
217,5,223,405,4,5,1,1,1
218,1,206,331,4,5,1,1,1
218,2,237,322,4,5,1,1,1
218,3,240,327,5,7,1,1,1
218,4,160,423,4,6,1,1,1
218,5,223,405,4,5,1,1,1
219,1,206,331,4,5,1,1,1
219,2,237,322,4,5,1,1,1
219,3,240,327,5,7,1,1,1
219,4,160,424,4,5,1,1,1
219,5,223,405,4,5,1,1,1
220,1,206,331,4,5,1,1,1
220,2,237,322,4,5,1,1,1
220,3,240,327,5,7,1,1,1
220,4,160,424,4,5,1,1,1
220,5,223,405,4,5,1,1,1
221,1,206,331,4,5,1,1,1
221,2,237,322,5,5,1,1,1
221,3,240,327,5,7,1,1,1
221,4,160,424,5,5,1,1,1
221,5,223,405,4,5,1,1,1
222,1,206,331,4,5,1,1,1
222,2,237,322,5,5,1,1,1
222,3,240,327,5,7,1,1,1
222,4,160,424,5,5,1,1,1
222,5,223,405,4,5,1,1,1
223,1,206,331,4,5,1,1,1
223,2,237,322,5,5,1,1,1
223,3,240,327,6,7,1,1,1
223,4,160,424,5,5,1,1,1
223,5,223,405,4,5,1,1,1
224,1,206,331,4,5,1,1,1
224,2,237,322,5,5,1,1,1
224,3,240,327,6,7,1,1,1
224,4,160,424,5,5,1,1,1
224,5,223,405,4,5,1,1,1
225,1,206,331,4,5,1,1,1
225,2,237,322,5,5,1,1,1
225,3,240,327,6,7,1,1,1
225,4,160,424,5,5,1,1,1
225,5,223,405,4,5,1,1,1
226,1,206,331,4,5,1,1,1
226,2,237,322,5,5,1,1,1
226,3,240,327,6,7,1,1,1
226,4,160,424,5,5,1,1,1
226,5,223,405,4,5,1,1,1
227,1,206,331,4,5,1,1,1
227,2,238,322,4,5,1,1,1
227,3,240,327,6,7,1,1,1
227,4,161,424,4,5,1,1,1
227,5,223,405,4,5,1,1,1
228,1,206,331,4,5,1,1,1
228,2,238,322,4,5,1,1,1
228,3,240,327,6,7,1,1,1
228,4,161,424,4,5,1,1,1
228,5,223,405,4,5,1,1,1
229,1,206,331,4,5,1,1,1
229,2,238,322,4,5,1,1,1
229,3,241,327,4,6,1,1,1
229,4,160,424,5,5,1,1,1
229,5,223,405,5,5,1,1,1
230,1,206,331,4,5,1,1,1
230,2,238,322,4,5,1,1,1
230,3,241,327,4,6,1,1,1
230,4,160,424,5,5,1,1,1
230,5,223,405,5,5,1,1,1
231,1,206,331,4,5,1,1,1
231,2,238,322,4,5,1,1,1
231,3,241,327,5,6,1,1,1
231,4,161,424,4,5,1,1,1
231,5,223,405,5,5,1,1,1
232,1,206,331,4,5,1,1,1
232,2,238,322,4,5,1,1,1
232,3,241,327,5,6,1,1,1
232,4,161,424,4,5,1,1,1
232,5,223,405,5,5,1,1,1
233,1,206,331,4,5,1,1,1
233,2,238,322,4,5,1,1,1
233,3,240,327,6,6,1,1,1
233,4,160,424,5,5,1,1,1
233,5,223,405,6,5,1,1,1
234,1,206,331,4,5,1,1,1
234,2,238,322,4,5,1,1,1
234,3,240,327,6,6,1,1,1
234,4,160,424,5,5,1,1,1
234,5,223,405,6,5,1,1,1
235,1,206,331,4,5,1,1,1
235,2,238,322,4,5,1,1,1
235,3,240,327,6,6,1,1,1
235,4,161,424,4,5,1,1,1
235,5,223,404,6,6,1,1,1
236,1,206,331,4,5,1,1,1
236,2,238,322,4,5,1,1,1
236,3,240,327,6,6,1,1,1
236,4,161,424,4,5,1,1,1
236,5,223,404,6,6,1,1,1
237,1,206,331,4,5,1,1,1
237,2,238,322,4,5,1,1,1
237,3,240,327,6,7,1,1,1
237,4,161,424,4,5,1,1,1
237,5,224,405,4,5,1,1,1
238,1,206,331,4,5,1,1,1
238,2,238,322,4,5,1,1,1
238,3,240,327,6,7,1,1,1
238,4,161,424,4,5,1,1,1
238,5,224,405,4,5,1,1,1
239,1,206,331,4,5,1,1,1
239,2,238,322,4,5,1,1,1
239,3,240,327,6,7,1,1,1
239,4,161,424,4,5,1,1,1
239,5,224,405,4,5,1,1,1
240,1,206,331,4,5,1,1,1
240,2,238,322,4,5,1,1,1
240,3,240,327,6,7,1,1,1
240,4,161,424,4,5,1,1,1
240,5,224,405,4,5,1,1,1
241,1,206,331,4,5,1,1,1
241,2,238,322,4,5,1,1,1
241,3,240,327,6,7,1,1,1
241,4,161,424,4,5,1,1,1
241,5,224,405,4,4,1,1,1
242,1,206,331,4,5,1,1,1
242,2,238,322,4,5,1,1,1
242,3,240,327,6,7,1,1,1
242,4,161,424,4,5,1,1,1
242,5,224,405,4,4,1,1,1
243,1,206,331,4,5,1,1,1
243,2,238,322,4,5,1,1,1
243,3,240,327,6,7,1,1,1
243,4,161,424,4,5,1,1,1
243,5,223,405,6,5,1,1,1
244,1,206,331,4,5,1,1,1
244,2,238,322,4,5,1,1,1
244,3,240,327,6,7,1,1,1
244,4,161,424,4,5,1,1,1
244,5,223,405,6,5,1,1,1
245,1,206,331,4,5,1,1,1
245,2,238,322,4,5,1,1,1
245,3,240,327,6,7,1,1,1
245,4,161,424,4,5,1,1,1
245,5,223,405,6,5,1,1,1
246,1,206,331,4,5,1,1,1
246,2,238,322,4,5,1,1,1
246,3,240,327,6,7,1,1,1
246,4,161,424,4,5,1,1,1
246,5,223,405,6,5,1,1,1
247,1,205,330,6,6,1,1,1
247,2,238,322,4,5,1,1,1
247,3,240,327,6,7,1,1,1
247,4,161,424,4,5,1,1,1
247,5,224,405,4,5,1,1,1
248,1,205,330,6,6,1,1,1
248,2,238,322,4,5,1,1,1
248,3,240,327,6,7,1,1,1
248,4,161,424,4,5,1,1,1
248,5,224,405,4,5,1,1,1
249,1,205,330,6,6,1,1,1
249,2,238,322,5,5,1,1,1
249,3,241,327,4,6,1,1,1
249,4,161,424,4,5,1,1,1
249,5,224,405,4,5,1,1,1
250,1,205,330,6,6,1,1,1
250,2,238,322,5,5,1,1,1
250,3,241,327,4,6,1,1,1
250,4,161,424,4,5,1,1,1
250,5,224,405,4,5,1,1,1
251,1,206,330,4,6,1,1,1
251,2,238,322,5,5,1,1,1
251,3,241,327,4,6,1,1,1
251,4,161,424,4,5,1,1,1
251,5,224,405,5,5,1,1,1
252,1,206,330,4,6,1,1,1
252,2,238,322,5,5,1,1,1
252,3,241,327,4,6,1,1,1
252,4,161,424,4,5,1,1,1
252,5,224,405,5,5,1,1,1
253,1,206,330,4,6,1,1,1
253,2,238,322,5,5,1,1,1
253,3,242,328,4,5,1,1,1
253,4,160,424,6,5,1,1,1
253,5,224,404,5,5,1,1,1
254,1,206,330,4,6,1,1,1
254,2,238,322,5,5,1,1,1
254,3,242,328,4,5,1,1,1
254,4,160,424,6,5,1,1,1
254,5,224,404,5,5,1,1,1
255,1,206,330,4,6,1,1,1
255,2,238,322,5,5,1,1,1
255,3,241,328,5,5,1,1,1
255,4,160,424,6,5,1,1,1
255,5,224,404,5,5,1,1,1
256,1,206,330,4,6,1,1,1
256,2,238,322,5,5,1,1,1
256,3,241,328,5,5,1,1,1
256,4,160,424,6,5,1,1,1
256,5,224,404,5,5,1,1,1
257,1,206,331,4,5,1,1,1
257,2,239,322,4,5,1,1,1
257,3,242,328,4,5,1,1,1
257,4,160,424,6,5,1,1,1
257,5,224,404,5,5,1,1,1
258,1,206,331,4,5,1,1,1
258,2,239,322,4,5,1,1,1
258,3,242,328,4,5,1,1,1
258,4,160,424,6,5,1,1,1
258,5,224,404,5,5,1,1,1
259,1,206,331,5,5,1,1,1
259,2,239,322,4,5,1,1,1
259,3,242,328,4,5,1,1,1
259,4,160,424,6,6,1,1,1
259,5,224,404,5,5,1,1,1
260,1,206,331,5,5,1,1,1
260,2,239,322,4,5,1,1,1
260,3,242,328,4,5,1,1,1
260,4,160,424,6,6,1,1,1
260,5,224,404,5,5,1,1,1
261,1,206,331,5,5,1,1,1
261,2,239,322,4,5,1,1,1
261,3,242,328,4,5,1,1,1
261,4,160,424,6,6,1,1,1
261,5,224,404,5,5,1,1,1
262,1,206,331,5,5,1,1,1
262,2,239,322,4,5,1,1,1
262,3,242,328,4,5,1,1,1
262,4,160,424,6,6,1,1,1
262,5,224,404,5,5,1,1,1
263,1,206,331,5,5,1,1,1
263,2,239,322,4,5,1,1,1
263,3,242,327,4,5,1,1,1
263,4,160,424,6,6,1,1,1
263,5,224,404,5,5,1,1,1
264,1,206,331,5,5,1,1,1
264,2,239,322,4,5,1,1,1
264,3,242,327,4,5,1,1,1
264,4,160,424,6,6,1,1,1
264,5,224,404,5,5,1,1,1
265,1,206,331,6,5,1,1,1
265,2,239,322,4,5,1,1,1
265,3,242,327,4,5,1,1,1
265,4,160,424,6,6,1,1,1
265,5,224,404,5,5,1,1,1
266,1,206,331,6,5,1,1,1
266,2,239,322,4,5,1,1,1
266,3,242,327,4,5,1,1,1
266,4,160,424,6,6,1,1,1
266,5,224,404,5,5,1,1,1
267,1,206,331,6,5,1,1,1
267,2,239,322,4,5,1,1,1
267,3,242,327,4,5,1,1,1
267,4,160,424,6,6,1,1,1
267,5,224,404,5,5,1,1,1
268,1,206,331,6,5,1,1,1
268,2,239,322,4,5,1,1,1
268,3,242,327,4,5,1,1,1
268,4,160,424,6,6,1,1,1
268,5,224,404,5,5,1,1,1
269,1,207,331,5,5,1,1,1
269,2,239,322,4,5,1,1,1
269,3,242,327,4,5,1,1,1
269,4,160,424,6,6,1,1,1
269,5,224,404,5,5,1,1,1
270,1,207,331,5,5,1,1,1
270,2,239,322,4,5,1,1,1
270,3,242,327,4,5,1,1,1
270,4,160,424,6,6,1,1,1
270,5,224,404,5,5,1,1,1
271,1,207,331,5,5,1,1,1
271,2,239,322,4,5,1,1,1
271,3,242,327,4,5,1,1,1
271,4,160,424,6,6,1,1,1
271,5,224,404,5,5,1,1,1
272,1,207,331,5,5,1,1,1
272,2,239,322,4,5,1,1,1
272,3,242,327,4,5,1,1,1
272,4,160,424,6,6,1,1,1
272,5,224,404,5,5,1,1,1
273,1,207,331,5,5,1,1,1
273,2,239,322,4,5,1,1,1
273,3,242,327,4,5,1,1,1
273,4,160,424,6,6,1,1,1
273,5,224,404,5,5,1,1,1
274,1,207,331,5,5,1,1,1
274,2,239,322,4,5,1,1,1
274,3,242,327,4,5,1,1,1
274,4,160,424,6,6,1,1,1
274,5,224,404,5,5,1,1,1
275,1,207,331,5,5,1,1,1
275,2,239,322,4,5,1,1,1
275,3,242,327,4,5,1,1,1
275,4,160,424,6,6,1,1,1
275,5,224,404,5,5,1,1,1
276,1,207,331,5,5,1,1,1
276,2,239,322,4,5,1,1,1
276,3,242,327,4,5,1,1,1
276,4,160,424,6,6,1,1,1
276,5,224,404,5,5,1,1,1
277,1,206,330,6,6,1,1,1
277,2,239,322,4,5,1,1,1
277,3,242,327,5,5,1,1,1
277,4,160,424,6,6,1,1,1
277,5,224,404,5,5,1,1,1
278,1,206,330,6,6,1,1,1
278,2,239,322,4,5,1,1,1
278,3,242,327,5,5,1,1,1
278,4,160,424,6,6,1,1,1
278,5,224,404,5,5,1,1,1
279,1,206,330,6,6,1,1,1
279,2,239,322,4,5,1,1,1
279,3,242,327,5,5,1,1,1
279,4,160,424,6,6,1,1,1
279,5,224,404,5,5,1,1,1
280,1,206,330,6,6,1,1,1
280,2,239,322,4,5,1,1,1
280,3,242,327,5,5,1,1,1
280,4,160,424,6,6,1,1,1
280,5,224,404,5,5,1,1,1
281,1,206,330,6,6,1,1,1
281,2,239,322,4,5,1,1,1
281,3,242,327,5,5,1,1,1
281,4,160,424,6,6,1,1,1
281,5,224,404,5,5,1,1,1
282,1,206,330,6,6,1,1,1
282,2,239,322,4,5,1,1,1
282,3,242,327,5,5,1,1,1
282,4,160,424,6,6,1,1,1
282,5,224,404,5,5,1,1,1
283,1,206,329,6,7,1,1,1
283,2,239,322,5,5,1,1,1
283,3,242,327,5,5,1,1,1
283,4,160,424,6,6,1,1,1
283,5,224,404,5,5,1,1,1
284,1,206,329,6,7,1,1,1
284,2,239,322,5,5,1,1,1
284,3,242,327,5,5,1,1,1
284,4,160,424,6,6,1,1,1
284,5,224,404,5,5,1,1,1
285,1,206,329,6,6,1,1,1
285,2,239,322,5,5,1,1,1
285,3,242,327,5,5,1,1,1
285,4,160,424,6,6,1,1,1
285,5,224,404,5,5,1,1,1
286,1,206,329,6,6,1,1,1
286,2,239,322,5,5,1,1,1
286,3,242,327,5,5,1,1,1
286,4,160,424,6,6,1,1,1
286,5,224,404,5,5,1,1,1
287,1,207,329,4,6,1,1,1
287,2,239,322,5,5,1,1,1
287,3,242,327,5,5,1,1,1
287,4,160,424,6,6,1,1,1
287,5,224,404,5,5,1,1,1
288,1,207,329,4,6,1,1,1
288,2,239,322,5,5,1,1,1
288,3,242,327,5,5,1,1,1
288,4,160,424,6,6,1,1,1
288,5,224,404,5,5,1,1,1
289,1,207,329,4,6,1,1,1
289,2,239,322,5,5,1,1,1
289,3,242,327,5,5,1,1,1
289,4,160,424,6,6,1,1,1
289,5,224,404,6,5,1,1,1
290,1,207,329,4,6,1,1,1
290,2,239,322,5,5,1,1,1
290,3,242,327,5,5,1,1,1
290,4,160,424,6,6,1,1,1
290,5,224,404,6,5,1,1,1
291,1,207,329,4,5,1,1,1
291,2,239,322,5,5,1,1,1
291,3,242,327,5,5,1,1,1
291,4,160,424,6,6,1,1,1
291,5,224,404,6,5,1,1,1
292,1,207,329,4,5,1,1,1
292,2,239,322,5,5,1,1,1
292,3,242,327,5,5,1,1,1
292,4,160,424,6,6,1,1,1
292,5,224,404,6,5,1,1,1
293,1,207,329,4,5,1,1,1
293,2,240,322,4,5,1,1,1
293,3,242,327,5,5,1,1,1
293,4,160,424,6,6,1,1,1
293,5,224,403,6,6,1,1,1
294,1,207,329,4,5,1,1,1
294,2,240,322,4,5,1,1,1
294,3,242,327,5,5,1,1,1
294,4,160,424,6,6,1,1,1
294,5,224,403,6,6,1,1,1
295,1,207,329,4,5,1,1,1
295,2,240,322,4,5,1,1,1
295,3,242,327,5,5,1,1,1
295,4,160,424,6,6,1,1,1
295,5,224,403,6,6,1,1,1
296,1,207,329,4,5,1,1,1
296,2,240,322,4,5,1,1,1
296,3,242,327,5,5,1,1,1
296,4,160,424,6,6,1,1,1
296,5,224,403,6,6,1,1,1
297,1,207,329,4,5,1,1,1
297,2,240,322,4,5,1,1,1
297,3,242,327,5,5,1,1,1
297,4,160,424,6,6,1,1,1
297,5,224,403,6,6,1,1,1
298,1,207,329,4,5,1,1,1
298,2,240,322,4,5,1,1,1
298,3,242,327,5,5,1,1,1
298,4,160,424,6,6,1,1,1
298,5,224,403,6,6,1,1,1
299,1,207,329,4,5,1,1,1
299,2,240,322,4,5,1,1,1
299,3,242,327,5,5,1,1,1
299,4,160,424,6,6,1,1,1
299,5,224,403,6,6,1,1,1
300,1,207,329,4,5,1,1,1
300,2,240,322,4,5,1,1,1
300,3,242,327,5,5,1,1,1
300,4,160,424,6,6,1,1,1
300,5,224,403,6,6,1,1,1
301,1,207,329,4,5,1,1,1
301,2,240,322,4,5,1,1,1
301,3,243,327,4,5,1,1,1
301,4,161,424,5,6,1,1,1
301,5,224,403,6,6,1,1,1
302,1,207,329,4,5,1,1,1
302,2,240,322,4,5,1,1,1
302,3,243,327,4,5,1,1,1
302,4,161,424,5,6,1,1,1
302,5,224,403,6,6,1,1,1
303,1,207,329,4,5,1,1,1
303,2,240,322,4,5,1,1,1
303,3,243,327,4,5,1,1,1
303,4,161,424,5,5,1,1,1
303,5,224,403,6,6,1,1,1
304,1,207,329,4,5,1,1,1
304,2,240,322,4,5,1,1,1
304,3,243,327,4,5,1,1,1
304,4,161,424,5,5,1,1,1
304,5,224,403,6,6,1,1,1
305,1,207,329,4,5,1,1,1
305,2,240,322,4,5,1,1,1
305,3,243,327,4,5,1,1,1
305,4,162,424,4,5,1,1,1
305,5,224,403,6,6,1,1,1
306,1,207,329,4,5,1,1,1
306,2,240,322,4,5,1,1,1
306,3,243,327,4,5,1,1,1
306,4,162,424,4,5,1,1,1
306,5,224,403,6,6,1,1,1
307,1,207,329,4,5,1,1,1
307,2,240,322,4,5,1,1,1
307,3,243,327,4,5,1,1,1
307,4,162,424,4,4,1,1,1
307,5,225,403,4,6,1,1,1
308,1,207,329,4,5,1,1,1
308,2,240,322,4,5,1,1,1
308,3,243,327,4,5,1,1,1
308,4,162,424,4,4,1,1,1
308,5,225,403,4,6,1,1,1
309,1,207,329,5,5,1,1,1
309,2,240,322,4,5,1,1,1
309,3,243,327,4,5,1,1,1
309,4,162,424,4,4,1,1,1
309,5,225,403,4,6,1,1,1
310,1,207,329,5,5,1,1,1
310,2,240,322,4,5,1,1,1
310,3,243,327,4,5,1,1,1
310,4,162,424,4,4,1,1,1
310,5,225,403,4,6,1,1,1
311,1,207,329,5,5,1,1,1
311,2,240,322,4,5,1,1,1
311,3,243,327,4,5,1,1,1
311,4,162,424,4,4,1,1,1
311,5,225,403,4,5,1,1,1
312,1,207,329,5,5,1,1,1
312,2,240,322,4,5,1,1,1
312,3,243,327,4,5,1,1,1
312,4,162,424,4,4,1,1,1
312,5,225,403,4,5,1,1,1
313,1,207,329,5,5,1,1,1
313,2,240,322,4,5,1,1,1
313,3,243,327,4,5,1,1,1
313,4,162,424,4,4,1,1,1
313,5,225,403,4,5,1,1,1
314,1,207,329,5,5,1,1,1
314,2,240,322,4,5,1,1,1
314,3,243,327,4,5,1,1,1
314,4,162,424,4,4,1,1,1
314,5,225,403,4,5,1,1,1
315,1,207,329,5,5,1,1,1
315,2,240,322,4,5,1,1,1
315,3,243,327,4,5,1,1,1
315,4,162,424,4,4,1,1,1
315,5,225,403,4,5,1,1,1
316,1,207,329,5,5,1,1,1
316,2,240,322,4,5,1,1,1
316,3,243,327,4,5,1,1,1
316,4,162,424,4,4,1,1,1
316,5,225,403,4,5,1,1,1
317,1,208,329,4,5,1,1,1
317,2,240,322,5,5,1,1,1
317,3,243,327,4,5,1,1,1
317,4,162,424,4,4,1,1,1
317,5,225,403,4,5,1,1,1
318,1,208,329,4,5,1,1,1
318,2,240,322,5,5,1,1,1
318,3,243,327,4,5,1,1,1
318,4,162,424,4,4,1,1,1
318,5,225,403,4,5,1,1,1
319,1,207,329,5,5,1,1,1
319,2,240,322,5,5,1,1,1
319,3,243,327,4,5,1,1,1
319,4,162,424,4,4,1,1,1
319,5,225,403,4,5,1,1,1
320,1,207,329,5,5,1,1,1
320,2,240,322,5,5,1,1,1
320,3,243,327,4,5,1,1,1
320,4,162,424,4,4,1,1,1
320,5,225,403,4,5,1,1,1
321,1,208,329,4,5,1,1,1
321,2,240,322,5,5,1,1,1
321,3,243,327,4,5,1,1,1
321,4,162,424,4,4,1,1,1
321,5,225,403,4,5,1,1,1
322,1,208,329,4,5,1,1,1
322,2,240,322,5,5,1,1,1
322,3,243,327,4,5,1,1,1
322,4,162,424,4,4,1,1,1
322,5,225,403,4,5,1,1,1
323,1,208,329,4,5,1,1,1
323,2,240,322,5,5,1,1,1
323,3,243,327,4,5,1,1,1
323,4,162,424,4,4,1,1,1
323,5,225,403,4,5,1,1,1
324,1,208,329,4,5,1,1,1
324,2,240,322,5,5,1,1,1
324,3,243,327,4,5,1,1,1
324,4,162,424,4,4,1,1,1
324,5,225,403,4,5,1,1,1
325,1,208,329,4,4,1,1,1
325,2,240,322,5,5,1,1,1
325,3,243,327,4,5,1,1,1
325,4,162,424,4,4,1,1,1
325,5,225,403,5,5,1,1,1
326,1,208,329,4,4,1,1,1
326,2,240,322,5,5,1,1,1
326,3,243,327,4,5,1,1,1
326,4,162,424,4,4,1,1,1
326,5,225,403,5,5,1,1,1
327,1,208,329,4,4,1,1,1
327,2,240,322,5,5,1,1,1
327,3,243,327,4,5,1,1,1
327,4,162,424,4,4,1,1,1
327,5,225,403,5,5,1,1,1
328,1,208,329,4,4,1,1,1
328,2,240,322,5,5,1,1,1
328,3,243,327,4,5,1,1,1
328,4,162,424,4,4,1,1,1
328,5,225,403,5,5,1,1,1
329,1,208,329,4,4,1,1,1
329,2,240,322,5,5,1,1,1
329,3,243,327,4,5,1,1,1
329,4,162,424,4,4,1,1,1
329,5,225,403,5,5,1,1,1
330,1,208,329,4,4,1,1,1
330,2,240,322,5,5,1,1,1
330,3,243,327,4,5,1,1,1
330,4,162,424,4,4,1,1,1
330,5,225,403,5,5,1,1,1
331,1,208,329,4,4,1,1,1
331,2,240,322,5,5,1,1,1
331,3,243,327,4,5,1,1,1
331,4,162,424,4,4,1,1,1
331,5,225,403,5,5,1,1,1
332,1,208,329,4,4,1,1,1
332,2,240,322,5,5,1,1,1
332,3,243,327,4,5,1,1,1
332,4,162,424,4,4,1,1,1
332,5,225,403,5,5,1,1,1
333,1,207,329,6,4,1,1,1
333,2,240,322,5,5,1,1,1
333,3,243,327,4,5,1,1,1
333,4,162,424,4,4,1,1,1
333,5,225,403,5,5,1,1,1
334,1,207,329,6,4,1,1,1
334,2,240,322,5,5,1,1,1
334,3,243,327,4,5,1,1,1
334,4,162,424,4,4,1,1,1
334,5,225,403,5,5,1,1,1
335,1,207,328,6,5,1,1,1
335,2,240,322,5,5,1,1,1
335,3,243,327,5,5,1,1,1
335,4,162,424,4,4,1,1,1
335,5,225,403,5,5,1,1,1
336,1,207,328,6,5,1,1,1
336,2,240,322,5,5,1,1,1
336,3,243,327,5,5,1,1,1
336,4,162,424,4,4,1,1,1
336,5,225,403,5,5,1,1,1
337,1,207,328,6,5,1,1,1
337,2,240,322,5,5,1,1,1
337,3,243,327,5,5,1,1,1
337,4,162,424,5,4,1,1,1
337,5,226,403,4,5,1,1,1
338,1,207,328,6,5,1,1,1
338,2,240,322,5,5,1,1,1
338,3,243,327,5,5,1,1,1
338,4,162,424,5,4,1,1,1
338,5,226,403,4,5,1,1,1
339,1,207,328,6,5,1,1,1
339,2,240,322,5,5,1,1,1
339,3,243,327,5,5,1,1,1
339,4,162,424,5,4,1,1,1
339,5,226,403,4,5,1,1,1
340,1,207,328,6,5,1,1,1
340,2,240,322,5,5,1,1,1
340,3,243,327,5,5,1,1,1
340,4,162,424,5,4,1,1,1
340,5,226,403,4,5,1,1,1
341,1,207,328,6,5,1,1,1
341,2,241,322,4,5,1,1,1
341,3,243,327,5,5,1,1,1
341,4,162,424,5,4,1,1,1
341,5,226,403,4,5,1,1,1
342,1,207,328,6,5,1,1,1
342,2,241,322,4,5,1,1,1
342,3,243,327,5,5,1,1,1
342,4,162,424,5,4,1,1,1
342,5,226,403,4,5,1,1,1
343,1,207,328,6,5,1,1,1
343,2,241,322,4,5,1,1,1
343,3,243,327,5,5,1,1,1
343,4,162,424,5,4,1,1,1
343,5,226,403,4,5,1,1,1
344,1,207,328,6,5,1,1,1
344,2,241,322,4,5,1,1,1
344,3,243,327,5,5,1,1,1
344,4,162,424,5,4,1,1,1
344,5,226,403,4,5,1,1,1
345,1,207,328,6,5,1,1,1
345,2,241,322,4,5,1,1,1
345,3,243,327,5,5,1,1,1
345,4,162,424,5,4,1,1,1
345,5,226,403,4,5,1,1,1
346,1,207,328,6,5,1,1,1
346,2,241,322,4,5,1,1,1
346,3,243,327,5,5,1,1,1
346,4,162,424,5,4,1,1,1
346,5,226,403,4,5,1,1,1
347,1,208,328,5,5,1,1,1
347,2,241,322,4,5,1,1,1
347,3,243,327,5,5,1,1,1
347,4,163,424,4,4,1,1,1
347,5,225,403,5,5,1,1,1
348,1,208,328,5,5,1,1,1
348,2,241,322,4,5,1,1,1
348,3,243,327,5,5,1,1,1
348,4,163,424,4,4,1,1,1
348,5,225,403,5,5,1,1,1
349,1,208,328,5,5,1,1,1
349,2,241,322,4,5,1,1,1
349,3,244,327,3,5,1,1,1
349,4,162,424,5,4,1,1,1
349,5,225,403,5,5,1,1,1
350,1,208,328,5,5,1,1,1
350,2,241,322,4,5,1,1,1
350,3,244,327,3,5,1,1,1
350,4,162,424,5,4,1,1,1
350,5,225,403,5,5,1,1,1
351,1,208,328,5,5,1,1,1
351,2,241,322,4,5,1,1,1
351,3,244,327,3,5,1,1,1
351,4,163,424,4,4,1,1,1
351,5,226,403,4,5,1,1,1
352,1,208,328,5,5,1,1,1
352,2,241,322,4,5,1,1,1
352,3,244,327,3,5,1,1,1
352,4,163,424,4,4,1,1,1
352,5,226,403,4,5,1,1,1
353,1,208,329,5,4,1,1,1
353,2,241,322,4,5,1,1,1
353,3,244,327,3,4,1,1,1
353,4,163,424,4,4,1,1,1
353,5,226,403,4,4,1,1,1
354,1,208,329,5,4,1,1,1
354,2,241,322,4,5,1,1,1
354,3,244,327,3,4,1,1,1
354,4,163,424,4,4,1,1,1
354,5,226,403,4,4,1,1,1
355,1,209,329,4,4,1,1,1
355,2,241,322,4,5,1,1,1
355,3,244,327,3,4,1,1,1
355,4,163,424,4,4,1,1,1
355,5,226,402,4,5,1,1,1
356,1,209,329,4,4,1,1,1
356,2,241,322,4,5,1,1,1
356,3,244,327,3,4,1,1,1
356,4,163,424,4,4,1,1,1
356,5,226,402,4,5,1,1,1
357,1,209,329,4,4,1,1,1
357,2,241,322,4,5,1,1,1
357,3,244,327,3,4,1,1,1
357,4,163,424,4,3,1,1,1
357,5,226,402,4,5,1,1,1
358,1,209,329,4,4,1,1,1
358,2,241,322,4,5,1,1,1
358,3,244,327,3,4,1,1,1
358,4,163,424,4,3,1,1,1
358,5,226,402,4,5,1,1,1
359,1,209,330,4,4,1,1,1
359,2,241,322,4,5,1,1,1
359,3,243,327,5,5,1,1,1
359,4,163,424,4,3,1,1,1
359,5,226,402,4,5,1,1,1
360,1,209,330,4,4,1,1,1
360,2,241,322,4,5,1,1,1
360,3,243,327,5,5,1,1,1
360,4,163,424,4,3,1,1,1
360,5,226,402,4,5,1,1,1
361,1,209,330,4,4,1,1,1
361,2,240,322,6,6,1,1,1
361,3,243,327,5,5,1,1,1
361,4,163,424,4,3,1,1,1
361,5,226,402,4,5,1,1,1
362,1,209,330,4,4,1,1,1
362,2,240,322,6,6,1,1,1
362,3,243,327,5,5,1,1,1
362,4,163,424,4,3,1,1,1
362,5,226,402,4,5,1,1,1
363,1,209,330,5,5,1,1,1
363,2,240,322,6,6,1,1,1
363,3,243,326,5,6,1,1,1
363,4,163,423,4,4,1,1,1
363,5,226,402,4,5,1,1,1
364,1,209,330,5,5,1,1,1
364,2,240,322,6,6,1,1,1
364,3,243,326,5,6,1,1,1
364,4,163,423,4,4,1,1,1
364,5,226,402,4,5,1,1,1
365,1,209,330,5,5,1,1,1
365,2,241,323,5,5,1,1,1
365,3,243,326,5,7,1,1,1
365,4,162,423,6,4,1,1,1
365,5,226,402,4,5,1,1,1
366,1,209,330,5,5,1,1,1
366,2,241,323,5,5,1,1,1
366,3,243,326,5,7,1,1,1
366,4,162,423,6,4,1,1,1
366,5,226,402,4,5,1,1,1
367,1,209,330,5,5,1,1,1
367,2,242,323,4,6,1,1,1
367,3,243,326,5,7,1,1,1
367,4,162,422,6,5,1,1,1
367,5,226,402,4,5,1,1,1
368,1,209,330,5,5,1,1,1
368,2,242,323,4,6,1,1,1
368,3,243,326,5,7,1,1,1
368,4,162,422,6,5,1,1,1
368,5,226,402,4,5,1,1,1
369,1,209,330,5,5,1,1,1
369,2,241,323,6,6,1,1,1
369,3,243,326,5,7,1,1,1
369,4,162,422,6,5,1,1,1
369,5,226,402,4,5,1,1,1
370,1,209,330,5,5,1,1,1
370,2,241,323,6,6,1,1,1
370,3,243,326,5,7,1,1,1
370,4,162,422,6,5,1,1,1
370,5,226,402,4,5,1,1,1
371,1,209,330,5,5,1,1,1
371,2,241,324,6,5,1,1,1
371,3,243,326,5,7,1,1,1
371,4,162,422,6,5,1,1,1
371,5,226,402,4,5,1,1,1
372,1,209,330,5,5,1,1,1
372,2,241,324,6,5,1,1,1
372,3,243,326,5,7,1,1,1
372,4,162,422,6,5,1,1,1
372,5,226,402,4,5,1,1,1
373,1,209,330,4,5,1,1,1
373,2,241,324,6,6,1,1,1
373,3,243,326,5,7,1,1,1
373,4,163,422,5,5,1,1,1
373,5,226,402,4,5,1,1,1
374,1,209,330,4,5,1,1,1
374,2,241,324,6,6,1,1,1
374,3,243,326,5,7,1,1,1
374,4,163,422,5,5,1,1,1
374,5,226,402,4,5,1,1,1
375,1,209,330,4,5,1,1,1
375,2,241,324,6,6,1,1,1
375,3,243,326,5,7,1,1,1
375,4,163,422,5,5,1,1,1
375,5,226,402,4,5,1,1,1
376,1,209,330,4,5,1,1,1
376,2,241,324,6,6,1,1,1
376,3,243,326,5,7,1,1,1
376,4,163,422,5,5,1,1,1
376,5,226,402,4,5,1,1,1
377,1,208,330,6,5,1,1,1
377,2,241,324,6,6,1,1,1
377,3,243,326,4,7,1,1,1
377,4,163,422,5,5,1,1,1
377,5,226,402,4,5,1,1,1
378,1,208,330,6,5,1,1,1
378,2,241,324,6,6,1,1,1
378,3,243,326,4,7,1,1,1
378,4,163,422,5,5,1,1,1
378,5,226,402,4,5,1,1,1
379,1,208,330,6,5,1,1,1
379,2,241,324,6,6,1,1,1
379,3,243,326,4,7,1,1,1
379,4,163,422,5,5,1,1,1
379,5,226,402,4,5,1,1,1
380,1,208,330,6,5,1,1,1
380,2,241,324,6,6,1,1,1
380,3,243,326,4,7,1,1,1
380,4,163,422,5,5,1,1,1
380,5,226,402,4,5,1,1,1
381,1,208,330,6,6,1,1,1
381,3,243,326,4,7,1,1,1
381,4,163,422,5,5,1,1,1
381,5,226,402,4,5,1,1,1
382,1,208,330,6,6,1,1,1
382,3,243,326,4,7,1,1,1
382,4,163,422,5,5,1,1,1
382,5,226,402,4,5,1,1,1
383,1,208,330,6,6,1,1,1
383,3,243,326,4,7,1,1,1
383,4,164,422,4,5,1,1,1
383,5,226,402,4,5,1,1,1
384,1,208,330,6,6,1,1,1
384,3,243,326,4,7,1,1,1
384,4,164,422,4,5,1,1,1
384,5,226,402,4,5,1,1,1
385,1,208,330,6,6,1,1,1
385,3,243,326,4,7,1,1,1
385,4,164,422,4,5,1,1,1
385,5,226,402,4,5,1,1,1
386,1,208,330,6,6,1,1,1
386,3,243,326,4,7,1,1,1
386,4,164,422,4,5,1,1,1
386,5,226,402,4,5,1,1,1
387,1,209,331,5,5,1,1,1
387,3,243,326,4,7,1,1,1
387,4,164,422,4,4,1,1,1
387,5,226,402,4,5,1,1,1
388,1,209,331,5,5,1,1,1
388,3,243,326,4,7,1,1,1
388,4,164,422,4,4,1,1,1
388,5,226,402,4,5,1,1,1
389,1,209,331,5,5,1,1,1
389,3,243,326,4,7,1,1,1
389,4,164,422,4,4,1,1,1
389,5,225,402,6,5,1,1,1
390,1,209,331,5,5,1,1,1
390,3,243,326,4,7,1,1,1
390,4,164,422,4,4,1,1,1
390,5,225,402,6,5,1,1,1
391,1,209,331,5,5,1,1,1
391,2,241,324,6,6,1,1,1
391,3,243,326,4,7,1,1,1
391,4,164,422,4,4,1,1,1
391,5,225,402,6,5,1,1,1
392,1,209,331,5,5,1,1,1
392,2,241,324,6,6,1,1,1
392,3,243,326,4,7,1,1,1
392,4,164,422,4,4,1,1,1
392,5,225,402,6,5,1,1,1
393,1,209,331,5,5,1,1,1
393,2,241,324,6,6,1,1,1
393,3,243,326,4,7,1,1,1
393,4,163,422,6,4,1,1,1
393,5,225,401,6,6,1,1,1
394,1,209,331,5,5,1,1,1
394,2,241,324,6,6,1,1,1
394,3,243,326,4,7,1,1,1
394,4,163,422,6,4,1,1,1
394,5,225,401,6,6,1,1,1
395,1,209,331,5,5,1,1,1
395,3,243,326,4,7,1,1,1
395,4,163,421,6,5,1,1,1
395,5,225,401,6,6,1,1,1
396,1,209,331,5,5,1,1,1
396,3,243,326,4,7,1,1,1
396,4,163,421,6,5,1,1,1
396,5,225,401,6,6,1,1,1
397,1,210,331,4,5,1,1,1
397,3,242,326,6,7,1,1,1
397,4,163,421,6,5,1,1,1
397,5,225,401,6,6,1,1,1
398,1,210,331,4,5,1,1,1
398,3,242,326,6,7,1,1,1
398,4,163,421,6,5,1,1,1
398,5,225,401,6,6,1,1,1
399,1,210,331,4,5,1,1,1
399,3,242,326,6,7,1,1,1
399,4,163,421,6,5,1,1,1
399,5,226,401,4,6,1,1,1
400,1,210,331,4,5,1,1,1
400,3,242,326,6,7,1,1,1
400,4,163,421,6,5,1,1,1
400,5,226,401,4,6,1,1,1
401,1,210,331,4,5,1,1,1
401,3,242,326,6,7,1,1,1
401,4,163,421,6,5,1,1,1
401,5,226,401,4,6,1,1,1
402,1,210,331,4,5,1,1,1
402,3,242,326,6,7,1,1,1
402,4,163,421,6,5,1,1,1
402,5,226,401,4,6,1,1,1
403,1,210,331,4,5,1,1,1
403,3,242,326,6,7,1,1,1
403,4,163,421,6,5,1,1,1
403,5,226,401,4,5,1,1,1
404,1,210,331,4,5,1,1,1
404,3,242,326,6,7,1,1,1
404,4,163,421,6,5,1,1,1
404,5,226,401,4,5,1,1,1
405,1,210,331,4,5,1,1,1
405,3,243,326,4,7,1,1,1
405,4,163,421,6,5,1,1,1
405,5,226,401,4,5,1,1,1
406,1,210,331,4,5,1,1,1
406,3,243,326,4,7,1,1,1
406,4,163,421,6,5,1,1,1
406,5,226,401,4,5,1,1,1
407,1,210,331,4,5,1,1,1
407,3,243,326,4,7,1,1,1
407,4,164,421,5,5,1,1,1
407,5,226,401,4,5,1,1,1
408,1,210,331,4,5,1,1,1
408,3,243,326,4,7,1,1,1
408,4,164,421,5,5,1,1,1
408,5,226,401,4,5,1,1,1
409,1,210,331,4,5,1,1,1
409,3,243,326,4,7,1,1,1
409,4,164,421,5,5,1,1,1
409,5,226,401,4,5,1,1,1
410,1,210,331,4,5,1,1,1
410,3,243,326,4,7,1,1,1
410,4,164,421,5,5,1,1,1
410,5,226,401,4,5,1,1,1
411,1,210,331,4,5,1,1,1
411,3,243,326,4,7,1,1,1
411,4,164,421,6,5,1,1,1
411,5,226,401,4,5,1,1,1
412,1,210,331,4,5,1,1,1
412,3,243,326,4,7,1,1,1
412,4,164,421,6,5,1,1,1
412,5,226,401,4,5,1,1,1
413,1,210,331,4,5,1,1,1
413,3,242,326,6,7,1,1,1
413,4,164,421,6,5,1,1,1
413,5,226,401,4,5,1,1,1
414,1,210,331,4,5,1,1,1
414,3,242,326,6,7,1,1,1
414,4,164,421,6,5,1,1,1
414,5,226,401,4,5,1,1,1
415,1,210,331,4,5,1,1,1
415,3,242,326,5,6,1,1,1
415,4,164,420,6,6,1,1,1
415,5,226,401,4,5,1,1,1
416,1,210,331,4,5,1,1,1
416,3,242,326,5,6,1,1,1
416,4,164,420,6,6,1,1,1
416,5,226,401,4,5,1,1,1
417,1,210,331,4,5,1,1,1
417,3,242,325,6,7,1,1,1
417,4,165,420,5,6,1,1,1
417,5,226,401,4,5,1,1,1
418,1,210,331,4,5,1,1,1
418,3,242,325,6,7,1,1,1
418,4,165,420,5,6,1,1,1
418,5,226,401,4,5,1,1,1
419,1,210,331,4,5,1,1,1
419,3,242,325,6,7,1,1,1
419,4,165,420,5,5,1,1,1
419,5,226,401,4,5,1,1,1
420,1,210,331,4,5,1,1,1
420,3,242,325,6,7,1,1,1
420,4,165,420,5,5,1,1,1
420,5,226,401,4,5,1,1,1
421,1,210,331,5,5,1,1,1
421,3,242,325,5,6,1,1,1
421,4,165,420,5,5,1,1,1
421,5,226,401,4,5,1,1,1
422,1,210,331,5,5,1,1,1
422,3,242,325,5,6,1,1,1
422,4,165,420,5,5,1,1,1
422,5,226,401,4,5,1,1,1
423,1,210,331,5,5,1,1,1
423,3,243,325,4,6,1,1,1
423,4,165,420,5,5,1,1,1
423,5,226,401,4,5,1,1,1
424,1,210,331,5,5,1,1,1
424,3,243,325,4,6,1,1,1
424,4,165,420,5,5,1,1,1
424,5,226,401,4,5,1,1,1
425,1,210,331,5,5,1,1,1
425,3,243,325,4,6,1,1,1
425,4,165,420,5,5,1,1,1
425,5,226,401,4,5,1,1,1
426,1,210,331,5,5,1,1,1
426,3,243,325,4,6,1,1,1
426,4,165,420,5,5,1,1,1
426,5,226,401,4,5,1,1,1
427,1,210,331,5,5,1,1,1
427,3,243,325,4,6,1,1,1
427,4,165,420,5,5,1,1,1
427,5,226,401,4,5,1,1,1
428,1,210,331,5,5,1,1,1
428,3,243,325,4,6,1,1,1
428,4,165,420,5,5,1,1,1
428,5,226,401,4,5,1,1,1
429,1,211,331,4,5,1,1,1
429,3,243,326,4,5,1,1,1
429,4,165,420,5,5,1,1,1
429,5,226,401,4,5,1,1,1
430,1,211,331,4,5,1,1,1
430,3,243,326,4,5,1,1,1
430,4,165,420,5,5,1,1,1
430,5,226,401,4,5,1,1,1
431,1,211,331,4,5,1,1,1
431,3,243,326,4,5,1,1,1
431,4,165,420,5,5,1,1,1
431,5,226,401,4,5,1,1,1
432,1,211,331,4,5,1,1,1
432,3,243,326,4,5,1,1,1
432,4,165,420,5,5,1,1,1
432,5,226,401,4,5,1,1,1
433,1,211,331,4,5,1,1,1
433,3,243,326,4,6,1,1,1
433,4,166,420,5,5,1,1,1
433,5,226,401,4,5,1,1,1
434,1,211,331,4,5,1,1,1
434,3,243,326,4,6,1,1,1
434,4,166,420,5,5,1,1,1
434,5,226,401,4,5,1,1,1
435,1,211,331,4,5,1,1,1
435,3,243,327,4,5,1,1,1
435,4,166,420,4,5,1,1,1
435,5,226,401,4,5,1,1,1
436,1,211,331,4,5,1,1,1
436,3,243,327,4,5,1,1,1
436,4,166,420,4,5,1,1,1
436,5,226,401,4,5,1,1,1
437,1,211,331,4,5,1,1,1
437,3,242,327,6,5,1,1,1
437,4,165,420,6,5,1,1,1
437,5,226,401,4,5,1,1,1
438,1,211,331,4,5,1,1,1
438,3,242,327,6,5,1,1,1
438,4,165,420,6,5,1,1,1
438,5,226,401,4,5,1,1,1
439,1,211,331,4,5,1,1,1
439,3,242,327,6,6,1,1,1
439,4,165,420,6,5,1,1,1
439,5,226,401,4,5,1,1,1
440,1,211,331,4,5,1,1,1
440,3,242,327,6,6,1,1,1
440,4,165,420,6,5,1,1,1
440,5,226,401,4,5,1,1,1
441,1,211,331,4,5,1,1,1
441,3,242,327,6,6,1,1,1
441,4,165,419,6,6,1,1,1
441,5,226,401,4,5,1,1,1
442,1,211,331,4,5,1,1,1
442,3,242,327,6,6,1,1,1
442,4,165,419,6,6,1,1,1
442,5,226,401,4,5,1,1,1
443,1,210,330,6,6,1,1,1
443,3,242,327,6,6,1,1,1
443,4,165,419,6,6,1,1,1
443,5,226,401,4,5,1,1,1
444,1,210,330,6,6,1,1,1
444,3,242,327,6,6,1,1,1
444,4,165,419,6,6,1,1,1
444,5,226,401,4,5,1,1,1
445,1,211,330,5,5,1,1,1
445,3,242,327,6,6,1,1,1
445,4,166,419,5,6,1,1,1
445,5,226,401,4,5,1,1,1
446,1,211,330,5,5,1,1,1
446,3,242,327,6,6,1,1,1
446,4,166,419,5,6,1,1,1
446,5,226,401,4,5,1,1,1
447,1,211,330,4,5,1,1,1
447,3,242,327,6,6,1,1,1
447,4,166,419,5,6,1,1,1
447,5,226,401,4,5,1,1,1
448,1,211,330,4,5,1,1,1
448,3,242,327,6,6,1,1,1
448,4,166,419,5,6,1,1,1
448,5,226,401,4,5,1,1,1
449,1,211,329,4,6,1,1,1
449,3,242,327,6,6,1,1,1
449,4,166,419,4,5,1,1,1
449,5,226,401,4,5,1,1,1
450,1,211,329,4,6,1,1,1
450,3,242,327,6,6,1,1,1
450,4,166,419,4,5,1,1,1
450,5,226,401,4,5,1,1,1
451,1,210,329,6,5,1,1,1
451,3,242,327,6,6,1,1,1
451,4,166,419,4,5,1,1,1
451,5,226,401,4,5,1,1,1
452,1,210,329,6,5,1,1,1
452,3,242,327,6,6,1,1,1
452,4,166,419,4,5,1,1,1
452,5,226,401,4,5,1,1,1
453,1,211,329,5,5,1,1,1
453,3,242,327,6,6,1,1,1
453,4,166,419,5,5,1,1,1
453,5,226,401,4,5,1,1,1
454,1,211,329,5,5,1,1,1
454,3,242,327,6,6,1,1,1
454,4,166,419,5,5,1,1,1
454,5,226,401,4,5,1,1,1
455,1,211,328,4,6,1,1,1
455,3,242,327,6,6,1,1,1
455,4,166,419,6,5,1,1,1
455,5,226,401,4,5,1,1,1
456,1,211,328,4,6,1,1,1
456,3,242,327,6,6,1,1,1
456,4,166,419,6,5,1,1,1
456,5,226,401,4,5,1,1,1
457,1,211,328,4,5,1,1,1
457,3,242,327,6,6,1,1,1
457,4,166,419,5,5,1,1,1
457,5,225,401,6,5,1,1,1
458,1,211,328,4,5,1,1,1
458,3,242,327,6,6,1,1,1
458,4,166,419,5,5,1,1,1
458,5,225,401,6,5,1,1,1
459,1,211,328,4,5,1,1,1
459,3,242,327,6,6,1,1,1
459,4,167,418,4,6,1,1,1
459,5,225,401,6,5,1,1,1
460,1,211,328,4,5,1,1,1
460,3,242,327,6,6,1,1,1
460,4,167,418,4,6,1,1,1
460,5,225,401,6,5,1,1,1
461,1,211,328,4,5,1,1,1
461,3,243,327,5,6,1,1,1
461,4,167,418,4,5,1,1,1
461,5,225,401,6,5,1,1,1
462,1,211,328,4,5,1,1,1
462,3,243,327,5,6,1,1,1
462,4,167,418,4,5,1,1,1
462,5,225,401,6,5,1,1,1
463,1,211,328,4,5,1,1,1
463,3,243,327,5,6,1,1,1
463,4,167,418,4,5,1,1,1
463,5,225,400,6,6,1,1,1
464,1,211,328,4,5,1,1,1
464,3,243,327,5,6,1,1,1
464,4,167,418,4,5,1,1,1
464,5,225,400,6,6,1,1,1
465,1,211,328,5,4,1,1,1
465,3,243,327,5,6,1,1,1
465,4,167,418,4,5,1,1,1
465,5,225,400,6,6,1,1,1
466,1,211,328,5,4,1,1,1
466,3,243,327,5,6,1,1,1
466,4,167,418,4,5,1,1,1
466,5,225,400,6,6,1,1,1
467,1,211,328,5,4,1,1,1
467,3,243,327,5,6,1,1,1
467,4,167,418,4,5,1,1,1
467,5,226,400,4,6,1,1,1
468,1,211,328,5,4,1,1,1
468,3,243,327,5,6,1,1,1
468,4,167,418,4,5,1,1,1
468,5,226,400,4,6,1,1,1
469,1,211,327,5,5,1,1,1
469,3,243,328,5,5,1,1,1
469,4,167,418,4,5,1,1,1
469,5,226,400,4,6,1,1,1
470,1,211,327,5,5,1,1,1
470,3,243,328,5,5,1,1,1
470,4,167,418,4,5,1,1,1
470,5,226,400,4,6,1,1,1
471,1,212,327,4,5,1,1,1
471,3,243,328,4,5,1,1,1
471,4,167,418,4,5,1,1,1
471,5,226,400,4,5,1,1,1
472,1,212,327,4,5,1,1,1
472,3,243,328,4,5,1,1,1
472,4,167,418,4,5,1,1,1
472,5,226,400,4,5,1,1,1
473,1,212,327,4,5,1,1,1
473,3,243,328,5,5,1,1,1
473,4,167,418,4,4,1,1,1
473,5,226,400,4,5,1,1,1
474,1,212,327,4,5,1,1,1
474,3,243,328,5,5,1,1,1
474,4,167,418,4,4,1,1,1
474,5,226,400,4,5,1,1,1
475,1,212,327,4,5,1,1,1
475,3,243,328,5,5,1,1,1
475,4,167,418,5,4,1,1,1
475,5,226,400,4,5,1,1,1
476,1,212,327,4,5,1,1,1
476,3,243,328,5,5,1,1,1
476,4,167,418,5,4,1,1,1
476,5,226,400,4,5,1,1,1
477,1,212,327,5,5,1,1,1
477,3,243,328,5,5,1,1,1
477,4,167,418,5,4,1,1,1
477,5,226,400,4,5,1,1,1
478,1,212,327,5,5,1,1,1
478,3,243,328,5,5,1,1,1
478,4,167,418,5,4,1,1,1
478,5,226,400,4,5,1,1,1
479,1,212,327,5,4,1,1,1
479,3,243,328,5,5,1,1,1
479,4,167,417,5,5,1,1,1
479,5,226,400,4,5,1,1,1
480,1,212,327,5,4,1,1,1
480,3,243,328,5,5,1,1,1
480,4,167,417,5,5,1,1,1
480,5,226,400,4,5,1,1,1
481,1,213,326,4,5,1,1,1
481,3,243,328,5,5,1,1,1
481,4,167,417,6,5,1,1,1
481,5,226,400,4,5,1,1,1
482,1,213,326,4,5,1,1,1
482,3,243,328,5,5,1,1,1
482,4,167,417,6,5,1,1,1
482,5,226,400,4,5,1,1,1
483,1,213,326,4,5,1,1,1
483,3,243,328,6,5,1,1,1
483,4,168,417,5,5,1,1,1
483,5,226,400,4,5,1,1,1
484,1,213,326,4,5,1,1,1
484,3,243,328,6,5,1,1,1
484,4,168,417,5,5,1,1,1
484,5,226,400,4,5,1,1,1
485,1,213,326,4,5,1,1,1
485,3,243,328,6,5,1,1,1
485,4,168,417,5,5,1,1,1
485,5,226,400,4,5,1,1,1
486,1,213,326,4,5,1,1,1
486,3,243,328,6,5,1,1,1
486,4,168,417,5,5,1,1,1
486,5,226,400,4,5,1,1,1
487,1,213,326,4,5,1,1,1
487,3,243,328,6,5,1,1,1
487,4,168,417,5,5,1,1,1
487,5,226,400,4,5,1,1,1
488,1,213,326,4,5,1,1,1
488,3,243,328,6,5,1,1,1
488,4,168,417,5,5,1,1,1
488,5,226,400,4,5,1,1,1
489,1,213,326,4,4,1,1,1
489,3,243,328,6,5,1,1,1
489,4,167,417,6,5,1,1,1
489,5,226,400,4,5,1,1,1
490,1,213,326,4,4,1,1,1
490,3,243,328,6,5,1,1,1
490,4,167,417,6,5,1,1,1
490,5,226,400,4,5,1,1,1
491,1,213,326,5,4,1,1,1
491,3,243,328,6,5,1,1,1
491,4,167,417,6,5,1,1,1
491,5,226,400,4,5,1,1,1
492,1,213,326,5,4,1,1,1
492,3,243,328,6,5,1,1,1
492,4,167,417,6,5,1,1,1
492,5,226,400,4,5,1,1,1
493,1,213,325,5,5,1,1,1
493,3,243,328,6,5,1,1,1
493,4,167,416,6,6,1,1,1
493,5,225,400,6,5,1,1,1
494,1,213,325,5,5,1,1,1
494,3,243,328,6,5,1,1,1
494,4,167,416,6,6,1,1,1
494,5,225,400,6,5,1,1,1
495,1,213,325,6,5,1,1,1
495,3,243,328,6,5,1,1,1
495,4,168,416,5,5,1,1,1
495,5,225,400,6,5,1,1,1
496,1,213,325,6,5,1,1,1
496,3,243,328,6,5,1,1,1
496,4,168,416,5,5,1,1,1
496,5,225,400,6,5,1,1,1
497,1,214,325,4,5,1,1,1
497,3,243,328,6,5,1,1,1
497,4,168,416,5,5,1,1,1
497,5,225,399,6,6,1,1,1
498,1,214,325,4,5,1,1,1
498,3,243,328,6,5,1,1,1
498,4,168,416,5,5,1,1,1
498,5,225,399,6,6,1,1,1
499,1,214,325,4,5,1,1,1
499,3,243,328,6,5,1,1,1
499,4,168,416,5,5,1,1,1
499,5,225,399,6,6,1,1,1
500,1,214,325,4,5,1,1,1
500,3,243,328,6,5,1,1,1
500,4,168,416,5,5,1,1,1
500,5,225,399,6,6,1,1,1
501,1,214,324,5,5,1,1,1
501,3,243,328,6,5,1,1,1
501,4,168,416,6,5,1,1,1
501,5,225,399,6,6,1,1,1
502,1,214,324,5,5,1,1,1
502,3,243,328,6,5,1,1,1
502,4,168,416,6,5,1,1,1
502,5,225,399,6,6,1,1,1
503,1,214,324,5,5,1,1,1
503,3,243,328,6,5,1,1,1
503,4,168,416,6,5,1,1,1
503,5,226,399,4,6,1,1,1
504,1,214,324,5,5,1,1,1
504,3,243,328,6,5,1,1,1
504,4,168,416,6,5,1,1,1
504,5,226,399,4,6,1,1,1
505,1,214,324,5,5,1,1,1
505,3,243,328,6,5,1,1,1
505,4,168,415,6,6,1,1,1
505,5,226,399,4,5,1,1,1
506,1,214,324,5,5,1,1,1
506,3,243,328,6,5,1,1,1
506,4,168,415,6,6,1,1,1
506,5,226,399,4,5,1,1,1
507,1,214,324,5,5,1,1,1
507,3,243,328,6,5,1,1,1
507,4,169,415,5,6,1,1,1
507,5,226,399,4,5,1,1,1
508,1,214,324,5,5,1,1,1
508,3,243,328,6,5,1,1,1
508,4,169,415,5,6,1,1,1
508,5,226,399,4,5,1,1,1
509,1,215,324,4,5,1,1,1
509,3,243,328,6,5,1,1,1
509,4,169,415,5,5,1,1,1
509,5,226,399,4,5,1,1,1
510,1,215,324,4,5,1,1,1
510,3,243,328,6,5,1,1,1
510,4,169,415,5,5,1,1,1
510,5,226,399,4,5,1,1,1
511,1,215,324,4,5,1,1,1
511,3,243,328,6,5,1,1,1
511,4,169,415,5,5,1,1,1
511,5,226,399,4,5,1,1,1
512,1,215,324,4,5,1,1,1
512,3,243,328,6,5,1,1,1
512,4,169,415,5,5,1,1,1
512,5,226,399,4,5,1,1,1
513,1,215,324,5,4,1,1,1
513,3,243,328,6,5,1,1,1
513,4,169,415,6,5,1,1,1
513,5,226,399,4,5,1,1,1
514,1,215,324,5,4,1,1,1
514,3,243,328,6,5,1,1,1
514,4,169,415,6,5,1,1,1
514,5,226,399,4,5,1,1,1
515,1,215,324,5,4,1,1,1
515,3,243,328,6,5,1,1,1
515,4,169,415,6,5,1,1,1
515,5,226,399,4,5,1,1,1
516,1,215,324,5,4,1,1,1
516,3,243,328,6,5,1,1,1
516,4,169,415,6,5,1,1,1
516,5,226,399,4,5,1,1,1
517,1,215,323,5,5,1,1,1
517,3,243,328,7,5,1,1,1
517,4,170,414,5,6,1,1,1
517,5,226,399,4,5,1,1,1
518,1,215,323,5,5,1,1,1
518,3,243,328,7,5,1,1,1
518,4,170,414,5,6,1,1,1
518,5,226,399,4,5,1,1,1
519,1,216,323,4,5,1,1,1
519,3,243,328,7,6,1,1,1
519,4,170,414,4,6,1,1,1
519,5,226,399,4,5,1,1,1
520,1,216,323,4,5,1,1,1
520,3,243,328,7,6,1,1,1
520,4,170,414,4,6,1,1,1
520,5,226,399,4,5,1,1,1
521,1,216,323,5,5,1,1,1
521,3,243,328,7,6,1,1,1
521,4,170,414,4,5,1,1,1
521,5,226,399,4,5,1,1,1
522,1,216,323,5,5,1,1,1
522,3,243,328,7,6,1,1,1
522,4,170,414,4,5,1,1,1
522,5,226,399,4,5,1,1,1
523,1,216,322,5,5,1,1,1
523,3,243,328,7,6,1,1,1
523,4,170,414,4,5,1,1,1
523,5,226,399,4,5,1,1,1
524,1,216,322,5,5,1,1,1
524,3,243,328,7,6,1,1,1
524,4,170,414,4,5,1,1,1
524,5,226,399,4,5,1,1,1
525,1,217,322,4,5,1,1,1
525,3,244,328,5,6,1,1,1
525,4,170,414,4,5,1,1,1
525,5,226,399,4,5,1,1,1
526,1,217,322,4,5,1,1,1
526,3,244,328,5,6,1,1,1
526,4,170,414,4,5,1,1,1
526,5,226,399,4,5,1,1,1
527,1,217,322,4,5,1,1,1
527,3,244,328,5,6,1,1,1
527,4,169,414,6,5,1,1,1
527,5,226,399,4,5,1,1,1
528,1,217,322,4,5,1,1,1
528,3,244,328,5,6,1,1,1
528,4,169,414,6,5,1,1,1
528,5,226,399,4,5,1,1,1
529,1,217,322,5,5,1,1,1
529,3,244,328,5,6,1,1,1
529,4,170,414,5,5,1,1,1
529,5,226,399,4,4,1,1,1
530,1,217,322,5,5,1,1,1
530,3,244,328,5,6,1,1,1
530,4,170,414,5,5,1,1,1
530,5,226,399,4,4,1,1,1
531,1,218,321,5,5,1,1,1
531,3,244,328,5,6,1,1,1
531,4,170,413,5,6,1,1,1
531,5,225,399,6,4,1,1,1
532,1,218,321,5,5,1,1,1
532,3,244,328,5,6,1,1,1
532,4,170,413,5,6,1,1,1
532,5,225,399,6,4,1,1,1
533,1,218,321,5,5,1,1,1
533,3,244,329,5,5,1,1,1
533,4,171,413,4,6,1,1,1
533,5,225,398,6,5,1,1,1
534,1,218,321,5,5,1,1,1
534,3,244,329,5,5,1,1,1
534,4,171,413,4,6,1,1,1
534,5,225,398,6,5,1,1,1
535,1,217,321,6,5,1,1,1
535,3,244,329,5,5,1,1,1
535,4,171,413,4,5,1,1,1
535,5,225,398,6,5,1,1,1
536,1,217,321,6,5,1,1,1
536,3,244,329,5,5,1,1,1
536,4,171,413,4,5,1,1,1
536,5,225,398,6,5,1,1,1
537,1,218,320,5,6,1,1,1
537,3,244,329,5,5,1,1,1
537,4,171,413,4,5,1,1,1
537,5,225,398,6,5,1,1,1
538,1,218,320,5,6,1,1,1
538,3,244,329,5,5,1,1,1
538,4,171,413,4,5,1,1,1
538,5,225,398,6,5,1,1,1
539,1,218,320,6,6,1,1,1
539,3,244,329,5,5,1,1,1
539,4,171,413,4,5,1,1,1
539,5,225,398,6,5,1,1,1
540,1,218,320,6,6,1,1,1
540,3,244,329,5,5,1,1,1
540,4,171,413,4,5,1,1,1
540,5,225,398,6,5,1,1,1
541,1,219,320,5,5,1,1,1
541,3,244,329,5,5,1,1,1
541,4,171,413,4,5,1,1,1
541,5,225,398,6,5,1,1,1
542,1,219,320,5,5,1,1,1
542,3,244,329,5,5,1,1,1
542,4,171,413,4,5,1,1,1
542,5,225,398,6,5,1,1,1
543,1,219,320,4,5,1,1,1
543,3,243,329,7,5,1,1,1
543,4,170,413,6,5,1,1,1
543,5,225,398,6,5,1,1,1
544,1,219,320,4,5,1,1,1
544,3,243,329,7,5,1,1,1
544,4,170,413,6,5,1,1,1
544,5,225,398,6,5,1,1,1
545,1,219,320,5,4,1,1,1
545,3,243,329,7,5,1,1,1
545,4,170,413,6,5,1,1,1
545,5,225,398,6,5,1,1,1
546,1,219,320,5,4,1,1,1
546,3,243,329,7,5,1,1,1
546,4,170,413,6,5,1,1,1
546,5,225,398,6,5,1,1,1
547,1,220,320,4,4,1,1,1
547,3,243,329,7,6,1,1,1
547,4,171,412,5,6,1,1,1
547,5,225,398,6,5,1,1,1
548,1,220,320,4,4,1,1,1
548,3,243,329,7,6,1,1,1
548,4,171,412,5,6,1,1,1
548,5,225,398,6,5,1,1,1
549,1,220,319,5,5,1,1,1
549,3,243,329,7,6,1,1,1
549,4,171,412,5,6,1,1,1
549,5,225,398,6,5,1,1,1
550,1,220,319,5,5,1,1,1
550,3,243,329,7,6,1,1,1
550,4,171,412,5,6,1,1,1
550,5,225,398,6,5,1,1,1
551,1,220,319,5,5,1,1,1
551,3,243,329,7,6,1,1,1
551,4,171,412,5,5,1,1,1
551,5,225,398,6,5,1,1,1
552,1,220,319,5,5,1,1,1
552,3,243,329,7,6,1,1,1
552,4,171,412,5,5,1,1,1
552,5,225,398,6,5,1,1,1
553,1,220,319,5,5,1,1,1
553,3,243,329,7,6,1,1,1
553,4,172,412,4,5,1,1,1
553,5,225,398,6,5,1,1,1
554,1,220,319,5,5,1,1,1
554,3,243,329,7,6,1,1,1
554,4,172,412,4,5,1,1,1
554,5,225,398,6,5,1,1,1
555,1,219,319,6,5,1,1,1
555,3,243,329,7,6,1,1,1
555,4,172,412,4,5,1,1,1
555,5,225,398,6,5,1,1,1
556,1,219,319,6,5,1,1,1
556,3,243,329,7,6,1,1,1
556,4,172,412,4,5,1,1,1
556,5,225,398,6,5,1,1,1
557,1,220,318,5,6,1,1,1
557,3,243,329,7,6,1,1,1
557,4,172,412,4,5,1,1,1
557,5,225,398,6,5,1,1,1
558,1,220,318,5,6,1,1,1
558,3,243,329,7,6,1,1,1
558,4,172,412,4,5,1,1,1
558,5,225,398,6,5,1,1,1
559,1,220,318,5,6,1,1,1
559,3,243,329,7,6,1,1,1
559,4,172,412,4,5,1,1,1
559,5,225,398,6,5,1,1,1
560,1,220,318,5,6,1,1,1
560,3,243,329,7,6,1,1,1
560,4,172,412,4,5,1,1,1
560,5,225,398,6,5,1,1,1
561,1,221,318,5,5,1,1,1
561,3,244,329,6,6,1,1,1
561,4,172,412,4,4,1,1,1
561,5,225,398,6,5,1,1,1
562,1,221,318,5,5,1,1,1
562,3,244,329,6,6,1,1,1
562,4,172,412,4,4,1,1,1
562,5,225,398,6,5,1,1,1
563,1,221,318,5,5,1,1,1
563,3,244,329,6,6,1,1,1
563,4,172,412,5,4,1,1,1
563,5,225,398,6,5,1,1,1
564,1,221,318,5,5,1,1,1
564,3,244,329,6,6,1,1,1
564,4,172,412,5,4,1,1,1
564,5,225,398,6,5,1,1,1
565,1,221,318,5,5,1,1,1
565,3,244,329,6,6,1,1,1
565,4,172,411,5,5,1,1,1
565,5,225,398,6,5,1,1,1
566,1,221,318,5,5,1,1,1
566,3,244,329,6,6,1,1,1
566,4,172,411,5,5,1,1,1
566,5,225,398,6,5,1,1,1
567,1,221,317,6,6,1,1,1
567,3,244,329,6,6,1,1,1
567,4,172,411,6,5,1,1,1
567,5,225,398,6,5,1,1,1
568,1,221,317,6,6,1,1,1
568,3,244,329,6,6,1,1,1
568,4,172,411,6,5,1,1,1
568,5,225,398,6,5,1,1,1
569,1,221,317,6,6,1,1,1
569,3,244,329,6,6,1,1,1
569,4,172,411,6,5,1,1,1
569,5,225,398,6,5,1,1,1
570,1,221,317,6,6,1,1,1
570,3,244,329,6,6,1,1,1
570,4,172,411,6,5,1,1,1
570,5,225,398,6,5,1,1,1
571,1,222,317,5,6,1,1,1
571,3,243,329,7,6,1,1,1
571,4,172,410,6,6,1,1,1
571,5,225,398,6,5,1,1,1
572,1,222,317,5,6,1,1,1
572,3,243,329,7,6,1,1,1
572,4,172,410,6,6,1,1,1
572,5,225,398,6,5,1,1,1
573,1,222,317,5,6,1,1,1
573,3,243,329,6,6,1,1,1
573,4,173,410,5,6,1,1,1
573,5,225,398,6,5,1,1,1
574,1,222,317,5,6,1,1,1
574,3,243,329,6,6,1,1,1
574,4,173,410,5,6,1,1,1
574,5,225,398,6,5,1,1,1
575,1,222,317,4,5,1,1,1
575,3,243,329,7,6,1,1,1
575,4,173,410,5,5,1,1,1
575,5,225,398,6,5,1,1,1
576,1,222,317,4,5,1,1,1
576,3,243,329,7,6,1,1,1
576,4,173,410,5,5,1,1,1
576,5,225,398,6,5,1,1,1
577,1,221,317,6,5,1,1,1
577,3,243,329,7,6,1,1,1
577,4,173,410,5,5,1,1,1
577,5,225,398,6,5,1,1,1
578,1,221,317,6,5,1,1,1
578,3,243,329,7,6,1,1,1
578,4,173,410,5,5,1,1,1
578,5,225,398,6,5,1,1,1
579,1,221,317,6,5,1,1,1
579,3,243,329,6,6,1,1,1
579,4,172,410,6,5,1,1,1
579,5,225,398,6,5,1,1,1
580,1,221,317,6,5,1,1,1
580,3,243,329,6,6,1,1,1
580,4,172,410,6,5,1,1,1
580,5,225,398,6,5,1,1,1
581,1,222,316,5,6,1,1,1
581,3,243,329,6,6,1,1,1
581,4,173,410,5,5,1,1,1
581,5,225,397,6,6,1,1,1
582,1,222,316,5,6,1,1,1
582,3,243,329,6,6,1,1,1
582,4,173,410,5,5,1,1,1
582,5,225,397,6,6,1,1,1
583,1,222,316,5,6,1,1,1
583,3,242,329,6,5,1,1,1
583,4,173,409,5,6,1,1,1
583,5,225,397,6,6,1,1,1
584,1,222,316,5,6,1,1,1
584,3,242,329,6,5,1,1,1
584,4,173,409,5,6,1,1,1
584,5,225,397,6,6,1,1,1
585,1,222,316,5,5,1,1,1
585,3,242,329,6,5,1,1,1
585,4,173,409,5,5,1,1,1
585,5,225,397,6,6,1,1,1
585,38,246,330,5,5,1,1,1
586,1,222,316,5,5,1,1,1
586,3,242,329,6,5,1,1,1
586,4,173,409,5,5,1,1,1
586,5,225,397,6,6,1,1,1
586,38,246,330,5,5,1,1,1
587,1,222,316,5,5,1,1,1
587,3,242,329,6,5,1,1,1
587,4,173,409,5,5,1,1,1
587,5,225,397,6,6,1,1,1
587,38,246,330,5,5,1,1,1
588,1,222,316,5,5,1,1,1
588,3,242,329,6,5,1,1,1
588,4,173,409,5,5,1,1,1
588,5,225,397,6,6,1,1,1
588,38,246,330,5,5,1,1,1
589,1,223,316,4,5,1,1,1
589,3,242,329,6,4,1,1,1
589,4,174,409,5,5,1,1,1
589,5,225,397,5,6,1,1,1
589,38,246,330,5,5,1,1,1
590,1,223,316,4,5,1,1,1
590,3,242,329,6,4,1,1,1
590,4,174,409,5,5,1,1,1
590,5,225,397,5,6,1,1,1
590,38,246,330,5,5,1,1,1
591,1,223,316,4,5,1,1,1
591,3,242,329,6,4,1,1,1
591,4,174,409,5,5,1,1,1
591,5,225,397,5,6,1,1,1
591,38,246,330,6,5,1,1,1
592,1,223,316,4,5,1,1,1
592,3,242,329,6,4,1,1,1
592,4,174,409,5,5,1,1,1
592,5,225,397,5,6,1,1,1
592,38,246,330,6,5,1,1,1
593,1,223,316,4,5,1,1,1
593,3,242,329,5,4,1,1,1
593,4,174,409,5,5,1,1,1
593,5,225,397,5,6,1,1,1
593,38,246,330,6,5,1,1,1
594,1,223,316,4,5,1,1,1
594,3,242,329,5,4,1,1,1
594,4,174,409,5,5,1,1,1
594,5,225,397,5,6,1,1,1
594,38,246,330,6,5,1,1,1
595,1,223,316,4,5,1,1,1
595,3,241,329,6,4,1,1,1
595,4,173,409,6,5,1,1,1
595,5,225,397,5,5,1,1,1
595,38,246,330,6,6,1,1,1
596,1,223,316,4,5,1,1,1
596,3,241,329,6,4,1,1,1
596,4,173,409,6,5,1,1,1
596,5,225,397,5,5,1,1,1
596,38,246,330,6,6,1,1,1
597,1,223,316,4,5,1,1,1
597,3,241,329,6,4,1,1,1
597,4,174,409,5,5,1,1,1
597,5,225,397,5,5,1,1,1
597,38,247,330,5,6,1,1,1
598,1,223,316,4,5,1,1,1
598,3,241,329,6,4,1,1,1
598,4,174,409,5,5,1,1,1
598,5,225,397,5,5,1,1,1
598,38,247,330,5,6,1,1,1
599,1,222,316,6,5,1,1,1
599,3,241,329,6,4,1,1,1
599,4,174,408,5,6,1,1,1
599,5,225,397,4,5,1,1,1
599,38,247,331,5,5,1,1,1
600,1,222,316,6,5,1,1,1
600,3,241,329,6,4,1,1,1
600,4,174,408,5,6,1,1,1
600,5,225,397,4,5,1,1,1
600,38,247,331,5,5,1,1,1
601,1,222,316,6,5,1,1,1
601,3,241,329,6,4,1,1,1
601,4,174,408,6,5,1,1,1
601,5,224,397,5,5,1,1,1
601,38,247,331,5,5,1,1,1
602,1,222,316,6,5,1,1,1
602,3,241,329,6,4,1,1,1
602,4,174,408,6,5,1,1,1
602,5,224,397,5,5,1,1,1
602,38,247,331,5,5,1,1,1
603,1,222,315,6,6,1,1,1
603,3,241,329,6,4,1,1,1
603,4,175,408,5,5,1,1,1
603,5,224,397,5,5,1,1,1
603,38,247,331,5,5,1,1,1
604,1,222,315,6,6,1,1,1
604,3,241,329,6,4,1,1,1
604,4,175,408,5,5,1,1,1
604,5,224,397,5,5,1,1,1
604,38,247,331,5,5,1,1,1
605,1,222,315,6,6,1,1,1
605,3,241,329,6,4,1,1,1
605,4,175,408,5,5,1,1,1
605,5,224,397,5,5,1,1,1
605,38,247,331,5,5,1,1,1
606,1,222,315,6,6,1,1,1
606,3,241,329,6,4,1,1,1
606,4,175,408,5,5,1,1,1
606,5,224,397,5,5,1,1,1
606,38,247,331,5,5,1,1,1
607,1,222,316,6,5,1,1,1
607,3,241,329,6,4,1,1,1
607,4,175,408,5,5,1,1,1
607,5,224,397,5,5,1,1,1
607,38,247,331,5,5,1,1,1
608,1,222,316,6,5,1,1,1
608,3,241,329,6,4,1,1,1
608,4,175,408,5,5,1,1,1
608,5,224,397,5,5,1,1,1
608,38,247,331,5,5,1,1,1
609,1,223,316,4,5,1,1,1
609,3,241,329,6,4,1,1,1
609,4,174,408,6,5,1,1,1
609,5,224,397,5,5,1,1,1
609,38,247,331,5,5,1,1,1
610,1,223,316,4,5,1,1,1
610,3,241,329,6,4,1,1,1
610,4,174,408,6,5,1,1,1
610,5,224,397,5,5,1,1,1
610,38,247,331,5,5,1,1,1
611,1,223,316,4,5,1,1,1
611,3,241,329,6,4,1,1,1
611,4,174,408,6,5,1,1,1
611,5,224,397,5,5,1,1,1
611,38,247,331,5,5,1,1,1
612,1,223,316,4,5,1,1,1
612,3,241,329,6,4,1,1,1
612,4,174,408,6,5,1,1,1
612,5,224,397,5,5,1,1,1
612,38,247,331,5,5,1,1,1
613,1,223,316,4,5,1,1,1
613,3,241,329,6,4,1,1,1
613,4,175,407,5,6,1,1,1
613,5,224,397,5,5,1,1,1
613,38,247,331,5,5,1,1,1
614,1,223,316,4,5,1,1,1
614,3,241,329,6,4,1,1,1
614,4,175,407,5,6,1,1,1
614,5,224,397,5,5,1,1,1
614,38,247,331,5,5,1,1,1
615,1,223,316,4,5,1,1,1
615,3,241,329,6,4,1,1,1
615,4,175,407,5,5,1,1,1
615,5,224,397,5,5,1,1,1
615,38,247,331,5,5,1,1,1
616,1,223,316,4,5,1,1,1
616,3,241,329,6,4,1,1,1
616,4,175,407,5,5,1,1,1
616,5,224,397,5,5,1,1,1
616,38,247,331,5,5,1,1,1
617,1,223,316,4,5,1,1,1
617,3,241,329,6,4,1,1,1
617,4,176,407,4,5,1,1,1
617,5,224,397,5,5,1,1,1
617,38,247,331,5,5,1,1,1
618,1,223,316,4,5,1,1,1
618,3,241,329,6,4,1,1,1
618,4,176,407,4,5,1,1,1
618,5,224,397,5,5,1,1,1
618,38,247,331,5,5,1,1,1
619,1,223,316,4,5,1,1,1
619,3,241,329,6,4,1,1,1
619,4,176,407,4,5,1,1,1
619,5,224,397,5,5,1,1,1
619,38,247,331,5,5,1,1,1
620,1,223,316,4,5,1,1,1
620,3,241,329,6,4,1,1,1
620,4,176,407,4,5,1,1,1
620,5,224,397,5,5,1,1,1
620,38,247,331,5,5,1,1,1
621,1,223,316,4,5,1,1,1
621,3,241,329,6,4,1,1,1
621,4,175,407,6,5,1,1,1
621,5,224,397,5,5,1,1,1
621,38,247,331,5,5,1,1,1
622,1,223,316,4,5,1,1,1
622,3,241,329,6,4,1,1,1
622,4,175,407,6,5,1,1,1
622,5,224,397,5,5,1,1,1
622,38,247,331,5,5,1,1,1
623,1,223,316,4,5,1,1,1
623,3,241,329,6,4,1,1,1
623,4,176,407,5,5,1,1,1
623,5,224,397,5,5,1,1,1
623,38,248,331,4,5,1,1,1
624,1,223,316,4,5,1,1,1
624,3,241,329,6,4,1,1,1
624,4,176,407,5,5,1,1,1
624,5,224,397,5,5,1,1,1
624,38,248,331,4,5,1,1,1
625,1,223,316,4,5,1,1,1
625,3,241,329,6,4,1,1,1
625,4,176,406,5,6,1,1,1
625,5,224,397,5,5,1,1,1
625,38,248,331,4,5,1,1,1
626,1,223,316,4,5,1,1,1
626,3,241,329,6,4,1,1,1
626,4,176,406,5,6,1,1,1
626,5,224,397,5,5,1,1,1
626,38,248,331,4,5,1,1,1
627,1,223,316,4,5,1,1,1
627,3,241,329,6,4,1,1,1
627,4,176,406,5,5,1,1,1
627,5,224,397,5,5,1,1,1
627,38,248,331,4,5,1,1,1
628,1,223,316,4,5,1,1,1
628,3,241,329,6,4,1,1,1
628,4,176,406,5,5,1,1,1
628,5,224,397,5,5,1,1,1
628,38,248,331,4,5,1,1,1
629,1,223,316,4,5,1,1,1
629,3,241,329,6,4,1,1,1
629,4,176,406,5,5,1,1,1
629,5,224,397,5,5,1,1,1
629,38,248,332,4,4,1,1,1
630,1,223,316,4,5,1,1,1
630,3,241,329,6,4,1,1,1
630,4,176,406,5,5,1,1,1
630,5,224,397,5,5,1,1,1
630,38,248,332,4,4,1,1,1
631,1,223,316,4,5,1,1,1
631,3,241,329,6,4,1,1,1
631,4,176,406,6,5,1,1,1
631,5,224,397,5,5,1,1,1
631,38,248,332,4,4,1,1,1
632,1,223,316,4,5,1,1,1
632,3,241,329,6,4,1,1,1
632,4,176,406,6,5,1,1,1
632,5,224,397,5,5,1,1,1
632,38,248,332,4,4,1,1,1
633,1,223,316,4,5,1,1,1
633,3,241,329,6,4,1,1,1
633,4,176,406,6,5,1,1,1
633,5,224,397,5,5,1,1,1
633,38,248,332,4,4,1,1,1
634,1,223,316,4,5,1,1,1
634,3,241,329,6,4,1,1,1
634,4,176,406,6,5,1,1,1
634,5,224,397,5,5,1,1,1
634,38,248,332,4,4,1,1,1
635,1,223,316,4,5,1,1,1
635,3,241,329,6,4,1,1,1
635,4,176,405,6,6,1,1,1
635,5,224,397,5,5,1,1,1
635,38,248,332,4,4,1,1,1
636,1,223,316,4,5,1,1,1
636,3,241,329,6,4,1,1,1
636,4,176,405,6,6,1,1,1
636,5,224,397,5,5,1,1,1
636,38,248,332,4,4,1,1,1
637,1,223,316,4,5,1,1,1
637,3,241,329,6,4,1,1,1
637,4,177,405,5,6,1,1,1
637,5,224,397,5,5,1,1,1
637,38,248,332,4,4,1,1,1
638,1,223,316,4,5,1,1,1
638,3,241,329,6,4,1,1,1
638,4,177,405,5,6,1,1,1
638,5,224,397,5,5,1,1,1
638,38,248,332,4,4,1,1,1
639,1,223,316,4,5,1,1,1
639,3,241,329,6,4,1,1,1
639,4,177,405,5,5,1,1,1
639,5,224,397,5,5,1,1,1
639,38,248,332,4,4,1,1,1
640,1,223,316,4,5,1,1,1
640,3,241,329,6,4,1,1,1
640,4,177,405,5,5,1,1,1
640,5,224,397,5,5,1,1,1
640,38,248,332,4,4,1,1,1
641,1,223,316,4,5,1,1,1
641,3,241,329,6,4,1,1,1
641,4,177,405,5,5,1,1,1
641,5,224,397,6,5,1,1,1
641,38,248,332,4,4,1,1,1
642,1,223,316,4,5,1,1,1
642,3,241,329,6,4,1,1,1
642,4,177,405,5,5,1,1,1
642,5,224,397,6,5,1,1,1
642,38,248,332,4,4,1,1,1
643,1,223,316,5,5,1,1,1
643,3,241,329,6,4,1,1,1
643,4,178,405,4,5,1,1,1
643,5,224,397,6,5,1,1,1
643,38,247,332,6,4,1,1,1
644,1,223,316,5,5,1,1,1
644,3,241,329,6,4,1,1,1
644,4,178,405,4,5,1,1,1
644,5,224,397,6,5,1,1,1
644,38,247,332,6,4,1,1,1
645,1,223,316,5,5,1,1,1
645,3,241,329,6,4,1,1,1
645,4,178,405,4,5,1,1,1
645,5,224,397,6,5,1,1,1
645,38,247,332,6,4,1,1,1
646,1,223,316,5,5,1,1,1
646,3,241,329,6,4,1,1,1
646,4,178,405,4,5,1,1,1
646,5,224,397,6,5,1,1,1
646,38,247,332,6,4,1,1,1
647,1,223,316,5,5,1,1,1
647,3,241,329,6,4,1,1,1
647,4,177,405,6,5,1,1,1
647,5,224,396,6,6,1,1,1
647,38,247,332,6,5,1,1,1
648,1,223,316,5,5,1,1,1
648,3,241,329,6,4,1,1,1
648,4,177,405,6,5,1,1,1
648,5,224,396,6,6,1,1,1
648,38,247,332,6,5,1,1,1
649,1,223,316,5,5,1,1,1
649,3,241,329,6,4,1,1,1
649,4,178,405,5,5,1,1,1
649,5,225,396,5,6,1,1,1
649,38,247,332,6,5,1,1,1
650,1,223,316,5,5,1,1,1
650,3,241,329,6,4,1,1,1
650,4,178,405,5,5,1,1,1
650,5,225,396,5,6,1,1,1
650,38,247,332,6,5,1,1,1
651,1,223,316,4,5,1,1,1
651,3,241,329,6,4,1,1,1
651,4,178,404,5,6,1,1,1
651,5,225,396,5,6,1,1,1
651,38,247,332,6,5,1,1,1
652,1,223,316,4,5,1,1,1
652,3,241,329,6,4,1,1,1
652,4,178,404,5,6,1,1,1
652,5,225,396,5,6,1,1,1
652,38,247,332,6,5,1,1,1
653,1,222,316,6,5,1,1,1
653,3,241,329,6,4,1,1,1
653,4,178,404,4,5,1,1,1
653,5,225,396,5,6,1,1,1
653,38,247,332,6,5,1,1,1
654,1,222,316,6,5,1,1,1
654,3,241,329,6,4,1,1,1
654,4,178,404,4,5,1,1,1
654,5,225,396,5,6,1,1,1
654,38,247,332,6,5,1,1,1
655,1,222,316,6,5,1,1,1
655,3,241,329,6,4,1,1,1
655,4,178,404,4,5,1,1,1
655,5,225,396,5,5,1,1,1
655,38,247,332,6,5,1,1,1
656,1,222,316,6,5,1,1,1
656,3,241,329,6,4,1,1,1
656,4,178,404,4,5,1,1,1
656,5,225,396,5,5,1,1,1
656,38,247,332,6,5,1,1,1
657,1,222,316,6,5,1,1,1
657,3,241,329,6,4,1,1,1
657,4,178,404,5,5,1,1,1
657,5,225,396,5,5,1,1,1
657,38,248,332,5,5,1,1,1
658,1,222,316,6,5,1,1,1
658,3,241,329,6,4,1,1,1
658,4,178,404,5,5,1,1,1
658,5,225,396,5,5,1,1,1
658,38,248,332,5,5,1,1,1
659,1,223,315,5,6,1,1,1
659,3,241,329,6,4,1,1,1
659,4,178,404,5,5,1,1,1
659,5,225,396,5,5,1,1,1
659,38,248,332,5,5,1,1,1
660,1,223,315,5,6,1,1,1
660,3,241,329,6,4,1,1,1
660,4,178,404,5,5,1,1,1
660,5,225,396,5,5,1,1,1
660,38,248,332,5,5,1,1,1
661,1,223,315,4,6,1,1,1
661,3,241,329,6,4,1,1,1
661,4,178,404,5,5,1,1,1
661,5,225,396,5,5,1,1,1
661,38,248,332,5,5,1,1,1
662,1,223,315,4,6,1,1,1
662,3,241,329,6,4,1,1,1
662,4,178,404,5,5,1,1,1
662,5,225,396,5,5,1,1,1
662,38,248,332,5,5,1,1,1
663,1,223,315,5,5,1,1,1
663,3,241,329,6,4,1,1,1
663,4,178,403,6,6,1,1,1
663,5,225,396,6,5,1,1,1
663,38,248,332,6,5,1,1,1
664,1,223,315,5,5,1,1,1
664,3,241,329,6,4,1,1,1
664,4,178,403,6,6,1,1,1
664,5,225,396,6,5,1,1,1
664,38,248,332,6,5,1,1,1
665,1,223,315,5,5,1,1,1
665,3,241,329,6,4,1,1,1
665,4,179,403,5,5,1,1,1
665,5,225,396,6,5,1,1,1
665,38,248,332,6,5,1,1,1
666,1,223,315,5,5,1,1,1
666,3,241,329,6,4,1,1,1
666,4,179,403,5,5,1,1,1
666,5,225,396,6,5,1,1,1
666,38,248,332,6,5,1,1,1
667,1,224,315,4,5,1,1,1
667,3,241,329,6,4,1,1,1
667,4,179,403,5,5,1,1,1
667,5,225,396,6,5,1,1,1
667,38,249,332,5,5,1,1,1
668,1,224,315,4,5,1,1,1
668,3,241,329,6,4,1,1,1
668,4,179,403,5,5,1,1,1
668,5,225,396,6,5,1,1,1
668,38,249,332,5,5,1,1,1
669,1,224,315,4,5,1,1,1
669,3,241,329,6,4,1,1,1
669,4,178,403,6,5,1,1,1
669,5,225,396,6,5,1,1,1
669,38,249,332,5,5,1,1,1
670,1,224,315,4,5,1,1,1
670,3,241,329,6,4,1,1,1
670,4,178,403,6,5,1,1,1
670,5,225,396,6,5,1,1,1
670,38,249,332,5,5,1,1,1
671,1,224,315,4,5,1,1,1
671,3,241,329,6,5,1,1,1
671,4,178,403,6,5,1,1,1
671,5,225,396,6,5,1,1,1
671,38,249,332,5,5,1,1,1
672,1,224,315,4,5,1,1,1
672,3,241,329,6,5,1,1,1
672,4,178,403,6,5,1,1,1
672,5,225,396,6,5,1,1,1
672,38,249,332,5,5,1,1,1
673,1,224,315,5,5,1,1,1
673,3,241,329,6,5,1,1,1
673,4,179,402,5,6,1,1,1
673,5,225,396,6,5,1,1,1
673,38,248,332,6,5,1,1,1
674,1,224,315,5,5,1,1,1
674,3,241,329,6,5,1,1,1
674,4,179,402,5,6,1,1,1
674,5,225,396,6,5,1,1,1
674,38,248,332,6,5,1,1,1
675,1,224,315,5,4,1,1,1
675,3,241,329,6,5,1,1,1
675,4,179,402,5,5,1,1,1
675,5,225,396,6,5,1,1,1
675,38,248,332,6,5,1,1,1
676,1,224,315,5,4,1,1,1
676,3,241,329,6,5,1,1,1
676,4,179,402,5,5,1,1,1
676,5,225,396,6,5,1,1,1
676,38,248,332,6,5,1,1,1
677,1,224,314,5,5,1,1,1
677,3,241,329,6,6,1,1,1
677,4,179,402,5,5,1,1,1
677,5,225,396,6,5,1,1,1
677,38,248,332,6,6,1,1,1
678,1,224,314,5,5,1,1,1
678,3,241,329,6,6,1,1,1
678,4,179,402,5,5,1,1,1
678,5,225,396,6,5,1,1,1
678,38,248,332,6,6,1,1,1
679,1,224,314,5,5,1,1,1
679,3,241,329,6,5,1,1,1
679,4,179,402,5,5,1,1,1
679,5,225,396,5,5,1,1,1
679,38,248,332,6,6,1,1,1
680,1,224,314,5,5,1,1,1
680,3,241,329,6,5,1,1,1
680,4,179,402,5,5,1,1,1
680,5,225,396,5,5,1,1,1
680,38,248,332,6,6,1,1,1
681,1,225,314,4,5,1,1,1
681,3,242,329,4,5,1,1,1
681,4,179,402,6,5,1,1,1
681,5,225,396,5,5,1,1,1
681,38,248,332,6,6,1,1,1
682,1,225,314,4,5,1,1,1
682,3,242,329,4,5,1,1,1
682,4,179,402,6,5,1,1,1
682,5,225,396,5,5,1,1,1
682,38,248,332,6,6,1,1,1
683,1,225,314,4,5,1,1,1
683,3,242,329,4,5,1,1,1
683,4,179,401,6,6,1,1,1
683,5,224,396,6,5,1,1,1
683,38,248,332,6,6,1,1,1
684,1,225,314,4,5,1,1,1
684,3,242,329,4,5,1,1,1
684,4,179,401,6,6,1,1,1
684,5,224,396,6,5,1,1,1
684,38,248,332,6,6,1,1,1
685,1,225,314,4,5,1,1,1
685,3,242,329,4,5,1,1,1
685,4,179,401,6,6,1,1,1
685,5,224,395,6,6,1,1,1
685,38,248,332,6,6,1,1,1
686,1,225,314,4,5,1,1,1
686,3,242,329,4,5,1,1,1
686,4,179,401,6,6,1,1,1
686,5,224,395,6,6,1,1,1
686,38,248,332,6,6,1,1,1
687,1,225,314,4,5,1,1,1
687,3,242,329,4,4,1,1,1
687,4,180,401,5,6,1,1,1
687,5,224,395,6,6,1,1,1
687,38,248,332,6,6,1,1,1
688,1,225,314,4,5,1,1,1
688,3,242,329,4,4,1,1,1
688,4,180,401,5,6,1,1,1
688,5,224,395,6,6,1,1,1
688,38,248,332,6,6,1,1,1
689,1,225,314,4,5,1,1,1
689,3,242,329,4,4,1,1,1
689,4,180,401,4,5,1,1,1
689,5,224,395,6,6,1,1,1
689,38,249,332,4,6,1,1,1
690,1,225,314,4,5,1,1,1
690,3,242,329,4,4,1,1,1
690,4,180,401,4,5,1,1,1
690,5,224,395,6,6,1,1,1
690,38,249,332,4,6,1,1,1
691,1,225,314,4,5,1,1,1
691,3,242,329,4,4,1,1,1
691,4,180,401,4,5,1,1,1
691,5,224,395,6,6,1,1,1
691,38,249,332,4,6,1,1,1
692,1,225,314,4,5,1,1,1
692,3,242,329,4,4,1,1,1
692,4,180,401,4,5,1,1,1
692,5,224,395,6,6,1,1,1
692,38,249,332,4,6,1,1,1
693,1,225,314,5,4,1,1,1
693,3,242,329,4,4,1,1,1
693,4,180,401,4,5,1,1,1
693,5,224,395,5,6,1,1,1
693,38,248,332,6,6,1,1,1
694,1,225,314,5,4,1,1,1
694,3,242,329,4,4,1,1,1
694,4,180,401,4,5,1,1,1
694,5,224,395,5,6,1,1,1
694,38,248,332,6,6,1,1,1
695,1,225,313,5,5,1,1,1
695,3,242,329,4,4,1,1,1
695,4,179,401,6,5,1,1,1
695,5,225,395,4,5,1,1,1
695,38,249,332,5,6,1,1,1
696,1,225,313,5,5,1,1,1
696,3,242,329,4,4,1,1,1
696,4,179,401,6,5,1,1,1
696,5,225,395,4,5,1,1,1
696,38,249,332,5,6,1,1,1
697,1,226,313,4,5,1,1,1
697,3,242,329,4,4,1,1,1
697,4,180,401,5,5,1,1,1
697,5,225,395,4,5,1,1,1
697,38,249,332,5,6,1,1,1
698,1,226,313,4,5,1,1,1
698,3,242,329,4,4,1,1,1
698,4,180,401,5,5,1,1,1
698,5,225,395,4,5,1,1,1
698,38,249,332,5,6,1,1,1
699,1,226,313,4,5,1,1,1
699,3,242,329,4,4,1,1,1
699,4,180,400,5,6,1,1,1
699,5,225,395,4,5,1,1,1
699,38,250,333,4,5,1,1,1
700,1,226,313,4,5,1,1,1
700,3,242,329,4,4,1,1,1
700,4,180,400,5,6,1,1,1
700,5,225,395,4,5,1,1,1
700,38,250,333,4,5,1,1,1
701,1,226,313,4,5,1,1,1
701,3,242,329,4,4,1,1,1
701,4,180,400,5,5,1,1,1
701,5,225,395,4,5,1,1,1
701,38,250,333,4,5,1,1,1
702,1,226,313,4,5,1,1,1
702,3,242,329,4,4,1,1,1
702,4,180,400,5,5,1,1,1
702,5,225,395,4,5,1,1,1
702,38,250,333,4,5,1,1,1
703,1,226,313,4,5,1,1,1
703,3,242,329,4,4,1,1,1
703,4,180,400,5,5,1,1,1
703,5,225,395,4,5,1,1,1
703,38,250,333,4,5,1,1,1
704,1,226,313,4,5,1,1,1
704,3,242,329,4,4,1,1,1
704,4,180,400,5,5,1,1,1
704,5,225,395,4,5,1,1,1
704,38,250,333,4,5,1,1,1
705,1,226,313,4,4,1,1,1
705,3,242,329,4,4,1,1,1
705,4,180,400,5,5,1,1,1
705,5,225,395,4,5,1,1,1
705,38,250,333,4,5,1,1,1
706,1,226,313,4,4,1,1,1
706,3,242,329,4,4,1,1,1
706,4,180,400,5,5,1,1,1
706,5,225,395,4,5,1,1,1
706,38,250,333,4,5,1,1,1
707,1,226,313,5,4,1,1,1
707,3,242,329,4,4,1,1,1
707,4,180,400,6,5,1,1,1
707,5,225,395,4,5,1,1,1
707,38,250,333,4,5,1,1,1
708,1,226,313,5,4,1,1,1
708,3,242,329,4,4,1,1,1
708,4,180,400,6,5,1,1,1
708,5,225,395,4,5,1,1,1
708,38,250,333,4,5,1,1,1
709,1,226,312,5,5,1,1,1
709,3,242,329,4,4,1,1,1
709,4,180,400,6,5,1,1,1
709,5,225,395,4,5,1,1,1
709,38,250,333,4,5,1,1,1
710,1,226,312,5,5,1,1,1
710,3,242,329,4,4,1,1,1
710,4,180,400,6,5,1,1,1
710,5,225,395,4,5,1,1,1
710,38,250,333,4,5,1,1,1
711,1,226,312,5,5,1,1,1
711,3,242,329,4,4,1,1,1
711,4,181,399,5,6,1,1,1
711,5,225,395,4,5,1,1,1
711,38,250,333,4,5,1,1,1
712,1,226,312,5,5,1,1,1
712,3,242,329,4,4,1,1,1
712,4,181,399,5,6,1,1,1
712,5,225,395,4,5,1,1,1
712,38,250,333,4,5,1,1,1
713,1,226,312,5,5,1,1,1
713,3,242,329,4,4,1,1,1
713,4,181,399,5,5,1,1,1
713,5,225,395,4,5,1,1,1
713,38,250,333,4,5,1,1,1
714,1,226,312,5,5,1,1,1
714,3,242,329,4,4,1,1,1
714,4,181,399,5,5,1,1,1
714,5,225,395,4,5,1,1,1
714,38,250,333,4,5,1,1,1
715,1,226,312,5,5,1,1,1
715,3,242,329,4,4,1,1,1
715,4,181,399,5,5,1,1,1
715,5,225,395,4,5,1,1,1
715,38,250,333,4,5,1,1,1
716,1,226,312,5,5,1,1,1
716,3,242,329,4,4,1,1,1
716,4,181,399,5,5,1,1,1
716,5,225,395,4,5,1,1,1
716,38,250,333,4,5,1,1,1
717,1,227,312,5,5,1,1,1
717,3,242,329,4,4,1,1,1
717,4,181,399,6,5,1,1,1
717,5,225,395,5,5,1,1,1
717,38,250,333,4,5,1,1,1
718,1,227,312,5,5,1,1,1
718,3,242,329,4,4,1,1,1
718,4,181,399,6,5,1,1,1
718,5,225,395,5,5,1,1,1
718,38,250,333,4,5,1,1,1
719,1,227,312,5,5,1,1,1
719,3,242,329,4,4,1,1,1
719,4,181,399,6,5,1,1,1
719,5,225,395,5,5,1,1,1
719,38,250,333,4,5,1,1,1
720,1,227,312,5,5,1,1,1
720,3,242,329,4,4,1,1,1
720,4,181,399,6,5,1,1,1
720,5,225,395,5,5,1,1,1
720,38,250,333,4,5,1,1,1
721,1,227,312,5,5,1,1,1
721,3,242,329,4,4,1,1,1
721,4,181,398,6,6,1,1,1
721,5,225,394,5,6,1,1,1
721,38,250,333,4,5,1,1,1
722,1,227,312,5,5,1,1,1
722,3,242,329,4,4,1,1,1
722,4,181,398,6,6,1,1,1
722,5,225,394,5,6,1,1,1
722,38,250,333,4,5,1,1,1
723,1,227,312,5,5,1,1,1
723,3,242,329,4,4,1,1,1
723,4,182,398,5,6,1,1,1
723,5,225,394,6,6,1,1,1
723,38,250,333,4,5,1,1,1
724,1,227,312,5,5,1,1,1
724,3,242,329,4,4,1,1,1
724,4,182,398,5,6,1,1,1
724,5,225,394,6,6,1,1,1
724,38,250,333,4,5,1,1,1
725,1,226,312,6,5,1,1,1
725,3,242,329,4,4,1,1,1
725,4,182,398,5,5,1,1,1
725,5,225,394,6,6,1,1,1
725,38,250,333,4,5,1,1,1
726,1,226,312,6,5,1,1,1
726,3,242,329,4,4,1,1,1
726,4,182,398,5,5,1,1,1
726,5,225,394,6,6,1,1,1
726,38,250,333,4,5,1,1,1
727,1,226,312,6,5,1,1,1
727,3,242,329,4,4,1,1,1
727,4,182,398,5,5,1,1,1
727,5,225,394,6,6,1,1,1
727,38,250,333,4,5,1,1,1
728,1,226,312,6,5,1,1,1
728,3,242,329,4,4,1,1,1
728,4,182,398,5,5,1,1,1
728,5,225,394,6,6,1,1,1
728,38,250,333,4,5,1,1,1
729,1,227,311,6,6,1,1,1
729,3,242,329,4,4,1,1,1
729,4,182,398,5,5,1,1,1
729,5,225,394,5,6,1,1,1
729,38,250,333,4,5,1,1,1
730,1,227,311,6,6,1,1,1
730,3,242,329,4,4,1,1,1
730,4,182,398,5,5,1,1,1
730,5,225,394,5,6,1,1,1
730,38,250,333,4,5,1,1,1
731,1,227,311,5,6,1,1,1
731,3,242,329,4,4,1,1,1
731,4,182,398,5,5,1,1,1
731,5,225,394,5,6,1,1,1
731,38,250,333,5,5,1,1,1
732,1,227,311,5,6,1,1,1
732,3,242,329,4,4,1,1,1
732,4,182,398,5,5,1,1,1
732,5,225,394,5,6,1,1,1
732,38,250,333,5,5,1,1,1
733,1,227,311,5,6,1,1,1
733,3,242,329,4,4,1,1,1
733,4,182,398,5,5,1,1,1
733,5,225,394,5,5,1,1,1
733,38,250,333,6,5,1,1,1
734,1,227,311,5,6,1,1,1
734,3,242,329,4,4,1,1,1
734,4,182,398,5,5,1,1,1
734,5,225,394,5,5,1,1,1
734,38,250,333,6,5,1,1,1
735,1,228,311,4,5,1,1,1
735,3,242,329,4,4,1,1,1
735,4,182,398,5,5,1,1,1
735,5,225,394,5,5,1,1,1
735,38,250,333,6,5,1,1,1
736,1,228,311,4,5,1,1,1
736,3,242,329,4,4,1,1,1
736,4,182,398,5,5,1,1,1
736,5,225,394,5,5,1,1,1
736,38,250,333,6,5,1,1,1
737,1,228,311,4,5,1,1,1
737,3,242,329,4,4,1,1,1
737,4,182,397,6,6,1,1,1
737,5,224,394,6,5,1,1,1
737,38,250,333,6,5,1,1,1
738,1,228,311,4,5,1,1,1
738,3,242,329,4,4,1,1,1
738,4,182,397,6,6,1,1,1
738,5,224,394,6,5,1,1,1
738,38,250,333,6,5,1,1,1
739,1,228,311,4,5,1,1,1
739,3,242,329,4,4,1,1,1
739,4,182,397,6,6,1,1,1
739,5,224,394,6,5,1,1,1
739,38,250,333,6,6,1,1,1
740,1,228,311,4,5,1,1,1
740,3,242,329,4,4,1,1,1
740,4,182,397,6,6,1,1,1
740,5,224,394,6,5,1,1,1
740,38,250,333,6,6,1,1,1
741,1,227,311,6,5,1,1,1
741,3,241,329,5,4,1,1,1
741,4,182,397,6,6,1,1,1
741,5,224,394,6,5,1,1,1
741,38,250,333,5,6,1,1,1
742,1,227,311,6,5,1,1,1
742,3,241,329,5,4,1,1,1
742,4,182,397,6,6,1,1,1
742,5,224,394,6,5,1,1,1
742,38,250,333,5,6,1,1,1
743,1,227,311,6,5,1,1,1
743,3,241,329,5,4,1,1,1
743,4,183,397,5,6,1,1,1
743,5,224,394,6,5,1,1,1
743,38,250,333,5,6,1,1,1
744,1,227,311,6,5,1,1,1
744,3,241,329,5,4,1,1,1
744,4,183,397,5,6,1,1,1
744,5,224,394,6,5,1,1,1
744,38,250,333,5,6,1,1,1
745,1,228,310,5,6,1,1,1
745,3,241,329,5,4,1,1,1
745,4,183,397,5,5,1,1,1
745,5,224,394,6,5,1,1,1
745,38,250,333,5,6,1,1,1
746,1,228,310,5,6,1,1,1
746,3,241,329,5,4,1,1,1
746,4,183,397,5,5,1,1,1
746,5,224,394,6,5,1,1,1
746,38,250,333,5,6,1,1,1
747,1,228,310,5,6,1,1,1
747,3,241,329,5,4,1,1,1
747,4,183,397,5,5,1,1,1
747,5,224,394,6,5,1,1,1
747,38,250,334,5,5,1,1,1
748,1,228,310,5,6,1,1,1
748,3,241,329,5,4,1,1,1
748,4,183,397,5,5,1,1,1
748,5,224,394,6,5,1,1,1
748,38,250,334,5,5,1,1,1
749,1,229,310,4,5,1,1,1
749,3,240,329,6,5,1,1,1
749,4,183,397,6,5,1,1,1
749,5,224,394,6,5,1,1,1
749,38,251,334,5,5,1,1,1
750,1,229,310,4,5,1,1,1
750,3,240,329,6,5,1,1,1
750,4,183,397,6,5,1,1,1
750,5,224,394,6,5,1,1,1
750,38,251,334,5,5,1,1,1
