1,1,71,66,11,3,1,1,1
1,2,341,303,5,4,1,1,1
2,1,71,66,11,3,1,1,1
2,2,341,303,5,4,1,1,1
3,2,339,303,5,5,1,1,1
4,2,339,303,5,5,1,1,1
5,2,337,304,5,5,1,1,1
6,2,337,304,5,5,1,1,1
7,2,335,305,6,5,1,1,1
8,2,335,305,6,5,1,1,1
9,2,333,306,6,5,1,1,1
10,2,333,306,6,5,1,1,1
11,2,331,307,7,5,1,1,1
12,2,331,307,7,5,1,1,1
13,2,329,307,6,6,1,1,1
14,2,329,307,6,6,1,1,1
15,2,327,308,7,5,1,1,1
16,2,327,308,7,5,1,1,1
17,2,325,308,7,6,1,1,1
17,12,409,5,10,6,1,1,1
18,2,325,308,7,6,1,1,1
18,12,409,5,10,6,1,1,1
19,2,324,309,6,5,1,1,1
19,12,410,6,10,6,1,1,1
20,2,324,309,6,5,1,1,1
20,12,410,6,10,6,1,1,1
21,2,321,310,7,5,1,1,1
22,2,321,310,7,5,1,1,1
23,2,319,310,7,6,1,1,1
24,2,319,310,7,6,1,1,1
25,2,317,311,7,5,1,1,1
26,2,317,311,7,5,1,1,1
27,2,315,311,7,5,1,1,1
28,2,315,311,7,5,1,1,1
29,2,313,311,7,5,1,1,1
30,2,313,311,7,5,1,1,1
39,41,101,143,10,6,1,1,1
40,41,101,143,10,6,1,1,1
41,41,102,144,10,6,1,1,1
41,44,300,451,8,6,1,1,1
42,41,102,144,10,6,1,1,1
42,44,300,451,8,6,1,1,1
43,44,298,450,8,6,1,1,1
44,44,298,450,8,6,1,1,1
45,44,295,450,8,6,1,1,1
45,49,107,135,11,6,1,1,1
45,50,289,438,11,6,1,1,1
45,52,271,83,10,6,1,1,1
46,44,295,450,8,6,1,1,1
46,49,107,135,11,6,1,1,1
46,50,289,438,11,6,1,1,1
46,52,271,83,10,6,1,1,1
47,44,294,450,7,6,1,1,1
47,49,108,134,11,6,1,1,1
47,50,289,438,11,7,1,1,1
47,52,275,82,10,6,1,1,1
48,44,294,450,7,6,1,1,1
48,49,108,134,11,6,1,1,1
48,50,289,438,11,7,1,1,1
48,52,275,82,10,6,1,1,1
49,44,292,450,8,5,1,1,1
49,50,289,438,11,7,1,1,1
49,52,279,81,10,6,1,1,1
50,44,292,450,8,5,1,1,1
50,50,289,438,11,7,1,1,1
50,52,279,81,10,6,1,1,1
51,44,290,449,8,6,1,1,1
51,50,289,438,11,7,1,1,1
51,52,284,80,9,5,1,1,1
52,44,290,449,8,6,1,1,1
52,50,289,438,11,7,1,1,1
52,52,284,80,9,5,1,1,1
53,44,288,449,7,5,1,1,1
53,50,289,438,12,7,1,1,1
53,52,288,79,9,5,1,1,1
54,44,288,449,7,5,1,1,1
54,50,289,438,12,7,1,1,1
54,52,288,79,9,5,1,1,1
55,44,287,448,6,5,1,1,1
55,52,292,78,10,5,1,1,1
56,44,287,448,6,5,1,1,1
56,52,292,78,10,5,1,1,1
57,44,285,447,7,6,1,1,1
57,52,297,77,9,5,1,1,1
58,44,285,447,7,6,1,1,1
58,52,297,77,9,5,1,1,1
59,44,282,446,9,6,1,1,1
59,52,301,76,9,5,1,1,1
60,44,282,446,9,6,1,1,1
60,52,301,76,9,5,1,1,1
61,44,280,445,9,7,1,1,1
61,52,305,75,10,5,1,1,1
62,44,280,445,9,7,1,1,1
62,52,305,75,10,5,1,1,1
63,44,278,443,10,7,1,1,1
63,52,310,74,10,5,1,1,1
64,44,278,443,10,7,1,1,1
64,52,310,74,10,5,1,1,1
65,44,276,442,10,7,1,1,1
65,52,315,73,9,6,1,1,1
65,70,132,105,11,7,1,1,1
66,44,276,442,10,7,1,1,1
66,52,315,73,9,6,1,1,1
66,70,132,105,11,7,1,1,1
67,44,275,441,9,7,1,1,1
67,52,319,72,10,6,1,1,1
67,70,135,103,10,6,1,1,1
68,44,275,441,9,7,1,1,1
68,52,319,72,10,6,1,1,1
68,70,135,103,10,6,1,1,1
69,44,273,440,10,7,1,1,1
69,52,324,72,9,5,1,1,1
69,70,138,100,10,6,1,1,1
70,44,273,440,10,7,1,1,1
70,52,324,72,9,5,1,1,1
70,70,138,100,10,6,1,1,1
71,52,328,71,10,6,1,1,1
71,70,141,97,10,6,1,1,1
72,52,328,71,10,6,1,1,1
72,70,141,97,10,6,1,1,1
73,52,333,71,9,5,1,1,1
73,70,143,94,10,6,1,1,1
73,76,269,437,9,6,1,1,1
73,77,151,429,9,6,1,1,1
74,52,333,71,9,5,1,1,1
74,70,143,94,10,6,1,1,1
74,76,269,437,9,6,1,1,1
74,77,151,429,9,6,1,1,1
75,52,338,71,9,5,1,1,1
75,70,146,92,10,5,1,1,1
75,76,267,436,9,6,1,1,1
75,77,151,429,9,6,1,1,1
76,52,338,71,9,5,1,1,1
76,70,146,92,10,5,1,1,1
76,76,267,436,9,6,1,1,1
76,77,151,429,9,6,1,1,1
77,52,343,71,8,5,1,1,1
77,70,148,89,10,6,1,1,1
77,76,264,434,11,7,1,1,1
77,77,151,429,8,5,1,1,1
78,52,343,71,8,5,1,1,1
78,70,148,89,10,6,1,1,1
78,76,264,434,11,7,1,1,1
78,77,151,429,8,5,1,1,1
79,52,347,71,9,5,1,1,1
79,70,151,86,10,6,1,1,1
79,76,263,433,9,5,1,1,1
79,77,151,429,8,5,1,1,1
80,52,347,71,9,5,1,1,1
80,70,151,86,10,6,1,1,1
80,76,263,433,9,5,1,1,1
80,77,151,429,8,5,1,1,1
81,52,352,71,9,5,1,1,1
81,70,154,83,10,6,1,1,1
81,76,261,431,10,6,1,1,1
81,77,151,429,8,5,1,1,1
82,52,352,71,9,5,1,1,1
82,70,154,83,10,6,1,1,1
82,76,261,431,10,6,1,1,1
82,77,151,429,8,5,1,1,1
83,52,356,71,9,5,1,1,1
83,70,158,81,10,6,1,1,1
83,76,260,429,9,5,1,1,1
83,77,150,429,10,5,1,1,1
84,52,356,71,9,5,1,1,1
84,70,158,81,10,6,1,1,1
84,76,260,429,9,5,1,1,1
84,77,150,429,10,5,1,1,1
85,52,361,71,9,5,1,1,1
85,70,161,78,9,6,1,1,1
85,76,258,427,9,6,1,1,1
85,77,150,429,10,6,1,1,1
86,52,361,71,9,5,1,1,1
86,70,161,78,9,6,1,1,1
86,76,258,427,9,6,1,1,1
86,77,150,429,10,6,1,1,1
87,52,365,71,9,5,1,1,1
87,70,164,76,10,5,1,1,1
87,76,256,425,10,6,1,1,1
87,77,150,429,10,6,1,1,1
87,85,244,431,9,6,1,1,1
88,52,365,71,9,5,1,1,1
88,70,164,76,10,5,1,1,1
88,76,256,425,10,6,1,1,1
88,77,150,429,10,6,1,1,1
88,85,244,431,9,6,1,1,1
89,52,370,71,9,5,1,1,1
89,70,167,73,10,6,1,1,1
89,76,255,423,9,6,1,1,1
89,77,150,429,10,6,1,1,1
89,85,245,431,9,6,1,1,1
90,52,370,71,9,5,1,1,1
90,70,167,73,10,6,1,1,1
90,76,255,423,9,6,1,1,1
90,77,150,429,10,6,1,1,1
90,85,245,431,9,6,1,1,1
91,52,374,71,10,6,1,1,1
91,70,170,70,10,6,1,1,1
91,76,253,421,9,6,1,1,1
91,77,150,429,10,6,1,1,1
92,52,374,71,10,6,1,1,1
92,70,170,70,10,6,1,1,1
92,76,253,421,9,6,1,1,1
92,77,150,429,10,6,1,1,1
93,52,379,72,9,5,1,1,1
93,70,173,68,10,6,1,1,1
93,76,252,419,8,5,1,1,1
93,77,150,429,10,6,1,1,1
94,52,379,72,9,5,1,1,1
94,70,173,68,10,6,1,1,1
94,76,252,419,8,5,1,1,1
94,77,150,429,10,6,1,1,1
95,52,383,72,11,6,1,1,1
95,70,176,65,11,6,1,1,1
95,76,250,416,9,6,1,1,1
95,77,150,429,10,6,1,1,1
96,52,383,72,11,6,1,1,1
96,70,176,65,11,6,1,1,1
96,76,250,416,9,6,1,1,1
96,77,150,429,10,6,1,1,1
97,52,388,73,10,5,1,1,1
97,70,179,63,12,6,1,1,1
97,76,248,414,10,6,1,1,1
97,77,150,429,10,6,1,1,1
98,52,388,73,10,5,1,1,1
98,70,179,63,12,6,1,1,1
98,76,248,414,10,6,1,1,1
98,77,150,429,10,6,1,1,1
99,52,392,73,11,6,1,1,1
99,70,183,60,11,7,1,1,1
99,76,247,412,9,5,1,1,1
99,77,150,429,10,6,1,1,1
100,52,392,73,11,6,1,1,1
100,70,183,60,11,7,1,1,1
100,76,247,412,9,5,1,1,1
100,77,150,429,10,6,1,1,1
101,52,397,74,10,6,1,1,1
101,70,186,58,11,6,1,1,1
101,76,246,409,9,6,1,1,1
102,52,397,74,10,6,1,1,1
102,70,186,58,11,6,1,1,1
102,76,246,409,9,6,1,1,1
103,50,289,439,10,6,1,1,1
103,52,402,75,9,5,1,1,1
103,70,190,56,10,6,1,1,1
103,76,244,407,10,6,1,1,1
104,50,289,439,10,6,1,1,1
104,52,402,75,9,5,1,1,1
104,70,190,56,10,6,1,1,1
104,76,244,407,10,6,1,1,1
105,50,289,439,10,6,1,1,1
105,52,406,76,10,5,1,1,1
105,70,193,54,10,6,1,1,1
105,76,243,404,10,6,1,1,1
105,95,493,285,10,6,1,1,1
106,50,289,439,10,6,1,1,1
106,52,406,76,10,5,1,1,1
106,70,193,54,10,6,1,1,1
106,76,243,404,10,6,1,1,1
106,95,493,285,10,6,1,1,1
107,52,411,76,10,6,1,1,1
107,70,196,51,11,6,1,1,1
107,76,242,402,8,5,1,1,1
107,95,493,286,10,6,1,1,1
108,52,411,76,10,6,1,1,1
108,70,196,51,11,6,1,1,1
108,76,242,402,8,5,1,1,1
108,95,493,286,10,6,1,1,1
109,52,415,77,11,6,1,1,1
109,70,200,49,10,6,1,1,1
109,76,240,399,10,6,1,1,1
109,96,494,292,10,6,1,1,1
110,52,415,77,11,6,1,1,1
110,70,200,49,10,6,1,1,1
110,76,240,399,10,6,1,1,1
110,96,494,292,10,6,1,1,1
111,52,420,79,10,5,1,1,1
111,70,203,47,11,6,1,1,1
111,76,239,396,9,6,1,1,1
111,96,494,293,10,6,1,1,1
112,52,420,79,10,5,1,1,1
112,70,203,47,11,6,1,1,1
112,76,239,396,9,6,1,1,1
112,96,494,293,10,6,1,1,1
113,52,425,80,9,5,1,1,1
113,70,206,45,12,6,1,1,1
113,76,237,393,11,7,1,1,1
114,52,425,80,9,5,1,1,1
114,70,206,45,12,6,1,1,1
114,76,237,393,11,7,1,1,1
115,52,429,81,9,5,1,1,1
115,70,209,42,12,7,1,1,1
115,76,236,390,10,7,1,1,1
116,52,429,81,9,5,1,1,1
116,70,209,42,12,7,1,1,1
116,76,236,390,10,7,1,1,1
117,52,433,82,10,6,1,1,1
117,70,213,40,12,7,1,1,1
117,76,235,388,9,6,1,1,1
117,99,494,306,10,6,1,1,1
118,52,433,82,10,6,1,1,1
118,70,213,40,12,7,1,1,1
118,76,235,388,9,6,1,1,1
118,99,494,306,10,6,1,1,1
119,52,437,83,11,6,1,1,1
119,70,216,38,12,7,1,1,1
119,76,234,385,9,6,1,1,1
119,99,494,307,10,6,1,1,1
120,52,437,83,11,6,1,1,1
120,70,216,38,12,7,1,1,1
120,76,234,385,9,6,1,1,1
120,99,494,307,10,6,1,1,1
121,52,441,84,11,6,1,1,1
121,70,220,36,12,7,1,1,1
121,76,232,382,10,6,1,1,1
121,100,494,313,10,6,1,1,1
122,52,441,84,11,6,1,1,1
122,70,220,36,12,7,1,1,1
122,76,232,382,10,6,1,1,1
122,100,494,313,10,6,1,1,1
123,52,446,86,10,6,1,1,1
123,70,224,34,12,7,1,1,1
123,76,231,379,10,6,1,1,1
123,100,494,314,10,6,1,1,1
124,52,446,86,10,6,1,1,1
124,70,224,34,12,7,1,1,1
124,76,231,379,10,6,1,1,1
124,100,494,314,10,6,1,1,1
125,52,450,87,10,6,1,1,1
125,70,228,33,11,6,1,1,1
125,76,230,375,11,7,1,1,1
125,101,494,320,10,6,1,1,1
126,52,450,87,10,6,1,1,1
126,70,228,33,11,6,1,1,1
126,76,230,375,11,7,1,1,1
126,101,494,320,10,6,1,1,1
127,52,454,89,10,6,1,1,1
127,70,232,31,10,6,1,1,1
127,76,229,372,11,7,1,1,1
127,101,493,323,10,6,1,1,1
128,52,454,89,10,6,1,1,1
128,70,232,31,10,6,1,1,1
128,76,229,372,11,7,1,1,1
128,101,493,323,10,6,1,1,1
129,52,458,91,9,5,1,1,1
129,70,235,29,11,7,1,1,1
129,76,229,369,10,6,1,1,1
129,101,494,327,8,5,1,1,1
130,52,458,91,9,5,1,1,1
130,70,235,29,11,7,1,1,1
130,76,229,369,10,6,1,1,1
130,101,494,327,8,5,1,1,1
131,52,461,92,10,6,1,1,1
131,70,239,28,10,6,1,1,1
131,76,228,366,10,6,1,1,1
131,101,493,330,9,6,1,1,1
132,52,461,92,10,6,1,1,1
132,70,239,28,10,6,1,1,1
132,76,228,366,10,6,1,1,1
132,101,493,330,9,6,1,1,1
133,52,465,94,11,6,1,1,1
133,70,243,26,10,6,1,1,1
133,76,228,363,9,6,1,1,1
133,101,493,333,9,6,1,1,1
134,52,465,94,11,6,1,1,1
134,70,243,26,10,6,1,1,1
134,76,228,363,9,6,1,1,1
134,101,493,333,9,6,1,1,1
135,52,469,96,9,5,1,1,1
135,70,245,24,11,7,1,1,1
135,76,226,360,9,5,1,1,1
135,101,491,336,10,6,1,1,1
136,52,469,96,9,5,1,1,1
136,70,245,24,11,7,1,1,1
136,76,226,360,9,5,1,1,1
136,101,491,336,10,6,1,1,1
137,52,473,97,9,6,1,1,1
137,70,248,23,11,6,1,1,1
137,76,225,357,9,5,1,1,1
137,101,491,339,10,6,1,1,1
138,52,473,97,9,6,1,1,1
138,70,248,23,11,6,1,1,1
138,76,225,357,9,5,1,1,1
138,101,491,339,10,6,1,1,1
139,12,455,100,10,6,1,1,1
140,12,455,100,10,6,1,1,1
141,12,456,102,10,6,1,1,1
142,12,456,102,10,6,1,1,1
153,135,186,13,11,6,1,1,1
154,135,186,13,11,6,1,1,1
155,135,189,12,12,6,1,1,1
155,136,509,408,8,5,1,1,1
156,135,189,12,12,6,1,1,1
156,136,509,408,8,5,1,1,1
157,135,193,11,12,7,1,1,1
157,136,509,408,8,5,1,1,1
158,135,193,11,12,7,1,1,1
158,136,509,408,8,5,1,1,1
159,135,197,10,13,7,1,1,1
159,136,508,408,10,6,1,1,1
160,135,197,10,13,7,1,1,1
160,136,508,408,10,6,1,1,1
161,135,201,9,12,7,1,1,1
161,136,508,408,10,6,1,1,1
162,135,201,9,12,7,1,1,1
162,136,508,408,10,6,1,1,1
163,135,205,9,13,6,1,1,1
163,136,508,408,10,6,1,1,1
164,135,205,9,13,6,1,1,1
164,136,508,408,10,6,1,1,1
165,135,210,8,11,7,1,1,1
165,136,508,408,10,6,1,1,1
165,147,429,132,10,6,1,1,1
166,135,210,8,11,7,1,1,1
166,136,508,408,10,6,1,1,1
166,147,429,132,10,6,1,1,1
167,135,214,8,11,6,1,1,1
167,136,509,408,8,6,1,1,1
167,147,430,133,10,6,1,1,1
168,135,214,8,11,6,1,1,1
168,136,509,408,8,6,1,1,1
168,147,430,133,10,6,1,1,1
169,135,217,7,11,6,1,1,1
169,136,508,408,9,6,1,1,1
170,135,217,7,11,6,1,1,1
170,136,508,408,9,6,1,1,1
171,135,221,7,12,6,1,1,1
171,136,508,408,10,6,1,1,1
172,135,221,7,12,6,1,1,1
172,136,508,408,10,6,1,1,1
173,135,225,6,11,7,1,1,1
173,136,508,408,10,6,1,1,1
174,135,225,6,11,7,1,1,1
174,136,508,408,10,6,1,1,1
175,135,229,6,11,6,1,1,1
175,136,508,408,10,6,1,1,1
176,135,229,6,11,6,1,1,1
176,136,508,408,10,6,1,1,1
177,135,233,6,11,6,1,1,1
177,136,508,407,10,7,1,1,1
178,135,233,6,11,6,1,1,1
178,136,508,407,10,7,1,1,1
179,135,237,6,12,6,1,1,1
179,136,509,407,8,6,1,1,1
180,135,237,6,12,6,1,1,1
180,136,509,407,8,6,1,1,1
181,135,240,5,12,7,1,1,1
181,136,509,407,8,6,1,1,1
182,135,240,5,12,7,1,1,1
182,136,509,407,8,6,1,1,1
183,135,244,5,12,7,1,1,1
183,136,509,407,8,6,1,1,1
184,135,244,5,12,7,1,1,1
184,136,509,407,8,6,1,1,1
185,135,248,5,12,7,1,1,1
185,136,509,407,8,6,1,1,1
186,135,248,5,12,7,1,1,1
186,136,509,407,8,6,1,1,1
187,135,252,6,11,6,1,1,1
187,136,508,407,10,6,1,1,1
188,135,252,6,11,6,1,1,1
188,136,508,407,10,6,1,1,1
189,135,256,6,10,6,1,1,1
189,136,508,407,10,6,1,1,1
190,135,256,6,10,6,1,1,1
190,136,508,407,10,6,1,1,1
191,135,260,6,10,6,1,1,1
191,136,508,407,10,7,1,1,1
192,135,260,6,10,6,1,1,1
192,136,508,407,10,7,1,1,1
193,135,263,6,11,6,1,1,1
193,136,509,408,8,6,1,1,1
194,135,263,6,11,6,1,1,1
194,136,509,408,8,6,1,1,1
195,135,267,6,10,6,1,1,1
195,136,509,408,8,6,1,1,1
196,135,267,6,10,6,1,1,1
196,136,509,408,8,6,1,1,1
197,135,270,6,12,7,1,1,1
197,136,508,408,10,6,1,1,1
198,135,270,6,12,7,1,1,1
198,136,508,408,10,6,1,1,1
199,135,274,7,11,6,1,1,1
199,136,509,408,8,6,1,1,1
200,135,274,7,11,6,1,1,1
200,136,509,408,8,6,1,1,1
201,135,278,7,10,6,1,1,1
201,136,509,408,8,6,1,1,1
202,135,278,7,10,6,1,1,1
202,136,509,408,8,6,1,1,1
203,135,281,7,11,7,1,1,1
203,136,509,409,8,5,1,1,1
204,135,281,7,11,7,1,1,1
204,136,509,409,8,5,1,1,1
205,135,285,8,11,6,1,1,1
205,136,509,408,8,5,1,1,1
206,135,285,8,11,6,1,1,1
206,136,509,408,8,5,1,1,1
207,135,288,8,12,7,1,1,1
207,136,509,408,8,5,1,1,1
208,135,288,8,12,7,1,1,1
208,136,509,408,8,5,1,1,1
209,135,292,9,11,6,1,1,1
209,136,509,408,8,5,1,1,1
210,135,292,9,11,6,1,1,1
210,136,509,408,8,5,1,1,1
211,135,296,10,11,6,1,1,1
211,136,509,408,8,4,1,1,1
212,135,296,10,11,6,1,1,1
212,136,509,408,8,4,1,1,1
213,135,300,11,10,6,1,1,1
213,136,510,409,6,3,1,1,1
214,135,300,11,10,6,1,1,1
214,136,510,409,6,3,1,1,1
215,135,303,12,11,6,1,1,1
216,135,303,12,11,6,1,1,1
217,135,307,13,10,6,1,1,1
218,135,307,13,10,6,1,1,1
219,135,310,14,10,6,1,1,1
220,135,310,14,10,6,1,1,1
221,135,313,15,11,6,1,1,1
221,136,509,408,8,4,1,1,1
222,135,313,15,11,6,1,1,1
222,136,509,408,8,4,1,1,1
223,135,316,16,11,6,1,1,1
223,136,509,408,8,5,1,1,1
224,135,316,16,11,6,1,1,1
224,136,509,408,8,5,1,1,1
225,135,318,17,12,7,1,1,1
225,136,508,408,10,5,1,1,1
226,135,318,17,12,7,1,1,1
226,136,508,408,10,5,1,1,1
227,135,322,19,11,6,1,1,1
227,136,508,408,9,5,1,1,1
228,135,322,19,11,6,1,1,1
228,136,508,408,9,5,1,1,1
229,135,325,20,11,6,1,1,1
229,136,508,408,9,6,1,1,1
230,135,325,20,11,6,1,1,1
230,136,508,408,9,6,1,1,1
231,135,328,22,10,6,1,1,1
232,135,328,22,10,6,1,1,1
233,135,331,23,10,6,1,1,1
234,135,331,23,10,6,1,1,1
235,135,334,25,10,6,1,1,1
236,135,334,25,10,6,1,1,1
237,95,498,254,9,6,1,1,1
237,135,337,26,10,6,1,1,1
238,95,498,254,9,6,1,1,1
238,135,337,26,10,6,1,1,1
239,95,498,253,10,6,1,1,1
239,96,497,257,10,6,1,1,1
239,135,340,28,10,6,1,1,1
240,95,498,253,10,6,1,1,1
240,96,497,257,10,6,1,1,1
240,135,340,28,10,6,1,1,1
241,96,498,256,10,6,1,1,1
241,135,342,29,12,7,1,1,1
242,96,498,256,10,6,1,1,1
242,135,342,29,12,7,1,1,1
243,135,345,31,11,6,1,1,1
244,135,345,31,11,6,1,1,1
245,135,348,33,11,6,1,1,1
246,135,348,33,11,6,1,1,1
247,99,499,272,9,6,1,1,1
247,135,350,34,12,7,1,1,1
247,136,508,408,10,6,1,1,1
248,99,499,272,9,6,1,1,1
248,135,350,34,12,7,1,1,1
248,136,508,408,10,6,1,1,1
249,99,499,271,10,6,1,1,1
249,135,353,36,12,7,1,1,1
249,136,508,407,10,7,1,1,1
249,230,296,419,11,6,1,1,1
250,99,499,271,10,6,1,1,1
250,135,353,36,12,7,1,1,1
250,136,508,407,10,7,1,1,1
250,230,296,419,11,6,1,1,1
251,135,356,38,11,6,1,1,1
251,230,293,418,11,6,1,1,1
252,135,356,38,11,6,1,1,1
252,230,293,418,11,6,1,1,1
253,135,359,40,11,6,1,1,1
253,136,509,407,8,6,1,1,1
253,230,290,417,12,6,1,1,1
254,135,359,40,11,6,1,1,1
254,136,509,407,8,6,1,1,1
254,230,290,417,12,6,1,1,1
255,100,497,286,10,6,1,1,1
255,135,361,42,12,6,1,1,1
255,136,509,407,8,6,1,1,1
255,230,287,416,12,7,1,1,1
256,100,497,286,10,6,1,1,1
256,135,361,42,12,6,1,1,1
256,136,509,407,8,6,1,1,1
256,230,287,416,12,7,1,1,1
257,100,497,285,10,6,1,1,1
257,135,363,43,12,7,1,1,1
257,136,509,407,8,5,1,1,1
257,230,285,416,11,6,1,1,1
258,100,497,285,10,6,1,1,1
258,135,363,43,12,7,1,1,1
258,136,509,407,8,5,1,1,1
258,230,285,416,11,6,1,1,1
259,135,365,45,12,7,1,1,1
259,136,509,407,8,5,1,1,1
259,230,282,415,11,6,1,1,1
259,239,496,292,11,7,1,1,1
260,135,365,45,12,7,1,1,1
260,136,509,407,8,5,1,1,1
260,230,282,415,11,6,1,1,1
260,239,496,292,11,7,1,1,1
261,135,367,47,12,7,1,1,1
261,136,509,407,8,5,1,1,1
261,230,280,414,10,6,1,1,1
261,239,496,293,11,7,1,1,1
262,135,367,47,12,7,1,1,1
262,136,509,407,8,5,1,1,1
262,230,280,414,10,6,1,1,1
262,239,496,293,11,7,1,1,1
263,135,370,49,12,7,1,1,1
263,230,276,412,12,7,1,1,1
264,135,370,49,12,7,1,1,1
264,230,276,412,12,7,1,1,1
265,135,372,52,11,6,1,1,1
265,230,274,411,11,7,1,1,1
266,135,372,52,11,6,1,1,1
266,230,274,411,11,7,1,1,1
267,135,374,54,11,6,1,1,1
267,230,271,410,11,6,1,1,1
268,135,374,54,11,6,1,1,1
268,230,271,410,11,6,1,1,1
269,135,375,56,12,7,1,1,1
269,136,508,407,10,6,1,1,1
269,230,269,409,11,6,1,1,1
270,135,375,56,12,7,1,1,1
270,136,508,407,10,6,1,1,1
270,230,269,409,11,6,1,1,1
271,135,377,59,11,6,1,1,1
271,136,509,408,8,5,1,1,1
271,230,267,407,10,6,1,1,1
272,135,377,59,11,6,1,1,1
272,136,509,408,8,5,1,1,1
272,230,267,407,10,6,1,1,1
273,135,379,61,11,6,1,1,1
273,136,509,408,8,5,1,1,1
273,230,264,406,10,6,1,1,1
274,135,379,61,11,6,1,1,1
274,136,509,408,8,5,1,1,1
274,230,264,406,10,6,1,1,1
275,135,380,64,11,6,1,1,1
275,136,508,408,10,5,1,1,1
275,230,261,404,11,7,1,1,1
276,135,380,64,11,6,1,1,1
276,136,508,408,10,5,1,1,1
276,230,261,404,11,7,1,1,1
277,135,381,66,11,7,1,1,1
277,136,508,408,10,5,1,1,1
277,230,258,403,10,6,1,1,1
278,135,381,66,11,7,1,1,1
278,136,508,408,10,5,1,1,1
278,230,258,403,10,6,1,1,1
279,135,382,68,12,7,1,1,1
279,136,509,408,8,5,1,1,1
279,230,255,401,10,6,1,1,1
279,259,241,92,9,6,1,1,1
280,135,382,68,12,7,1,1,1
280,136,509,408,8,5,1,1,1
280,230,255,401,10,6,1,1,1
280,259,241,92,9,6,1,1,1
281,135,383,71,11,7,1,1,1
281,136,509,408,8,5,1,1,1
281,230,253,399,9,6,1,1,1
281,259,241,91,9,6,1,1,1
282,135,383,71,11,7,1,1,1
282,136,509,408,8,5,1,1,1
282,230,253,399,9,6,1,1,1
282,259,241,91,9,6,1,1,1
283,135,384,73,11,7,1,1,1
283,136,509,408,8,4,1,1,1
283,230,249,397,10,6,1,1,1
284,135,384,73,11,7,1,1,1
284,136,509,408,8,4,1,1,1
284,230,249,397,10,6,1,1,1
285,135,385,76,11,6,1,1,1
285,136,509,408,8,4,1,1,1
285,230,246,395,10,6,1,1,1
286,135,385,76,11,6,1,1,1
286,136,509,408,8,4,1,1,1
286,230,246,395,10,6,1,1,1
287,135,386,78,10,7,1,1,1
287,136,509,408,8,4,1,1,1
287,230,243,393,10,6,1,1,1
288,135,386,78,10,7,1,1,1
288,136,509,408,8,4,1,1,1
288,230,243,393,10,6,1,1,1
289,135,386,81,11,6,1,1,1
289,136,508,408,10,5,1,1,1
289,230,240,391,10,6,1,1,1
290,135,386,81,11,6,1,1,1
290,136,508,408,10,5,1,1,1
290,230,240,391,10,6,1,1,1
291,135,387,83,11,6,1,1,1
291,136,507,408,11,5,1,1,1
291,230,237,389,10,6,1,1,1
291,269,469,346,9,6,1,1,1
292,135,387,83,11,6,1,1,1
292,136,507,408,11,5,1,1,1
292,230,237,389,10,6,1,1,1
292,269,469,346,9,6,1,1,1
293,135,388,85,10,6,1,1,1
293,136,507,407,11,6,1,1,1
293,230,234,387,10,6,1,1,1
293,269,469,347,8,6,1,1,1
294,135,388,85,10,6,1,1,1
294,136,507,407,11,6,1,1,1
294,230,234,387,10,6,1,1,1
294,269,469,347,8,6,1,1,1
295,135,388,88,11,5,1,1,1
295,136,507,407,11,7,1,1,1
295,230,231,385,9,6,1,1,1
296,135,388,88,11,5,1,1,1
296,136,507,407,11,7,1,1,1
296,230,231,385,9,6,1,1,1
297,135,388,90,11,6,1,1,1
297,136,507,407,11,7,1,1,1
297,230,228,383,9,5,1,1,1
297,274,263,68,10,6,1,1,1
298,135,388,90,11,6,1,1,1
298,136,507,407,11,7,1,1,1
298,230,228,383,9,5,1,1,1
298,274,263,68,10,6,1,1,1
299,135,388,92,12,6,1,1,1
299,136,507,407,11,7,1,1,1
299,230,224,380,10,6,1,1,1
299,274,264,67,10,6,1,1,1
299,276,458,357,10,6,1,1,1
300,135,388,92,12,6,1,1,1
300,136,507,407,11,7,1,1,1
300,230,224,380,10,6,1,1,1
300,274,264,67,10,6,1,1,1
300,276,458,357,10,6,1,1,1
301,135,389,94,11,7,1,1,1
301,230,221,377,10,6,1,1,1
301,276,457,358,10,6,1,1,1
302,135,389,94,11,7,1,1,1
302,230,221,377,10,6,1,1,1
302,276,457,358,10,6,1,1,1
303,135,389,97,11,6,1,1,1
303,230,217,375,10,6,1,1,1
303,279,452,362,10,6,1,1,1
304,135,389,97,11,6,1,1,1
304,230,217,375,10,6,1,1,1
304,279,452,362,10,6,1,1,1
305,135,389,99,10,6,1,1,1
305,230,214,372,10,6,1,1,1
305,279,452,363,10,6,1,1,1
305,281,509,408,8,6,1,1,1
306,135,389,99,10,6,1,1,1
306,230,214,372,10,6,1,1,1
306,279,452,363,10,6,1,1,1
306,281,509,408,8,6,1,1,1
307,135,388,101,11,6,1,1,1
307,230,211,369,9,6,1,1,1
307,281,509,408,8,6,1,1,1
307,283,277,56,10,6,1,1,1
308,135,388,101,11,6,1,1,1
308,230,211,369,9,6,1,1,1
308,281,509,408,8,6,1,1,1
308,283,277,56,10,6,1,1,1
309,135,387,103,12,7,1,1,1
309,230,207,366,10,6,1,1,1
309,281,509,408,8,6,1,1,1
309,283,278,55,10,6,1,1,1
310,135,387,103,12,7,1,1,1
310,230,207,366,10,6,1,1,1
310,281,509,408,8,6,1,1,1
310,283,278,55,10,6,1,1,1
311,135,387,105,11,7,1,1,1
311,230,204,363,10,6,1,1,1
311,281,509,408,8,6,1,1,1
312,135,387,105,11,7,1,1,1
312,230,204,363,10,6,1,1,1
312,281,509,408,8,6,1,1,1
313,135,387,107,10,7,1,1,1
313,230,201,360,9,5,1,1,1
313,281,509,408,8,6,1,1,1
313,286,285,49,10,6,1,1,1
314,135,387,107,10,7,1,1,1
314,230,201,360,9,5,1,1,1
314,281,509,408,8,6,1,1,1
314,286,285,49,10,6,1,1,1
315,135,386,110,11,6,1,1,1
315,230,198,356,9,6,1,1,1
315,286,287,47,10,6,1,1,1
316,135,386,110,11,6,1,1,1
316,230,198,356,9,6,1,1,1
316,286,287,47,10,6,1,1,1
317,135,385,112,12,7,1,1,1
317,136,509,407,8,6,1,1,1
317,230,194,352,11,7,1,1,1
317,286,291,45,8,5,1,1,1
318,135,385,112,12,7,1,1,1
318,136,509,407,8,6,1,1,1
318,230,194,352,11,7,1,1,1
318,286,291,45,8,5,1,1,1
319,135,384,114,11,7,1,1,1
319,136,508,407,9,6,1,1,1
319,230,191,349,11,6,1,1,1
319,286,293,43,9,5,1,1,1
320,135,384,114,11,7,1,1,1
320,136,508,407,9,6,1,1,1
320,230,191,349,11,6,1,1,1
320,286,293,43,9,5,1,1,1
321,135,383,116,11,7,1,1,1
321,136,509,407,8,5,1,1,1
321,230,188,346,10,6,1,1,1
321,286,295,40,10,6,1,1,1
322,135,383,116,11,7,1,1,1
322,136,509,407,8,5,1,1,1
322,230,188,346,10,6,1,1,1
322,286,295,40,10,6,1,1,1
323,135,382,119,11,6,1,1,1
323,136,509,407,8,5,1,1,1
323,230,184,342,11,6,1,1,1
323,281,508,408,9,6,1,1,1
323,286,298,38,9,6,1,1,1
324,135,382,119,11,6,1,1,1
324,136,509,407,8,5,1,1,1
324,230,184,342,11,6,1,1,1
324,281,508,408,9,6,1,1,1
324,286,298,38,9,6,1,1,1
325,135,381,122,11,6,1,1,1
325,230,181,338,10,6,1,1,1
325,281,509,408,8,6,1,1,1
325,286,301,36,8,6,1,1,1
326,135,381,122,11,6,1,1,1
326,230,181,338,10,6,1,1,1
326,281,509,408,8,6,1,1,1
326,286,301,36,8,6,1,1,1
327,135,380,124,11,6,1,1,1
327,230,179,335,9,5,1,1,1
327,281,509,408,8,6,1,1,1
327,286,303,34,9,6,1,1,1
328,135,380,124,11,6,1,1,1
328,230,179,335,9,5,1,1,1
328,281,509,408,8,6,1,1,1
328,286,303,34,9,6,1,1,1
329,135,379,126,11,6,1,1,1
329,230,175,331,9,6,1,1,1
329,281,509,408,8,6,1,1,1
329,286,305,32,10,6,1,1,1
330,135,379,126,11,6,1,1,1
330,230,175,331,9,6,1,1,1
330,281,509,408,8,6,1,1,1
330,286,305,32,10,6,1,1,1
331,135,377,128,12,6,1,1,1
331,136,509,407,8,5,1,1,1
331,230,171,327,10,6,1,1,1
331,281,509,408,8,6,1,1,1
331,286,307,30,9,6,1,1,1
332,135,377,128,12,6,1,1,1
332,136,509,407,8,5,1,1,1
332,230,171,327,10,6,1,1,1
332,281,509,408,8,6,1,1,1
332,286,307,30,9,6,1,1,1
333,135,376,130,12,7,1,1,1
333,136,509,407,8,5,1,1,1
333,230,168,323,10,6,1,1,1
333,281,509,408,8,6,1,1,1
333,286,309,28,10,6,1,1,1
334,135,376,130,12,7,1,1,1
334,136,509,407,8,5,1,1,1
334,230,168,323,10,6,1,1,1
334,281,509,408,8,6,1,1,1
334,286,309,28,10,6,1,1,1
335,135,375,132,11,7,1,1,1
335,230,166,319,9,5,1,1,1
335,281,509,408,8,6,1,1,1
335,286,311,26,11,6,1,1,1
336,135,375,132,11,7,1,1,1
336,230,166,319,9,5,1,1,1
336,281,509,408,8,6,1,1,1
336,286,311,26,11,6,1,1,1
337,135,374,134,11,7,1,1,1
337,230,162,314,10,6,1,1,1
337,281,508,408,9,6,1,1,1
337,286,314,24,9,6,1,1,1
338,135,374,134,11,7,1,1,1
338,230,162,314,10,6,1,1,1
338,281,508,408,9,6,1,1,1
338,286,314,24,9,6,1,1,1
339,135,372,137,11,6,1,1,1
339,230,159,310,10,6,1,1,1
339,281,508,408,9,6,1,1,1
339,286,316,22,10,6,1,1,1
340,135,372,137,11,6,1,1,1
340,230,159,310,10,6,1,1,1
340,281,508,408,9,6,1,1,1
340,286,316,22,10,6,1,1,1
341,135,370,138,11,7,1,1,1
341,230,157,306,9,5,1,1,1
341,281,508,408,9,6,1,1,1
341,286,318,20,11,6,1,1,1
342,135,370,138,11,7,1,1,1
342,230,157,306,9,5,1,1,1
342,281,508,408,9,6,1,1,1
342,286,318,20,11,6,1,1,1
343,135,368,140,11,6,1,1,1
343,230,153,301,10,6,1,1,1
343,281,508,408,9,6,1,1,1
343,286,321,19,10,6,1,1,1
344,135,368,140,11,6,1,1,1
344,230,153,301,10,6,1,1,1
344,281,508,408,9,6,1,1,1
344,286,321,19,10,6,1,1,1
345,135,367,142,10,6,1,1,1
345,230,151,296,10,6,1,1,1
345,281,509,408,8,6,1,1,1
345,286,324,17,9,6,1,1,1
346,135,367,142,10,6,1,1,1
346,230,151,296,10,6,1,1,1
346,281,509,408,8,6,1,1,1
346,286,324,17,9,6,1,1,1
347,135,365,144,10,6,1,1,1
347,230,148,292,10,6,1,1,1
347,281,509,408,8,6,1,1,1
347,286,326,16,10,5,1,1,1
348,135,365,144,10,6,1,1,1
348,230,148,292,10,6,1,1,1
348,281,509,408,8,6,1,1,1
348,286,326,16,10,5,1,1,1
349,135,363,146,10,6,1,1,1
349,136,509,407,8,5,1,1,1
349,230,145,287,11,6,1,1,1
349,281,509,408,8,6,1,1,1
349,286,328,14,10,5,1,1,1
350,135,363,146,10,6,1,1,1
350,136,509,407,8,5,1,1,1
350,230,145,287,11,6,1,1,1
350,281,509,408,8,6,1,1,1
350,286,328,14,10,5,1,1,1
351,135,360,147,12,7,1,1,1
351,136,509,407,8,5,1,1,1
351,230,143,282,11,7,1,1,1
351,286,330,12,10,6,1,1,1
352,135,360,147,12,7,1,1,1
352,136,509,407,8,5,1,1,1
352,230,143,282,11,7,1,1,1
352,286,330,12,10,6,1,1,1
353,135,358,149,12,7,1,1,1
353,136,509,407,8,5,1,1,1
353,230,140,278,11,6,1,1,1
353,281,509,408,8,6,1,1,1
353,286,332,11,11,6,1,1,1
354,135,358,149,12,7,1,1,1
354,136,509,407,8,5,1,1,1
354,230,140,278,11,6,1,1,1
354,281,509,408,8,6,1,1,1
354,286,332,11,11,6,1,1,1
355,135,356,151,11,6,1,1,1
355,230,138,273,10,6,1,1,1
355,281,509,408,8,6,1,1,1
355,286,335,9,10,6,1,1,1
356,135,356,151,11,6,1,1,1
356,230,138,273,10,6,1,1,1
356,281,509,408,8,6,1,1,1
356,286,335,9,10,6,1,1,1
357,135,353,152,12,7,1,1,1
357,136,509,408,7,4,1,1,1
357,230,136,268,10,6,1,1,1
357,281,509,408,8,6,1,1,1
357,286,337,8,11,6,1,1,1
358,135,353,152,12,7,1,1,1
358,136,509,408,7,4,1,1,1
358,230,136,268,10,6,1,1,1
358,281,509,408,8,6,1,1,1
358,286,337,8,11,6,1,1,1
359,135,352,154,11,6,1,1,1
359,136,509,408,7,4,1,1,1
359,230,133,263,11,7,1,1,1
359,286,341,7,9,6,1,1,1
360,135,352,154,11,6,1,1,1
360,136,509,408,7,4,1,1,1
360,230,133,263,11,7,1,1,1
360,286,341,7,9,6,1,1,1
361,135,349,155,11,7,1,1,1
361,136,509,409,7,3,1,1,1
361,230,130,258,12,7,1,1,1
361,281,508,408,9,6,1,1,1
361,286,343,6,10,5,1,1,1
362,135,349,155,11,7,1,1,1
362,136,509,409,7,3,1,1,1
362,230,130,258,12,7,1,1,1
362,281,508,408,9,6,1,1,1
362,286,343,6,10,5,1,1,1
363,135,347,157,11,6,1,1,1
363,230,128,253,12,7,1,1,1
363,281,508,408,9,6,1,1,1
363,286,345,4,10,6,1,1,1
364,135,347,157,11,6,1,1,1
364,230,128,253,12,7,1,1,1
364,281,508,408,9,6,1,1,1
364,286,345,4,10,6,1,1,1
365,135,344,158,12,7,1,1,1
365,230,127,248,10,7,1,1,1
365,281,509,408,7,6,1,1,1
365,286,347,3,11,6,1,1,1
366,135,344,158,12,7,1,1,1
366,230,127,248,10,7,1,1,1
366,281,509,408,7,6,1,1,1
366,286,347,3,11,6,1,1,1
367,135,342,160,11,6,1,1,1
367,230,124,243,11,7,1,1,1
367,281,508,408,9,6,1,1,1
367,286,349,2,11,6,1,1,1
368,135,342,160,11,6,1,1,1
368,230,124,243,11,7,1,1,1
368,281,508,408,9,6,1,1,1
368,286,349,2,11,6,1,1,1
369,135,339,161,11,6,1,1,1
369,230,122,238,11,6,1,1,1
369,281,508,408,9,6,1,1,1
369,286,352,1,10,6,1,1,1
370,135,339,161,11,6,1,1,1
370,230,122,238,11,6,1,1,1
370,281,508,408,9,6,1,1,1
370,286,352,1,10,6,1,1,1
371,135,336,162,12,6,1,1,1
371,230,120,233,10,6,1,1,1
371,281,508,408,9,6,1,1,1
371,286,354,0,10,6,1,1,1
372,135,336,162,12,6,1,1,1
372,230,120,233,10,6,1,1,1
372,281,508,408,9,6,1,1,1
372,286,354,0,10,6,1,1,1
373,135,334,163,11,7,1,1,1
373,230,118,228,10,6,1,1,1
373,281,508,408,9,6,1,1,1
373,286,356,0,10,5,1,1,1
374,135,334,163,11,7,1,1,1
374,230,118,228,10,6,1,1,1
374,281,508,408,9,6,1,1,1
374,286,356,0,10,5,1,1,1
375,135,331,165,11,6,1,1,1
375,230,116,223,10,6,1,1,1
375,281,509,408,7,5,1,1,1
375,286,359,0,9,4,1,1,1
376,135,331,165,11,6,1,1,1
376,230,116,223,10,6,1,1,1
376,281,509,408,7,5,1,1,1
376,286,359,0,9,4,1,1,1
377,135,327,166,12,6,1,1,1
377,230,114,217,10,6,1,1,1
377,281,508,408,9,6,1,1,1
377,286,362,0,8,3,1,1,1
377,288,295,396,9,6,1,1,1
378,135,327,166,12,6,1,1,1
378,230,114,217,10,6,1,1,1
378,281,508,408,9,6,1,1,1
378,286,362,0,8,3,1,1,1
378,288,295,396,9,6,1,1,1
379,135,325,167,11,7,1,1,1
379,230,112,212,10,6,1,1,1
379,281,508,408,9,6,1,1,1
379,286,365,0,7,3,1,1,1
379,288,294,396,8,5,1,1,1
380,135,325,167,11,7,1,1,1
380,230,112,212,10,6,1,1,1
380,281,508,408,9,6,1,1,1
380,286,365,0,7,3,1,1,1
380,288,294,396,8,5,1,1,1
381,135,321,168,12,7,1,1,1
381,230,110,207,10,6,1,1,1
381,281,508,408,9,6,1,1,1
381,286,367,0,6,2,1,1,1
382,135,321,168,12,7,1,1,1
382,230,110,207,10,6,1,1,1
382,281,508,408,9,6,1,1,1
382,286,367,0,6,2,1,1,1
383,135,318,169,12,7,1,1,1
383,230,108,201,10,6,1,1,1
383,281,508,407,9,7,1,1,1
383,286,369,0,6,1,1,1,1
384,135,318,169,12,7,1,1,1
384,230,108,201,10,6,1,1,1
384,281,508,407,9,7,1,1,1
384,286,369,0,6,1,1,1,1
385,135,315,171,11,6,1,1,1
385,230,106,196,10,6,1,1,1
385,281,509,407,8,7,1,1,1
386,135,315,171,11,6,1,1,1
386,230,106,196,10,6,1,1,1
386,281,509,407,8,7,1,1,1
387,135,312,172,11,6,1,1,1
387,230,105,190,10,6,1,1,1
387,281,509,407,8,7,1,1,1
388,135,312,172,11,6,1,1,1
388,230,105,190,10,6,1,1,1
388,281,509,407,8,7,1,1,1
389,135,308,173,11,6,1,1,1
389,230,103,185,10,6,1,1,1
389,281,509,407,8,7,1,1,1
390,135,308,173,11,6,1,1,1
390,230,103,185,10,6,1,1,1
390,281,509,407,8,7,1,1,1
391,135,304,173,12,7,1,1,1
391,230,102,179,10,6,1,1,1
391,281,509,407,8,7,1,1,1
392,135,304,173,12,7,1,1,1
392,230,102,179,10,6,1,1,1
392,281,509,407,8,7,1,1,1
393,135,300,174,12,7,1,1,1
393,230,100,173,10,6,1,1,1
393,281,509,407,8,7,1,1,1
394,135,300,174,12,7,1,1,1
394,230,100,173,10,6,1,1,1
394,281,509,407,8,7,1,1,1
395,135,296,175,12,6,1,1,1
395,230,99,168,10,6,1,1,1
395,281,509,407,8,7,1,1,1
396,135,296,175,12,6,1,1,1
396,230,99,168,10,6,1,1,1
396,281,509,407,8,7,1,1,1
397,135,293,175,12,7,1,1,1
397,230,98,162,10,6,1,1,1
397,281,509,408,8,5,1,1,1
398,135,293,175,12,7,1,1,1
398,230,98,162,10,6,1,1,1
398,281,509,408,8,5,1,1,1
399,135,289,176,12,6,1,1,1
399,136,508,408,10,4,1,1,1
399,230,97,156,10,6,1,1,1
399,281,510,408,6,5,1,1,1
400,135,289,176,12,6,1,1,1
400,136,508,408,10,4,1,1,1
400,230,97,156,10,6,1,1,1
400,281,510,408,6,5,1,1,1
401,135,285,176,12,7,1,1,1
401,136,509,408,8,4,1,1,1
401,230,95,150,10,6,1,1,1
402,135,285,176,12,7,1,1,1
402,136,509,408,8,4,1,1,1
402,230,95,150,10,6,1,1,1
403,135,281,177,12,6,1,1,1
403,136,509,408,8,4,1,1,1
403,230,94,144,10,6,1,1,1
404,135,281,177,12,6,1,1,1
404,136,509,408,8,4,1,1,1
404,230,94,144,10,6,1,1,1
405,135,278,177,11,7,1,1,1
405,136,509,408,8,5,1,1,1
405,230,93,139,10,6,1,1,1
406,135,278,177,11,7,1,1,1
406,136,509,408,8,5,1,1,1
406,230,93,139,10,6,1,1,1
407,135,274,178,11,6,1,1,1
407,136,509,408,8,5,1,1,1
407,230,92,133,10,6,1,1,1
407,281,509,408,8,5,1,1,1
408,135,274,178,11,6,1,1,1
408,136,509,408,8,5,1,1,1
408,230,92,133,10,6,1,1,1
408,281,509,408,8,5,1,1,1
409,135,269,178,12,7,1,1,1
409,136,509,408,8,5,1,1,1
409,230,91,127,10,6,1,1,1
409,281,508,408,10,5,1,1,1
410,135,269,178,12,7,1,1,1
410,136,509,408,8,5,1,1,1
410,230,91,127,10,6,1,1,1
410,281,508,408,10,5,1,1,1
411,135,265,178,13,7,1,1,1
411,136,508,408,10,5,1,1,1
411,230,90,121,10,6,1,1,1
412,135,265,178,13,7,1,1,1
412,136,508,408,10,5,1,1,1
412,230,90,121,10,6,1,1,1
413,135,262,179,11,6,1,1,1
413,136,508,408,9,5,1,1,1
413,230,88,115,12,6,1,1,1
414,135,262,179,11,6,1,1,1
414,136,508,408,9,5,1,1,1
414,230,88,115,12,6,1,1,1
415,135,258,179,11,6,1,1,1
415,136,508,408,10,5,1,1,1
415,230,88,109,11,6,1,1,1
416,135,258,179,11,6,1,1,1
416,136,508,408,10,5,1,1,1
416,230,88,109,11,6,1,1,1
417,135,253,179,12,6,1,1,1
417,136,509,408,8,5,1,1,1
417,230,87,103,11,6,1,1,1
418,135,253,179,12,6,1,1,1
418,136,509,408,8,5,1,1,1
418,230,87,103,11,6,1,1,1
419,135,249,179,12,7,1,1,1
419,136,509,408,8,5,1,1,1
419,230,87,97,10,6,1,1,1
420,135,249,179,12,7,1,1,1
420,136,509,408,8,5,1,1,1
420,230,87,97,10,6,1,1,1
421,135,245,179,12,7,1,1,1
421,136,509,408,8,5,1,1,1
421,230,86,91,10,6,1,1,1
421,281,509,407,8,6,1,1,1
422,135,245,179,12,7,1,1,1
422,136,509,408,8,5,1,1,1
422,230,86,91,10,6,1,1,1
422,281,509,407,8,6,1,1,1
423,135,241,179,12,7,1,1,1
423,230,85,85,10,6,1,1,1
423,281,509,407,8,6,1,1,1
424,135,241,179,12,7,1,1,1
424,230,85,85,10,6,1,1,1
424,281,509,407,8,6,1,1,1
425,135,237,179,12,6,1,1,1
425,230,84,79,11,6,1,1,1
425,281,509,407,9,6,1,1,1
426,135,237,179,12,6,1,1,1
426,230,84,79,11,6,1,1,1
426,281,509,407,9,6,1,1,1
427,135,233,178,12,7,1,1,1
427,230,84,73,10,6,1,1,1
427,281,508,407,10,6,1,1,1
428,135,233,178,12,7,1,1,1
428,230,84,73,10,6,1,1,1
428,281,508,407,10,6,1,1,1
429,135,228,178,13,7,1,1,1
429,230,83,67,10,6,1,1,1
429,281,509,408,8,5,1,1,1
430,135,228,178,13,7,1,1,1
430,230,83,67,10,6,1,1,1
430,281,509,408,8,5,1,1,1
431,135,224,178,12,7,1,1,1
431,230,82,61,11,6,1,1,1
431,281,509,408,8,6,1,1,1
431,315,409,0,12,4,1,1,1
432,135,224,178,12,7,1,1,1
432,230,82,61,11,6,1,1,1
432,281,509,408,8,6,1,1,1
432,315,409,0,12,4,1,1,1
433,135,219,177,12,7,1,1,1
433,230,81,54,12,7,1,1,1
433,281,508,408,10,6,1,1,1
433,315,409,0,14,4,1,1,1
434,135,219,177,12,7,1,1,1
434,230,81,54,12,7,1,1,1
434,281,508,408,10,6,1,1,1
434,315,409,0,14,4,1,1,1
435,135,214,177,13,7,1,1,1
435,230,81,48,11,6,1,1,1
435,281,508,408,10,6,1,1,1
435,315,408,0,17,5,1,1,1
436,135,214,177,13,7,1,1,1
436,230,81,48,11,6,1,1,1
436,281,508,408,10,6,1,1,1
436,315,408,0,17,5,1,1,1
437,135,210,176,12,7,1,1,1
437,230,81,42,11,6,1,1,1
437,281,508,408,10,6,1,1,1
437,315,409,0,18,6,1,1,1
438,135,210,176,12,7,1,1,1
438,230,81,42,11,6,1,1,1
438,281,508,408,10,6,1,1,1
438,315,409,0,18,6,1,1,1
439,135,206,176,11,6,1,1,1
439,230,81,36,11,6,1,1,1
439,281,508,408,10,6,1,1,1
439,315,411,1,17,6,1,1,1
440,135,206,176,11,6,1,1,1
440,230,81,36,11,6,1,1,1
440,281,508,408,10,6,1,1,1
440,315,411,1,17,6,1,1,1
441,135,201,175,11,6,1,1,1
441,230,81,29,11,7,1,1,1
441,281,508,408,9,6,1,1,1
441,315,412,2,17,6,1,1,1
442,135,201,175,11,6,1,1,1
442,230,81,29,11,7,1,1,1
442,281,508,408,9,6,1,1,1
442,315,412,2,17,6,1,1,1
443,135,196,174,12,7,1,1,1
443,230,81,23,11,6,1,1,1
443,281,508,408,9,6,1,1,1
443,315,413,3,18,7,1,1,1
444,135,196,174,12,7,1,1,1
444,230,81,23,11,6,1,1,1
444,281,508,408,9,6,1,1,1
444,315,413,3,18,7,1,1,1
445,135,191,173,12,6,1,1,1
445,136,508,408,10,5,1,1,1
445,230,81,17,12,6,1,1,1
445,281,508,408,9,6,1,1,1
445,315,414,5,17,6,1,1,1
446,135,191,173,12,6,1,1,1
446,136,508,408,10,5,1,1,1
446,230,81,17,12,6,1,1,1
446,281,508,408,9,6,1,1,1
446,315,414,5,17,6,1,1,1
447,135,186,172,11,6,1,1,1
447,136,508,407,10,6,1,1,1
447,230,81,11,12,6,1,1,1
447,315,416,6,16,6,1,1,1
448,135,186,172,11,6,1,1,1
448,136,508,407,10,6,1,1,1
448,230,81,11,12,6,1,1,1
448,315,416,6,16,6,1,1,1
449,135,181,171,12,6,1,1,1
449,136,508,407,10,6,1,1,1
449,230,81,4,11,7,1,1,1
449,315,417,7,16,6,1,1,1
450,135,181,171,12,6,1,1,1
450,136,508,407,10,6,1,1,1
450,230,81,4,11,7,1,1,1
450,315,417,7,16,6,1,1,1
451,135,176,169,12,7,1,1,1
451,136,508,407,10,6,1,1,1
451,230,83,0,9,5,1,1,1
451,281,508,408,9,6,1,1,1
451,315,418,9,16,6,1,1,1
452,135,176,169,12,7,1,1,1
452,136,508,407,10,6,1,1,1
452,230,83,0,9,5,1,1,1
452,281,508,408,9,6,1,1,1
452,315,418,9,16,6,1,1,1
453,135,171,168,13,7,1,1,1
453,136,508,407,10,6,1,1,1
453,230,82,0,10,-1,1,1,1
453,281,508,408,9,6,1,1,1
453,315,419,10,16,7,1,1,1
454,135,171,168,13,7,1,1,1
454,136,508,407,10,6,1,1,1
454,230,82,0,10,-1,1,1,1
454,281,508,408,9,6,1,1,1
454,315,419,10,16,7,1,1,1
455,135,165,167,13,7,1,1,1
455,136,509,408,8,5,1,1,1
455,315,421,12,14,6,1,1,1
456,135,165,167,13,7,1,1,1
456,136,509,408,8,5,1,1,1
456,315,421,12,14,6,1,1,1
457,135,162,166,11,6,1,1,1
457,136,508,408,10,5,1,1,1
457,315,421,13,14,7,1,1,1
458,135,162,166,11,6,1,1,1
458,136,508,408,10,5,1,1,1
458,315,421,13,14,7,1,1,1
459,135,156,164,12,7,1,1,1
459,136,508,408,10,5,1,1,1
459,315,422,15,14,6,1,1,1
460,135,156,164,12,7,1,1,1
460,136,508,408,10,5,1,1,1
460,315,422,15,14,6,1,1,1
461,135,151,162,12,7,1,1,1
461,136,509,408,8,5,1,1,1
461,315,423,17,13,6,1,1,1
462,135,151,162,12,7,1,1,1
462,136,509,408,8,5,1,1,1
462,315,423,17,13,6,1,1,1
463,135,145,160,13,7,1,1,1
463,136,509,408,8,5,1,1,1
463,315,424,19,13,6,1,1,1
464,135,145,160,13,7,1,1,1
464,136,509,408,8,5,1,1,1
464,315,424,19,13,6,1,1,1
465,135,140,159,13,7,1,1,1
465,136,509,408,8,5,1,1,1
465,315,424,20,13,7,1,1,1
466,135,140,159,13,7,1,1,1
466,136,509,408,8,5,1,1,1
466,315,424,20,13,7,1,1,1
467,135,136,157,11,6,1,1,1
467,136,509,409,8,4,1,1,1
467,315,424,22,13,6,1,1,1
468,135,136,157,11,6,1,1,1
468,136,509,409,8,4,1,1,1
468,315,424,22,13,6,1,1,1
469,135,130,155,12,7,1,1,1
469,136,509,409,8,4,1,1,1
469,315,425,24,12,6,1,1,1
470,135,130,155,12,7,1,1,1
470,136,509,409,8,4,1,1,1
470,315,425,24,12,6,1,1,1
471,135,124,153,13,7,1,1,1
471,136,509,409,8,4,1,1,1
471,315,425,26,12,6,1,1,1
472,135,124,153,13,7,1,1,1
472,136,509,409,8,4,1,1,1
472,315,425,26,12,6,1,1,1
473,135,120,151,12,7,1,1,1
473,136,509,409,8,4,1,1,1
473,281,509,407,8,6,1,1,1
473,315,425,28,12,6,1,1,1
474,135,120,151,12,7,1,1,1
474,136,509,409,8,4,1,1,1
474,281,509,407,8,6,1,1,1
474,315,425,28,12,6,1,1,1
475,135,114,149,13,7,1,1,1
475,281,509,407,8,5,1,1,1
475,315,424,30,14,6,1,1,1
476,135,114,149,13,7,1,1,1
476,281,509,407,8,5,1,1,1
476,315,424,30,14,6,1,1,1
477,135,108,146,14,8,1,1,1
477,281,508,407,10,6,1,1,1
477,315,424,31,14,7,1,1,1
478,135,108,146,14,8,1,1,1
478,281,508,407,10,6,1,1,1
478,315,424,31,14,7,1,1,1
479,135,103,144,14,7,1,1,1
479,281,509,407,8,6,1,1,1
479,315,424,33,14,7,1,1,1
480,135,103,144,14,7,1,1,1
480,281,509,407,8,6,1,1,1
480,315,424,33,14,7,1,1,1
481,135,98,142,13,7,1,1,1
481,136,509,409,8,4,1,1,1
481,281,509,407,8,6,1,1,1
481,315,424,35,14,7,1,1,1
482,135,98,142,13,7,1,1,1
482,136,509,409,8,4,1,1,1
482,281,509,407,8,6,1,1,1
482,315,424,35,14,7,1,1,1
483,135,92,139,13,7,1,1,1
483,136,509,409,8,4,1,1,1
483,315,424,37,14,7,1,1,1
484,135,92,139,13,7,1,1,1
484,136,509,409,8,4,1,1,1
484,315,424,37,14,7,1,1,1
485,135,86,136,14,8,1,1,1
485,136,509,409,8,4,1,1,1
485,315,424,39,13,7,1,1,1
486,135,86,136,14,8,1,1,1
486,136,509,409,8,4,1,1,1
486,315,424,39,13,7,1,1,1
487,135,81,134,13,7,1,1,1
487,136,509,409,8,4,1,1,1
487,315,424,41,13,7,1,1,1
488,135,81,134,13,7,1,1,1
488,136,509,409,8,4,1,1,1
488,315,424,41,13,7,1,1,1
489,135,75,131,13,7,1,1,1
489,136,509,409,8,4,1,1,1
489,315,424,43,13,7,1,1,1
490,135,75,131,13,7,1,1,1
490,136,509,409,8,4,1,1,1
490,315,424,43,13,7,1,1,1
491,135,70,128,12,7,1,1,1
491,136,509,409,8,4,1,1,1
491,315,424,46,12,6,1,1,1
492,135,70,128,12,7,1,1,1
492,136,509,409,8,4,1,1,1
492,315,424,46,12,6,1,1,1
493,135,64,125,13,7,1,1,1
493,136,509,409,8,4,1,1,1
493,281,509,407,8,6,1,1,1
493,315,424,48,11,6,1,1,1
494,135,64,125,13,7,1,1,1
494,136,509,409,8,4,1,1,1
494,281,509,407,8,6,1,1,1
494,315,424,48,11,6,1,1,1
495,135,58,122,13,7,1,1,1
495,281,509,407,8,5,1,1,1
495,315,424,50,11,6,1,1,1
496,135,58,122,13,7,1,1,1
496,281,509,407,8,5,1,1,1
496,315,424,50,11,6,1,1,1
497,135,52,119,13,7,1,1,1
497,136,509,409,8,4,1,1,1
497,281,509,407,8,5,1,1,1
497,315,423,52,11,6,1,1,1
498,135,52,119,13,7,1,1,1
498,136,509,409,8,4,1,1,1
498,281,509,407,8,5,1,1,1
498,315,423,52,11,6,1,1,1
499,135,46,115,14,8,1,1,1
499,136,509,409,8,4,1,1,1
499,315,422,54,12,7,1,1,1
500,135,46,115,14,8,1,1,1
500,136,509,409,8,4,1,1,1
500,315,422,54,12,7,1,1,1
501,135,41,112,13,7,1,1,1
501,136,509,409,8,4,1,1,1
501,315,421,57,12,6,1,1,1
501,351,196,440,9,6,1,1,1
502,135,41,112,13,7,1,1,1
502,136,509,409,8,4,1,1,1
502,315,421,57,12,6,1,1,1
502,351,196,440,9,6,1,1,1
503,135,35,109,13,7,1,1,1
503,136,509,409,8,4,1,1,1
503,315,421,59,11,6,1,1,1
503,351,195,440,9,6,1,1,1
504,135,35,109,13,7,1,1,1
504,136,509,409,8,4,1,1,1
504,315,421,59,11,6,1,1,1
504,351,195,440,9,6,1,1,1
505,135,29,105,13,7,1,1,1
505,136,509,409,8,4,1,1,1
505,281,510,408,6,4,1,1,1
505,315,419,61,12,7,1,1,1
505,351,195,440,9,6,1,1,1
506,135,29,105,13,7,1,1,1
506,136,509,409,8,4,1,1,1
506,281,510,408,6,4,1,1,1
506,315,419,61,12,7,1,1,1
506,351,195,440,9,6,1,1,1
507,135,23,102,13,7,1,1,1
507,281,510,409,6,3,1,1,1
507,315,418,64,12,6,1,1,1
507,351,194,440,9,6,1,1,1
508,135,23,102,13,7,1,1,1
508,281,510,409,6,3,1,1,1
508,315,418,64,12,6,1,1,1
508,351,194,440,9,6,1,1,1
509,135,17,98,13,7,1,1,1
509,281,510,409,6,3,1,1,1
509,315,417,66,12,7,1,1,1
510,135,17,98,13,7,1,1,1
510,281,510,409,6,3,1,1,1
510,315,417,66,12,7,1,1,1
511,135,11,94,13,7,1,1,1
511,281,510,409,6,3,1,1,1
511,315,415,69,13,6,1,1,1
512,135,11,94,13,7,1,1,1
512,281,510,409,6,3,1,1,1
512,315,415,69,13,6,1,1,1
513,135,4,90,14,8,1,1,1
513,281,509,408,8,4,1,1,1
513,315,414,71,11,7,1,1,1
513,351,194,440,9,6,1,1,1
514,135,4,90,14,8,1,1,1
514,281,509,408,8,4,1,1,1
514,315,414,71,11,7,1,1,1
514,351,194,440,9,6,1,1,1
515,135,0,87,13,8,1,1,1
515,281,510,408,7,4,1,1,1
515,315,412,73,12,7,1,1,1
515,351,194,440,9,6,1,1,1
516,135,0,87,13,8,1,1,1
516,281,510,408,7,4,1,1,1
516,315,412,73,12,7,1,1,1
516,351,194,440,9,6,1,1,1
517,281,510,408,7,4,1,1,1
517,315,411,76,11,7,1,1,1
517,359,0,426,9,8,1,1,1
518,281,510,408,7,4,1,1,1
518,315,411,76,11,7,1,1,1
518,359,0,426,9,8,1,1,1
519,281,510,408,6,4,1,1,1
519,315,409,78,11,7,1,1,1
519,359,0,426,9,7,1,1,1
520,281,510,408,6,4,1,1,1
520,315,409,78,11,7,1,1,1
520,359,0,426,9,7,1,1,1
521,281,510,409,6,3,1,1,1
521,315,407,81,12,6,1,1,1
521,351,194,440,9,6,1,1,1
521,359,0,426,9,7,1,1,1
522,281,510,409,6,3,1,1,1
522,315,407,81,12,6,1,1,1
522,351,194,440,9,6,1,1,1
522,359,0,426,9,7,1,1,1
523,281,510,409,6,3,1,1,1
523,315,405,83,11,7,1,1,1
523,351,194,440,9,6,1,1,1
523,359,0,426,8,7,1,1,1
524,281,510,409,6,3,1,1,1
524,315,405,83,11,7,1,1,1
524,351,194,440,9,6,1,1,1
524,359,0,426,8,7,1,1,1
525,281,510,409,6,3,1,1,1
525,315,403,86,11,6,1,1,1
525,351,194,440,9,6,1,1,1
525,359,0,426,8,7,1,1,1
526,281,510,409,6,3,1,1,1
526,315,403,86,11,6,1,1,1
526,351,194,440,9,6,1,1,1
526,359,0,426,8,7,1,1,1
527,281,510,409,6,3,1,1,1
527,315,400,88,12,6,1,1,1
527,351,193,440,10,6,1,1,1
527,359,0,426,8,7,1,1,1
528,281,510,409,6,3,1,1,1
528,315,400,88,12,6,1,1,1
528,351,193,440,10,6,1,1,1
528,359,0,426,8,7,1,1,1
529,136,509,409,8,4,1,1,1
529,281,510,409,6,3,1,1,1
529,315,398,90,12,7,1,1,1
529,351,193,440,10,6,1,1,1
529,359,0,425,8,8,1,1,1
530,136,509,409,8,4,1,1,1
530,281,510,409,6,3,1,1,1
530,315,398,90,12,7,1,1,1
530,351,193,440,10,6,1,1,1
530,359,0,425,8,8,1,1,1
531,136,509,409,8,4,1,1,1
531,315,396,93,13,7,1,1,1
531,351,193,440,9,6,1,1,1
532,136,509,409,8,4,1,1,1
532,315,396,93,13,7,1,1,1
532,351,193,440,9,6,1,1,1
533,315,395,95,12,7,1,1,1
534,315,395,95,12,7,1,1,1
557,391,482,483,13,7,1,1,1
558,391,482,483,13,7,1,1,1
559,391,479,485,12,7,1,1,1
560,391,479,485,12,7,1,1,1
561,391,476,487,12,7,1,1,1
562,391,476,487,12,7,1,1,1
563,391,471,489,13,8,1,1,1
563,401,289,99,15,8,1,1,1
564,391,471,489,13,8,1,1,1
564,401,289,99,15,8,1,1,1
565,391,467,491,13,8,1,1,1
565,401,292,96,15,8,1,1,1
566,391,467,491,13,8,1,1,1
566,401,292,96,15,8,1,1,1
567,391,462,493,13,7,1,1,1
567,401,295,93,13,7,1,1,1
568,391,462,493,13,7,1,1,1
568,401,295,93,13,7,1,1,1
569,391,459,495,12,7,1,1,1
569,401,298,90,13,7,1,1,1
570,391,459,495,12,7,1,1,1
570,401,298,90,13,7,1,1,1
571,391,453,497,14,8,1,1,1
571,401,301,87,13,7,1,1,1
572,391,453,497,14,8,1,1,1
572,401,301,87,13,7,1,1,1
573,391,449,499,13,8,1,1,1
573,401,303,84,14,7,1,1,1
574,391,449,499,13,8,1,1,1
574,401,303,84,14,7,1,1,1
575,391,443,501,15,8,1,1,1
575,401,304,81,15,8,1,1,1
576,391,443,501,15,8,1,1,1
576,401,304,81,15,8,1,1,1
577,391,437,501,18,10,1,1,1
577,401,307,78,15,8,1,1,1
578,391,437,501,18,10,1,1,1
578,401,307,78,15,8,1,1,1
579,391,433,503,18,8,1,1,1
579,401,309,75,15,8,1,1,1
580,391,433,503,18,8,1,1,1
580,401,309,75,15,8,1,1,1
581,401,312,72,13,8,1,1,1
582,401,312,72,13,8,1,1,1
583,401,314,70,14,7,1,1,1
584,401,314,70,14,7,1,1,1
585,401,316,67,14,8,1,1,1
586,401,316,67,14,8,1,1,1
587,401,318,64,14,8,1,1,1
588,401,318,64,14,8,1,1,1
589,401,319,62,15,8,1,1,1
590,401,319,62,15,8,1,1,1
591,401,321,59,14,8,1,1,1
592,401,321,59,14,8,1,1,1
593,401,323,57,15,8,1,1,1
594,401,323,57,15,8,1,1,1
595,401,325,54,15,9,1,1,1
596,401,325,54,15,9,1,1,1
597,401,330,52,15,8,1,1,1
598,401,330,52,15,8,1,1,1
599,401,333,50,14,8,1,1,1
600,401,333,50,14,8,1,1,1
623,444,476,34,15,9,1,1,1
624,444,476,34,15,9,1,1,1
625,444,478,33,14,9,1,1,1
626,444,478,33,14,9,1,1,1
627,444,479,33,15,8,1,1,1
628,444,479,33,15,8,1,1,1
629,444,481,32,14,9,1,1,1
630,444,481,32,14,9,1,1,1
631,444,482,32,15,8,1,1,1
632,444,482,32,15,8,1,1,1
633,444,483,31,15,9,1,1,1
634,444,483,31,15,9,1,1,1
635,444,485,31,15,9,1,1,1
636,444,485,31,15,9,1,1,1
637,444,485,31,17,9,1,1,1
638,444,485,31,17,9,1,1,1
639,444,487,30,15,10,1,1,1
640,444,487,30,15,10,1,1,1
641,444,488,30,15,9,1,1,1
642,444,488,30,15,9,1,1,1
643,444,489,30,15,9,1,1,1
644,444,489,30,15,9,1,1,1
645,444,486,28,23,14,1,1,1
646,444,486,28,23,14,1,1,1
647,444,490,30,18,11,1,1,1
648,444,490,30,18,11,1,1,1
649,444,493,31,16,10,1,1,1
650,444,493,31,16,10,1,1,1
651,444,494,31,16,10,1,1,1
652,444,494,31,16,10,1,1,1
667,315,296,214,15,9,1,1,1
668,315,296,214,15,9,1,1,1
669,315,294,215,16,9,1,1,1
670,315,294,215,16,9,1,1,1
693,504,380,327,16,11,1,1,1
694,504,380,327,16,11,1,1,1
695,504,383,323,15,11,1,1,1
696,504,383,323,15,11,1,1,1
697,504,384,317,15,10,1,1,1
698,504,384,317,15,10,1,1,1
699,504,387,313,13,9,1,1,1
700,504,387,313,13,9,1,1,1
701,504,388,307,15,11,1,1,1
702,504,388,307,15,11,1,1,1
703,504,389,303,17,10,1,1,1
704,504,389,303,17,10,1,1,1
705,504,391,298,17,11,1,1,1
706,504,391,298,17,11,1,1,1
707,504,393,293,16,11,1,1,1
708,504,393,293,16,11,1,1,1
709,504,395,289,15,10,1,1,1
710,504,395,289,15,10,1,1,1
