1,1,268,51,10,6,1,1,1
1,2,89,185,11,6,1,1,1
1,3,55,248,11,6,1,1,1
1,4,382,351,8,7,1,1,1
2,1,268,51,10,6,1,1,1
2,2,89,185,11,6,1,1,1
2,3,55,248,11,6,1,1,1
2,4,382,351,8,7,1,1,1
3,1,270,52,10,6,1,1,1
3,2,90,182,9,6,1,1,1
3,3,53,247,11,6,1,1,1
4,1,270,52,10,6,1,1,1
4,2,90,182,9,6,1,1,1
4,3,53,247,11,6,1,1,1
5,1,272,53,10,6,1,1,1
5,2,90,181,9,6,1,1,1
5,3,50,244,12,7,1,1,1
6,1,272,53,10,6,1,1,1
6,2,90,181,9,6,1,1,1
6,3,50,244,12,7,1,1,1
7,1,275,54,10,6,1,1,1
7,3,47,242,13,7,1,1,1
7,5,91,175,9,6,1,1,1
8,1,275,54,10,6,1,1,1
8,3,47,242,13,7,1,1,1
8,5,91,175,9,6,1,1,1
9,1,279,56,8,5,1,1,1
9,3,45,240,13,7,1,1,1
9,5,91,174,9,6,1,1,1
10,1,279,56,8,5,1,1,1
10,3,45,240,13,7,1,1,1
10,5,91,174,9,6,1,1,1
11,1,281,57,9,5,1,1,1
11,3,43,238,13,7,1,1,1
12,1,281,57,9,5,1,1,1
12,3,43,238,13,7,1,1,1
33,40,218,136,9,6,1,1,1
33,42,415,77,10,5,1,1,1
34,40,218,136,9,6,1,1,1
34,42,415,77,10,5,1,1,1
35,40,220,134,8,5,1,1,1
35,42,416,79,12,6,1,1,1
35,43,135,211,11,6,1,1,1
36,40,220,134,8,5,1,1,1
36,42,416,79,12,6,1,1,1
36,43,135,211,11,6,1,1,1
37,40,221,131,9,6,1,1,1
37,42,418,82,11,5,1,1,1
37,43,134,209,11,6,1,1,1
38,40,221,131,9,6,1,1,1
38,42,418,82,11,5,1,1,1
38,43,134,209,11,6,1,1,1
39,40,222,129,8,5,1,1,1
39,42,420,84,11,6,1,1,1
39,43,132,206,11,6,1,1,1
40,40,222,129,8,5,1,1,1
40,42,420,84,11,6,1,1,1
40,43,132,206,11,6,1,1,1
41,40,223,126,9,6,1,1,1
41,42,423,87,10,5,1,1,1
41,43,131,204,11,6,1,1,1
42,40,223,126,9,6,1,1,1
42,42,423,87,10,5,1,1,1
42,43,131,204,11,6,1,1,1
43,40,225,124,8,5,1,1,1
43,42,424,89,11,6,1,1,1
43,43,130,201,11,6,1,1,1
44,40,225,124,8,5,1,1,1
44,42,424,89,11,6,1,1,1
44,43,130,201,11,6,1,1,1
45,40,227,121,8,5,1,1,1
45,42,426,92,11,6,1,1,1
45,43,128,199,11,6,1,1,1
46,40,227,121,8,5,1,1,1
46,42,426,92,11,6,1,1,1
46,43,128,199,11,6,1,1,1
47,40,228,119,9,5,1,1,1
47,42,427,95,12,6,1,1,1
47,43,127,196,11,6,1,1,1
48,40,228,119,9,5,1,1,1
48,42,427,95,12,6,1,1,1
48,43,127,196,11,6,1,1,1
49,40,229,116,10,6,1,1,1
49,42,429,98,12,6,1,1,1
49,43,126,194,11,6,1,1,1
50,40,229,116,10,6,1,1,1
50,42,429,98,12,6,1,1,1
50,43,126,194,11,6,1,1,1
51,40,231,114,9,6,1,1,1
51,42,431,101,11,6,1,1,1
51,43,125,191,10,6,1,1,1
52,40,231,114,9,6,1,1,1
52,42,431,101,11,6,1,1,1
52,43,125,191,10,6,1,1,1
53,40,233,112,9,6,1,1,1
53,42,432,104,11,6,1,1,1
53,43,123,189,11,6,1,1,1
54,40,233,112,9,6,1,1,1
54,42,432,104,11,6,1,1,1
54,43,123,189,11,6,1,1,1
55,40,236,110,8,5,1,1,1
55,42,434,107,11,6,1,1,1
55,43,122,186,11,6,1,1,1
56,40,236,110,8,5,1,1,1
56,42,434,107,11,6,1,1,1
56,43,122,186,11,6,1,1,1
57,40,237,108,9,6,1,1,1
57,42,436,110,10,6,1,1,1
57,43,121,183,11,6,1,1,1
58,40,237,108,9,6,1,1,1
58,42,436,110,10,6,1,1,1
58,43,121,183,11,6,1,1,1
59,40,239,106,9,6,1,1,1
59,42,438,114,9,5,1,1,1
59,43,120,181,11,6,1,1,1
60,40,239,106,9,6,1,1,1
60,42,438,114,9,5,1,1,1
60,43,120,181,11,6,1,1,1
61,40,241,104,10,6,1,1,1
61,42,439,117,10,6,1,1,1
61,43,119,178,11,6,1,1,1
62,40,241,104,10,6,1,1,1
62,42,439,117,10,6,1,1,1
62,43,119,178,11,6,1,1,1
63,40,243,102,10,6,1,1,1
63,42,440,120,10,6,1,1,1
63,43,118,176,11,6,1,1,1
64,40,243,102,10,6,1,1,1
64,42,440,120,10,6,1,1,1
64,43,118,176,11,6,1,1,1
65,40,246,101,9,6,1,1,1
65,42,442,123,10,6,1,1,1
65,43,118,173,10,6,1,1,1
66,40,246,101,9,6,1,1,1
66,42,442,123,10,6,1,1,1
66,43,118,173,10,6,1,1,1
67,40,248,99,10,6,1,1,1
67,42,443,127,10,6,1,1,1
67,43,117,170,11,6,1,1,1
68,40,248,99,10,6,1,1,1
68,42,443,127,10,6,1,1,1
68,43,117,170,11,6,1,1,1
69,40,250,98,10,6,1,1,1
69,42,445,130,10,6,1,1,1
69,43,116,168,11,6,1,1,1
69,55,362,438,9,5,1,1,1
70,40,250,98,10,6,1,1,1
70,42,445,130,10,6,1,1,1
70,43,116,168,11,6,1,1,1
70,55,362,438,9,5,1,1,1
71,40,253,97,9,5,1,1,1
71,42,446,134,10,6,1,1,1
71,43,116,165,11,6,1,1,1
71,55,361,438,9,5,1,1,1
72,40,253,97,9,5,1,1,1
72,42,446,134,10,6,1,1,1
72,43,116,165,11,6,1,1,1
72,55,361,438,9,5,1,1,1
73,40,255,95,9,6,1,1,1
73,42,448,138,9,5,1,1,1
73,43,115,163,11,6,1,1,1
73,56,354,439,7,6,1,1,1
74,40,255,95,9,6,1,1,1
74,42,448,138,9,5,1,1,1
74,43,115,163,11,6,1,1,1
74,56,354,439,7,6,1,1,1
75,40,257,94,9,5,1,1,1
75,42,449,141,9,6,1,1,1
75,43,115,160,10,6,1,1,1
75,56,353,440,7,5,1,1,1
76,40,257,94,9,5,1,1,1
76,42,449,141,9,6,1,1,1
76,43,115,160,10,6,1,1,1
76,56,353,440,7,5,1,1,1
77,40,259,93,9,5,1,1,1
77,42,450,145,10,6,1,1,1
77,43,114,158,11,6,1,1,1
78,40,259,93,9,5,1,1,1
78,42,450,145,10,6,1,1,1
78,43,114,158,11,6,1,1,1
79,40,261,92,9,5,1,1,1
79,42,451,149,10,6,1,1,1
79,43,114,155,11,6,1,1,1
79,58,340,442,9,6,1,1,1
80,40,261,92,9,5,1,1,1
80,42,451,149,10,6,1,1,1
80,43,114,155,11,6,1,1,1
80,58,340,442,9,6,1,1,1
81,40,263,90,9,6,1,1,1
81,42,452,153,9,6,1,1,1
81,43,114,153,10,6,1,1,1
81,58,340,442,9,6,1,1,1
82,40,263,90,9,6,1,1,1
82,42,452,153,9,6,1,1,1
82,43,114,153,10,6,1,1,1
82,58,340,442,9,6,1,1,1
83,40,265,89,10,6,1,1,1
83,42,453,157,9,5,1,1,1
83,43,114,150,10,6,1,1,1
83,59,331,444,10,5,1,1,1
84,40,265,89,10,6,1,1,1
84,42,453,157,9,5,1,1,1
84,43,114,150,10,6,1,1,1
84,59,331,444,10,5,1,1,1
85,40,267,88,10,6,1,1,1
85,42,453,161,9,5,1,1,1
85,43,114,148,10,6,1,1,1
85,59,328,444,10,6,1,1,1
86,40,267,88,10,6,1,1,1
86,42,453,161,9,5,1,1,1
86,43,114,148,10,6,1,1,1
86,59,328,444,10,6,1,1,1
87,40,270,88,9,5,1,1,1
87,42,453,164,10,6,1,1,1
87,43,113,146,11,5,1,1,1
87,59,323,444,10,6,1,1,1
88,40,270,88,9,5,1,1,1
88,42,453,164,10,6,1,1,1
88,43,113,146,11,5,1,1,1
88,59,323,444,10,6,1,1,1
89,40,272,87,9,5,1,1,1
89,42,454,168,9,6,1,1,1
89,43,113,143,11,6,1,1,1
89,59,318,445,11,6,1,1,1
90,40,272,87,9,5,1,1,1
90,42,454,168,9,6,1,1,1
90,43,113,143,11,6,1,1,1
90,59,318,445,11,6,1,1,1
91,40,275,86,8,5,1,1,1
91,42,454,173,9,5,1,1,1
91,43,113,141,11,6,1,1,1
91,59,314,445,11,6,1,1,1
92,40,275,86,8,5,1,1,1
92,42,454,173,9,5,1,1,1
92,43,113,141,11,6,1,1,1
92,59,314,445,11,6,1,1,1
93,5,115,139,9,6,1,1,1
93,40,277,85,9,6,1,1,1
93,42,454,177,10,6,1,1,1
93,43,113,139,10,6,1,1,1
93,59,310,445,10,7,1,1,1
94,5,115,139,9,6,1,1,1
94,40,277,85,9,6,1,1,1
94,42,454,177,10,6,1,1,1
94,43,113,139,10,6,1,1,1
94,59,310,445,10,7,1,1,1
95,5,115,137,9,6,1,1,1
95,40,280,85,9,5,1,1,1
95,42,455,181,9,6,1,1,1
95,59,306,446,10,6,1,1,1
96,5,115,137,9,6,1,1,1
96,40,280,85,9,5,1,1,1
96,42,455,181,9,6,1,1,1
96,59,306,446,10,6,1,1,1
97,5,115,135,10,6,1,1,1
97,40,282,84,10,6,1,1,1
97,42,455,185,9,6,1,1,1
97,59,301,447,10,5,1,1,1
98,5,115,135,10,6,1,1,1
98,40,282,84,10,6,1,1,1
98,42,455,185,9,6,1,1,1
98,59,301,447,10,5,1,1,1
99,5,116,133,9,5,1,1,1
99,40,285,84,9,5,1,1,1
99,42,455,189,9,6,1,1,1
99,59,297,447,10,6,1,1,1
100,5,116,133,9,5,1,1,1
100,40,285,84,9,5,1,1,1
100,42,455,189,9,6,1,1,1
100,59,297,447,10,6,1,1,1
101,5,116,131,9,5,1,1,1
101,40,288,84,9,5,1,1,1
101,42,455,193,9,6,1,1,1
101,59,293,447,9,5,1,1,1
102,5,116,131,9,5,1,1,1
102,40,288,84,9,5,1,1,1
102,42,455,193,9,6,1,1,1
102,59,293,447,9,5,1,1,1
103,2,117,128,9,6,1,1,1
103,5,117,129,8,5,1,1,1
103,40,290,83,10,6,1,1,1
103,42,455,198,9,5,1,1,1
103,59,289,447,9,5,1,1,1
104,2,117,128,9,6,1,1,1
104,5,117,129,8,5,1,1,1
104,40,290,83,10,6,1,1,1
104,42,455,198,9,5,1,1,1
104,59,289,447,9,5,1,1,1
105,2,117,126,9,6,1,1,1
105,40,293,83,10,6,1,1,1
105,42,455,202,8,5,1,1,1
105,59,285,447,9,6,1,1,1
106,2,117,126,9,6,1,1,1
106,40,293,83,10,6,1,1,1
106,42,455,202,8,5,1,1,1
106,59,285,447,9,6,1,1,1
107,2,117,124,10,6,1,1,1
107,40,295,83,10,6,1,1,1
107,42,455,206,9,6,1,1,1
107,59,281,447,9,6,1,1,1
108,2,117,124,10,6,1,1,1
108,40,295,83,10,6,1,1,1
108,42,455,206,9,6,1,1,1
108,59,281,447,9,6,1,1,1
109,2,118,122,9,6,1,1,1
109,40,298,83,10,6,1,1,1
109,42,455,210,9,6,1,1,1
109,59,277,447,9,6,1,1,1
110,2,118,122,9,6,1,1,1
110,40,298,83,10,6,1,1,1
110,42,455,210,9,6,1,1,1
110,59,277,447,9,6,1,1,1
111,2,118,120,10,6,1,1,1
111,40,301,83,10,6,1,1,1
111,42,455,215,9,5,1,1,1
111,59,273,447,9,5,1,1,1
112,2,118,120,10,6,1,1,1
112,40,301,83,10,6,1,1,1
112,42,455,215,9,5,1,1,1
112,59,273,447,9,5,1,1,1
113,2,120,118,9,5,1,1,1
113,40,304,84,9,5,1,1,1
113,42,455,219,9,6,1,1,1
113,59,269,447,9,5,1,1,1
114,2,120,118,9,5,1,1,1
114,40,304,84,9,5,1,1,1
114,42,455,219,9,6,1,1,1
114,59,269,447,9,5,1,1,1
115,2,120,115,10,6,1,1,1
115,40,307,84,8,5,1,1,1
115,42,454,223,10,6,1,1,1
115,59,265,446,9,6,1,1,1
116,2,120,115,10,6,1,1,1
116,40,307,84,8,5,1,1,1
116,42,454,223,10,6,1,1,1
116,59,265,446,9,6,1,1,1
117,2,121,113,10,6,1,1,1
117,40,309,84,10,6,1,1,1
117,42,454,228,10,6,1,1,1
117,59,261,446,9,5,1,1,1
118,2,121,113,10,6,1,1,1
118,40,309,84,10,6,1,1,1
118,42,454,228,10,6,1,1,1
118,59,261,446,9,5,1,1,1
119,2,122,111,10,6,1,1,1
119,40,312,84,9,6,1,1,1
119,42,454,232,10,6,1,1,1
119,59,257,445,9,6,1,1,1
120,2,122,111,10,6,1,1,1
120,40,312,84,9,6,1,1,1
120,42,454,232,10,6,1,1,1
120,59,257,445,9,6,1,1,1
121,2,123,110,10,6,1,1,1
121,40,314,85,10,6,1,1,1
121,42,454,236,9,6,1,1,1
121,59,253,444,10,6,1,1,1
122,2,123,110,10,6,1,1,1
122,40,314,85,10,6,1,1,1
122,42,454,236,9,6,1,1,1
122,59,253,444,10,6,1,1,1
123,2,124,108,10,6,1,1,1
123,40,317,86,9,5,1,1,1
123,42,454,241,8,6,1,1,1
123,59,249,443,10,6,1,1,1
124,2,124,108,10,6,1,1,1
124,40,317,86,9,5,1,1,1
124,42,454,241,8,6,1,1,1
124,59,249,443,10,6,1,1,1
125,2,124,106,11,6,1,1,1
125,40,319,86,10,6,1,1,1
125,42,453,245,9,6,1,1,1
125,59,246,442,9,6,1,1,1
126,2,124,106,11,6,1,1,1
126,40,319,86,10,6,1,1,1
126,42,453,245,9,6,1,1,1
126,59,246,442,9,6,1,1,1
127,2,125,104,11,7,1,1,1
127,40,322,87,9,5,1,1,1
127,42,452,250,9,6,1,1,1
127,59,242,441,9,6,1,1,1
128,2,125,104,11,7,1,1,1
128,40,322,87,9,5,1,1,1
128,42,452,250,9,6,1,1,1
128,59,242,441,9,6,1,1,1
129,2,127,103,10,6,1,1,1
129,40,325,88,8,5,1,1,1
129,42,451,254,9,6,1,1,1
129,59,238,440,9,6,1,1,1
130,2,127,103,10,6,1,1,1
130,40,325,88,8,5,1,1,1
130,42,451,254,9,6,1,1,1
130,59,238,440,9,6,1,1,1
131,2,128,101,10,6,1,1,1
131,40,327,89,9,5,1,1,1
131,42,450,259,9,5,1,1,1
131,59,235,439,9,6,1,1,1
132,2,128,101,10,6,1,1,1
132,40,327,89,9,5,1,1,1
132,42,450,259,9,5,1,1,1
132,59,235,439,9,6,1,1,1
133,2,129,99,10,6,1,1,1
133,40,330,90,8,5,1,1,1
133,42,449,263,9,6,1,1,1
133,59,231,438,9,5,1,1,1
134,2,129,99,10,6,1,1,1
134,40,330,90,8,5,1,1,1
134,42,449,263,9,6,1,1,1
134,59,231,438,9,5,1,1,1
135,2,130,98,10,6,1,1,1
135,40,332,91,9,5,1,1,1
135,42,448,267,9,6,1,1,1
135,59,228,436,9,6,1,1,1
136,2,130,98,10,6,1,1,1
136,40,332,91,9,5,1,1,1
136,42,448,267,9,6,1,1,1
136,59,228,436,9,6,1,1,1
137,2,132,96,9,6,1,1,1
137,40,334,92,10,6,1,1,1
137,42,446,272,10,6,1,1,1
137,59,224,435,9,6,1,1,1
138,2,132,96,9,6,1,1,1
138,40,334,92,10,6,1,1,1
138,42,446,272,10,6,1,1,1
138,59,224,435,9,6,1,1,1
139,2,133,95,10,5,1,1,1
139,40,337,94,9,5,1,1,1
139,42,445,276,10,6,1,1,1
139,59,221,433,9,6,1,1,1
140,2,133,95,10,5,1,1,1
140,40,337,94,9,5,1,1,1
140,42,445,276,10,6,1,1,1
140,59,221,433,9,6,1,1,1
141,2,135,93,9,6,1,1,1
141,40,340,95,9,5,1,1,1
141,42,444,281,9,6,1,1,1
141,59,217,431,9,7,1,1,1
142,2,135,93,9,6,1,1,1
142,40,340,95,9,5,1,1,1
142,42,444,281,9,6,1,1,1
142,59,217,431,9,7,1,1,1
143,2,136,92,10,5,1,1,1
143,40,342,97,9,5,1,1,1
143,42,443,285,9,6,1,1,1
143,59,213,430,10,7,1,1,1
144,2,136,92,10,5,1,1,1
144,40,342,97,9,5,1,1,1
144,42,443,285,9,6,1,1,1
144,59,213,430,10,7,1,1,1
145,2,137,90,11,6,1,1,1
145,40,345,98,10,6,1,1,1
145,42,441,290,9,5,1,1,1
146,2,137,90,11,6,1,1,1
146,40,345,98,10,6,1,1,1
146,42,441,290,9,5,1,1,1
147,2,140,89,9,6,1,1,1
147,40,348,100,9,5,1,1,1
147,42,440,294,8,6,1,1,1
148,2,140,89,9,6,1,1,1
148,40,348,100,9,5,1,1,1
148,42,440,294,8,6,1,1,1
149,2,140,88,11,5,1,1,1
149,40,351,102,9,5,1,1,1
149,42,438,299,9,5,1,1,1
150,2,140,88,11,5,1,1,1
150,40,351,102,9,5,1,1,1
150,42,438,299,9,5,1,1,1
151,2,142,86,10,6,1,1,1
151,40,353,103,10,6,1,1,1
151,42,436,303,10,6,1,1,1
151,61,202,423,9,6,1,1,1
152,2,142,86,10,6,1,1,1
152,40,353,103,10,6,1,1,1
152,42,436,303,10,6,1,1,1
152,61,202,423,9,6,1,1,1
153,2,143,85,11,6,1,1,1
153,40,356,105,11,6,1,1,1
153,42,435,307,10,6,1,1,1
153,61,202,422,9,6,1,1,1
154,2,143,85,11,6,1,1,1
154,40,356,105,11,6,1,1,1
154,42,435,307,10,6,1,1,1
154,61,202,422,9,6,1,1,1
155,2,145,84,10,6,1,1,1
155,40,359,107,10,6,1,1,1
155,42,433,312,9,6,1,1,1
156,2,145,84,10,6,1,1,1
156,40,359,107,10,6,1,1,1
156,42,433,312,9,6,1,1,1
157,2,147,83,10,6,1,1,1
157,40,362,109,10,6,1,1,1
157,42,431,316,10,6,1,1,1
158,2,147,83,10,6,1,1,1
158,40,362,109,10,6,1,1,1
158,42,431,316,10,6,1,1,1
159,2,149,82,10,6,1,1,1
159,40,364,111,11,6,1,1,1
159,42,429,320,10,6,1,1,1
159,63,190,415,10,6,1,1,1
160,2,149,82,10,6,1,1,1
160,40,364,111,11,6,1,1,1
160,42,429,320,10,6,1,1,1
160,63,190,415,10,6,1,1,1
161,2,150,81,11,6,1,1,1
161,40,367,113,10,6,1,1,1
161,42,427,324,10,7,1,1,1
161,63,190,414,10,6,1,1,1
162,2,150,81,11,6,1,1,1
162,40,367,113,10,6,1,1,1
162,42,427,324,10,7,1,1,1
162,63,190,414,10,6,1,1,1
163,2,152,80,10,6,1,1,1
163,40,370,116,9,5,1,1,1
163,42,426,329,10,6,1,1,1
164,2,152,80,10,6,1,1,1
164,40,370,116,9,5,1,1,1
164,42,426,329,10,6,1,1,1
165,2,154,79,10,6,1,1,1
165,40,373,118,9,5,1,1,1
165,42,424,333,10,6,1,1,1
165,65,182,407,10,6,1,1,1
166,2,154,79,10,6,1,1,1
166,40,373,118,9,5,1,1,1
166,42,424,333,10,6,1,1,1
166,65,182,407,10,6,1,1,1
167,2,156,79,10,5,1,1,1
167,40,374,120,10,6,1,1,1
167,42,422,337,10,6,1,1,1
167,65,182,406,10,6,1,1,1
168,2,156,79,10,5,1,1,1
168,40,374,120,10,6,1,1,1
168,42,422,337,10,6,1,1,1
168,65,182,406,10,6,1,1,1
169,2,158,78,10,6,1,1,1
169,40,377,123,9,5,1,1,1
169,42,421,341,9,6,1,1,1
170,2,158,78,10,6,1,1,1
170,40,377,123,9,5,1,1,1
170,42,421,341,9,6,1,1,1
171,2,159,77,11,6,1,1,1
171,40,378,125,10,6,1,1,1
171,42,419,346,8,5,1,1,1
172,2,159,77,11,6,1,1,1
172,40,378,125,10,6,1,1,1
172,42,419,346,8,5,1,1,1
173,2,162,77,9,5,1,1,1
173,40,381,128,9,5,1,1,1
173,42,416,350,9,5,1,1,1
173,68,173,397,10,6,1,1,1
174,2,162,77,9,5,1,1,1
174,40,381,128,9,5,1,1,1
174,42,416,350,9,5,1,1,1
174,68,173,397,10,6,1,1,1
175,2,163,76,11,6,1,1,1
175,40,382,130,10,6,1,1,1
175,42,414,354,10,6,1,1,1
175,68,172,396,10,6,1,1,1
176,2,163,76,11,6,1,1,1
176,40,382,130,10,6,1,1,1
176,42,414,354,10,6,1,1,1
176,68,172,396,10,6,1,1,1
177,2,165,75,11,6,1,1,1
177,40,384,133,10,6,1,1,1
177,42,412,358,9,6,1,1,1
178,2,165,75,11,6,1,1,1
178,40,384,133,10,6,1,1,1
178,42,412,358,9,6,1,1,1
179,2,167,75,11,6,1,1,1
179,40,386,136,10,6,1,1,1
179,42,409,362,10,6,1,1,1
180,2,167,75,11,6,1,1,1
180,40,386,136,10,6,1,1,1
180,42,409,362,10,6,1,1,1
181,2,169,75,11,6,1,1,1
181,40,389,139,9,5,1,1,1
181,42,407,366,9,6,1,1,1
182,2,169,75,11,6,1,1,1
182,40,389,139,9,5,1,1,1
182,42,407,366,9,6,1,1,1
183,2,172,74,10,6,1,1,1
183,40,391,142,8,5,1,1,1
183,42,404,370,10,6,1,1,1
184,2,172,74,10,6,1,1,1
184,40,391,142,8,5,1,1,1
184,42,404,370,10,6,1,1,1
185,2,173,74,11,6,1,1,1
185,40,393,145,8,5,1,1,1
185,42,402,374,8,5,1,1,1
186,2,173,74,11,6,1,1,1
186,40,393,145,8,5,1,1,1
186,42,402,374,8,5,1,1,1
187,2,175,74,11,6,1,1,1
187,40,394,148,9,5,1,1,1
187,42,399,377,9,6,1,1,1
188,2,175,74,11,6,1,1,1
188,40,394,148,9,5,1,1,1
188,42,399,377,9,6,1,1,1
189,2,178,74,10,6,1,1,1
189,40,396,151,9,5,1,1,1
189,42,396,381,9,6,1,1,1
189,75,155,374,12,6,1,1,1
190,2,178,74,10,6,1,1,1
190,40,396,151,9,5,1,1,1
190,42,396,381,9,6,1,1,1
190,75,155,374,12,6,1,1,1
191,2,181,74,9,6,1,1,1
191,40,398,154,9,5,1,1,1
191,42,392,384,11,7,1,1,1
191,75,155,373,12,6,1,1,1
192,2,181,74,9,6,1,1,1
192,40,398,154,9,5,1,1,1
192,42,392,384,11,7,1,1,1
192,75,155,373,12,6,1,1,1
193,2,182,74,10,6,1,1,1
193,40,400,157,8,5,1,1,1
193,42,389,388,10,6,1,1,1
194,2,182,74,10,6,1,1,1
194,40,400,157,8,5,1,1,1
194,42,389,388,10,6,1,1,1
195,2,184,74,10,6,1,1,1
195,40,401,160,10,6,1,1,1
195,42,387,392,10,6,1,1,1
196,2,184,74,10,6,1,1,1
196,40,401,160,10,6,1,1,1
196,42,387,392,10,6,1,1,1
197,2,186,74,11,6,1,1,1
197,40,403,163,10,6,1,1,1
197,42,384,395,9,6,1,1,1
198,2,186,74,11,6,1,1,1
198,40,403,163,10,6,1,1,1
198,42,384,395,9,6,1,1,1
199,2,188,74,11,6,1,1,1
199,40,405,167,9,5,1,1,1
199,42,381,398,9,6,1,1,1
200,2,188,74,11,6,1,1,1
200,40,405,167,9,5,1,1,1
200,42,381,398,9,6,1,1,1
201,2,190,74,11,6,1,1,1
201,40,406,170,10,6,1,1,1
201,42,379,402,8,5,1,1,1
202,2,190,74,11,6,1,1,1
202,40,406,170,10,6,1,1,1
202,42,379,402,8,5,1,1,1
203,2,192,74,11,6,1,1,1
203,40,408,174,9,5,1,1,1
203,42,376,405,9,6,1,1,1
204,2,192,74,11,6,1,1,1
204,40,408,174,9,5,1,1,1
204,42,376,405,9,6,1,1,1
205,2,195,75,9,5,1,1,1
205,40,410,177,8,5,1,1,1
205,42,373,408,9,6,1,1,1
206,2,195,75,9,5,1,1,1
206,40,410,177,8,5,1,1,1
206,42,373,408,9,6,1,1,1
207,2,197,75,10,6,1,1,1
207,40,411,181,9,5,1,1,1
207,42,370,411,10,6,1,1,1
208,2,197,75,10,6,1,1,1
208,40,411,181,9,5,1,1,1
208,42,370,411,10,6,1,1,1
209,2,200,76,9,5,1,1,1
209,40,412,184,9,5,1,1,1
209,42,367,414,10,6,1,1,1
210,2,200,76,9,5,1,1,1
210,40,412,184,9,5,1,1,1
210,42,367,414,10,6,1,1,1
211,2,201,76,10,6,1,1,1
211,40,413,188,9,5,1,1,1
211,42,365,417,9,6,1,1,1
212,2,201,76,10,6,1,1,1
212,40,413,188,9,5,1,1,1
212,42,365,417,9,6,1,1,1
213,2,204,77,9,5,1,1,1
213,40,414,191,10,6,1,1,1
213,42,362,420,9,6,1,1,1
214,2,204,77,9,5,1,1,1
214,40,414,191,10,6,1,1,1
214,42,362,420,9,6,1,1,1
215,2,205,77,10,6,1,1,1
215,40,415,195,9,5,1,1,1
215,42,359,422,9,6,1,1,1
216,2,205,77,10,6,1,1,1
216,40,415,195,9,5,1,1,1
216,42,359,422,9,6,1,1,1
217,2,207,78,10,6,1,1,1
217,40,416,198,9,6,1,1,1
217,42,356,425,9,6,1,1,1
218,2,207,78,10,6,1,1,1
218,40,416,198,9,6,1,1,1
218,42,356,425,9,6,1,1,1
219,2,210,79,9,5,1,1,1
219,40,417,202,8,5,1,1,1
219,42,353,428,9,6,1,1,1
220,2,210,79,9,5,1,1,1
220,40,417,202,8,5,1,1,1
220,42,353,428,9,6,1,1,1
221,2,211,79,11,6,1,1,1
221,40,418,206,8,5,1,1,1
221,42,350,430,9,6,1,1,1
222,2,211,79,11,6,1,1,1
222,40,418,206,8,5,1,1,1
222,42,350,430,9,6,1,1,1
223,2,213,80,11,6,1,1,1
223,40,418,210,10,5,1,1,1
223,42,347,433,8,5,1,1,1
223,91,139,318,9,6,1,1,1
224,2,213,80,11,6,1,1,1
224,40,418,210,10,5,1,1,1
224,42,347,433,8,5,1,1,1
224,91,139,318,9,6,1,1,1
225,2,216,81,10,6,1,1,1
225,40,419,213,10,6,1,1,1
225,42,344,436,9,5,1,1,1
225,91,139,317,9,6,1,1,1
226,2,216,81,10,6,1,1,1
226,40,419,213,10,6,1,1,1
226,42,344,436,9,5,1,1,1
226,91,139,317,9,6,1,1,1
227,2,218,82,10,6,1,1,1
227,40,420,217,9,6,1,1,1
227,92,138,311,9,6,1,1,1
228,2,218,82,10,6,1,1,1
228,40,420,217,9,6,1,1,1
228,92,138,311,9,6,1,1,1
229,2,220,82,11,6,1,1,1
229,40,421,221,8,5,1,1,1
229,92,138,310,9,6,1,1,1
230,2,220,82,11,6,1,1,1
230,40,421,221,8,5,1,1,1
230,92,138,310,9,6,1,1,1
231,2,222,83,11,6,1,1,1
231,40,421,225,9,5,1,1,1
232,2,222,83,11,6,1,1,1
232,40,421,225,9,5,1,1,1
233,2,224,84,11,6,1,1,1
233,40,422,229,9,5,1,1,1
234,2,224,84,11,6,1,1,1
234,40,422,229,9,5,1,1,1
235,2,227,85,10,6,1,1,1
235,40,422,233,10,5,1,1,1
236,2,227,85,10,6,1,1,1
236,40,422,233,10,5,1,1,1
237,2,229,86,10,6,1,1,1
237,40,422,236,10,6,1,1,1
238,2,229,86,10,6,1,1,1
238,40,422,236,10,6,1,1,1
239,2,231,87,10,6,1,1,1
239,40,423,240,10,6,1,1,1
240,2,231,87,10,6,1,1,1
240,40,423,240,10,6,1,1,1
241,2,232,88,12,7,1,1,1
241,40,423,244,10,6,1,1,1
241,105,317,451,8,5,1,1,1
242,2,232,88,12,7,1,1,1
242,40,423,244,10,6,1,1,1
242,105,317,451,8,5,1,1,1
243,2,235,90,11,6,1,1,1
243,40,423,248,10,6,1,1,1
243,105,317,452,7,5,1,1,1
244,2,235,90,11,6,1,1,1
244,40,423,248,10,6,1,1,1
244,105,317,452,7,5,1,1,1
245,2,237,91,11,6,1,1,1
245,40,424,252,10,6,1,1,1
246,2,237,91,11,6,1,1,1
246,40,424,252,10,6,1,1,1
247,2,240,93,9,5,1,1,1
247,40,424,256,10,6,1,1,1
248,2,240,93,9,5,1,1,1
248,40,424,256,10,6,1,1,1
249,2,242,94,10,6,1,1,1
249,40,425,260,10,6,1,1,1
250,2,242,94,10,6,1,1,1
250,40,425,260,10,6,1,1,1
251,2,243,95,11,6,1,1,1
251,40,425,264,10,6,1,1,1
251,113,139,269,9,6,1,1,1
251,114,300,458,8,5,1,1,1
252,2,243,95,11,6,1,1,1
252,40,425,264,10,6,1,1,1
252,113,139,269,9,6,1,1,1
252,114,300,458,8,5,1,1,1
253,2,245,97,11,6,1,1,1
253,40,426,268,9,6,1,1,1
253,113,139,268,9,6,1,1,1
253,114,297,459,8,5,1,1,1
254,2,245,97,11,6,1,1,1
254,40,426,268,9,6,1,1,1
254,113,139,268,9,6,1,1,1
254,114,297,459,8,5,1,1,1
255,2,248,99,9,5,1,1,1
255,40,426,272,9,6,1,1,1
255,114,294,460,8,5,1,1,1
256,2,248,99,9,5,1,1,1
256,40,426,272,9,6,1,1,1
256,114,294,460,8,5,1,1,1
257,2,250,100,10,6,1,1,1
257,40,426,276,10,6,1,1,1
257,114,291,461,8,5,1,1,1
258,2,250,100,10,6,1,1,1
258,40,426,276,10,6,1,1,1
258,114,291,461,8,5,1,1,1
259,2,252,102,10,6,1,1,1
259,40,427,280,9,6,1,1,1
259,114,288,462,8,5,1,1,1
260,2,252,102,10,6,1,1,1
260,40,427,280,9,6,1,1,1
260,114,288,462,8,5,1,1,1
261,2,255,104,9,5,1,1,1
261,40,427,284,9,6,1,1,1
261,114,285,463,9,5,1,1,1
262,2,255,104,9,5,1,1,1
262,40,427,284,9,6,1,1,1
262,114,285,463,9,5,1,1,1
263,2,257,105,10,6,1,1,1
263,40,427,288,9,6,1,1,1
263,114,282,463,8,6,1,1,1
264,2,257,105,10,6,1,1,1
264,40,427,288,9,6,1,1,1
264,114,282,463,8,6,1,1,1
265,2,259,107,11,6,1,1,1
265,40,427,292,9,6,1,1,1
265,114,280,464,8,6,1,1,1
266,2,259,107,11,6,1,1,1
266,40,427,292,9,6,1,1,1
266,114,280,464,8,6,1,1,1
267,2,261,109,11,6,1,1,1
267,40,427,296,9,6,1,1,1
267,114,276,465,9,5,1,1,1
268,2,261,109,11,6,1,1,1
268,40,427,296,9,6,1,1,1
268,114,276,465,9,5,1,1,1
269,2,263,111,11,6,1,1,1
269,40,427,300,10,6,1,1,1
269,114,274,465,8,6,1,1,1
270,2,263,111,11,6,1,1,1
270,40,427,300,10,6,1,1,1
270,114,274,465,8,6,1,1,1
271,2,266,113,10,6,1,1,1
271,40,427,304,10,6,1,1,1
271,114,271,466,8,6,1,1,1
272,2,266,113,10,6,1,1,1
272,40,427,304,10,6,1,1,1
272,114,271,466,8,6,1,1,1
273,2,268,115,11,6,1,1,1
273,40,427,308,10,6,1,1,1
273,114,267,466,10,6,1,1,1
274,2,268,115,11,6,1,1,1
274,40,427,308,10,6,1,1,1
274,114,267,466,10,6,1,1,1
275,2,270,117,11,6,1,1,1
275,40,427,312,10,6,1,1,1
275,114,265,466,9,6,1,1,1
276,2,270,117,11,6,1,1,1
276,40,427,312,10,6,1,1,1
276,114,265,466,9,6,1,1,1
277,2,273,119,10,6,1,1,1
277,40,427,316,10,6,1,1,1
277,114,262,466,9,6,1,1,1
278,2,273,119,10,6,1,1,1
278,40,427,316,10,6,1,1,1
278,114,262,466,9,6,1,1,1
279,2,275,121,11,6,1,1,1
279,40,427,320,10,6,1,1,1
279,114,259,466,10,6,1,1,1
280,2,275,121,11,6,1,1,1
280,40,427,320,10,6,1,1,1
280,114,259,466,10,6,1,1,1
281,2,277,123,11,6,1,1,1
281,40,427,324,10,6,1,1,1
281,114,257,466,9,6,1,1,1
282,2,277,123,11,6,1,1,1
282,40,427,324,10,6,1,1,1
282,114,257,466,9,6,1,1,1
283,2,280,125,10,6,1,1,1
283,40,427,328,10,6,1,1,1
283,114,254,466,9,6,1,1,1
284,2,280,125,10,6,1,1,1
284,40,427,328,10,6,1,1,1
284,114,254,466,9,6,1,1,1
285,2,282,127,10,6,1,1,1
285,40,427,332,10,6,1,1,1
285,114,252,466,8,5,1,1,1
286,2,282,127,10,6,1,1,1
286,40,427,332,10,6,1,1,1
286,114,252,466,8,5,1,1,1
287,2,285,129,10,6,1,1,1
287,40,427,336,10,6,1,1,1
287,114,250,465,8,6,1,1,1
288,2,285,129,10,6,1,1,1
288,40,427,336,10,6,1,1,1
288,114,250,465,8,6,1,1,1
289,2,287,131,11,6,1,1,1
289,40,427,340,9,6,1,1,1
289,114,247,465,8,5,1,1,1
290,2,287,131,11,6,1,1,1
290,40,427,340,9,6,1,1,1
290,114,247,465,8,5,1,1,1
291,2,289,133,11,6,1,1,1
291,40,428,344,8,6,1,1,1
291,114,245,464,9,6,1,1,1
292,2,289,133,11,6,1,1,1
292,40,428,344,8,6,1,1,1
292,114,245,464,9,6,1,1,1
293,2,292,136,10,6,1,1,1
293,40,427,348,10,6,1,1,1
293,114,243,464,8,5,1,1,1
294,2,292,136,10,6,1,1,1
294,40,427,348,10,6,1,1,1
294,114,243,464,8,5,1,1,1
295,2,295,138,10,6,1,1,1
295,40,427,352,9,5,1,1,1
295,114,240,463,9,6,1,1,1
296,2,295,138,10,6,1,1,1
296,40,427,352,9,5,1,1,1
296,114,240,463,9,6,1,1,1
297,2,297,140,11,6,1,1,1
297,40,427,355,10,6,1,1,1
297,114,238,462,9,6,1,1,1
298,2,297,140,11,6,1,1,1
298,40,427,355,10,6,1,1,1
298,114,238,462,9,6,1,1,1
299,2,300,143,10,6,1,1,1
299,40,427,359,9,6,1,1,1
299,114,236,461,9,6,1,1,1
300,2,300,143,10,6,1,1,1
300,40,427,359,9,6,1,1,1
300,114,236,461,9,6,1,1,1
301,2,303,145,10,6,1,1,1
301,40,427,363,9,6,1,1,1
301,114,234,460,9,6,1,1,1
302,2,303,145,10,6,1,1,1
302,40,427,363,9,6,1,1,1
302,114,234,460,9,6,1,1,1
303,2,306,148,10,6,1,1,1
303,40,426,367,10,6,1,1,1
303,114,232,459,9,6,1,1,1
304,2,306,148,10,6,1,1,1
304,40,426,367,10,6,1,1,1
304,114,232,459,9,6,1,1,1
305,2,308,150,11,6,1,1,1
305,40,426,370,9,6,1,1,1
305,114,230,458,9,6,1,1,1
306,2,308,150,11,6,1,1,1
306,40,426,370,9,6,1,1,1
306,114,230,458,9,6,1,1,1
307,2,311,152,10,6,1,1,1
307,40,426,374,9,6,1,1,1
307,114,229,457,8,5,1,1,1
308,2,311,152,10,6,1,1,1
308,40,426,374,9,6,1,1,1
308,114,229,457,8,5,1,1,1
309,2,314,155,10,6,1,1,1
309,40,426,378,8,5,1,1,1
309,114,227,456,8,5,1,1,1
310,2,314,155,10,6,1,1,1
310,40,426,378,8,5,1,1,1
310,114,227,456,8,5,1,1,1
311,2,316,158,11,6,1,1,1
311,40,425,381,9,6,1,1,1
311,114,225,454,8,6,1,1,1
312,2,316,158,11,6,1,1,1
312,40,425,381,9,6,1,1,1
312,114,225,454,8,6,1,1,1
313,2,319,160,10,6,1,1,1
313,40,424,384,10,6,1,1,1
313,114,223,452,9,6,1,1,1
314,2,319,160,10,6,1,1,1
314,40,424,384,10,6,1,1,1
314,114,223,452,9,6,1,1,1
315,2,321,163,11,6,1,1,1
315,40,424,387,9,7,1,1,1
315,114,222,451,7,5,1,1,1
316,2,321,163,11,6,1,1,1
316,40,424,387,9,7,1,1,1
316,114,222,451,7,5,1,1,1
317,2,324,166,9,6,1,1,1
317,40,424,391,9,6,1,1,1
317,114,220,449,8,6,1,1,1
318,2,324,166,9,6,1,1,1
318,40,424,391,9,6,1,1,1
318,114,220,449,8,6,1,1,1
319,2,326,169,10,5,1,1,1
319,114,219,448,7,5,1,1,1
320,2,326,169,10,5,1,1,1
320,114,219,448,7,5,1,1,1
321,2,328,171,11,6,1,1,1
321,114,217,445,8,6,1,1,1
322,2,328,171,11,6,1,1,1
322,114,217,445,8,6,1,1,1
323,2,330,174,11,6,1,1,1
323,114,216,444,8,5,1,1,1
324,2,330,174,11,6,1,1,1
324,114,216,444,8,5,1,1,1
325,2,332,176,11,7,1,1,1
325,114,215,441,8,6,1,1,1
326,2,332,176,11,7,1,1,1
326,114,215,441,8,6,1,1,1
327,2,335,179,11,6,1,1,1
327,114,213,439,9,6,1,1,1
328,2,335,179,11,6,1,1,1
328,114,213,439,9,6,1,1,1
329,2,337,182,11,6,1,1,1
329,114,211,436,10,7,1,1,1
330,2,337,182,11,6,1,1,1
330,114,211,436,10,7,1,1,1
331,2,340,185,10,6,1,1,1
331,114,211,434,9,7,1,1,1
332,2,340,185,10,6,1,1,1
332,114,211,434,9,7,1,1,1
333,2,342,187,10,6,1,1,1
333,114,210,432,9,6,1,1,1
334,2,342,187,10,6,1,1,1
334,114,210,432,9,6,1,1,1
335,2,345,190,9,6,1,1,1
335,114,210,430,8,5,1,1,1
336,2,345,190,9,6,1,1,1
336,114,210,430,8,5,1,1,1
337,2,347,193,9,5,1,1,1
337,114,209,427,8,6,1,1,1
338,2,347,193,9,5,1,1,1
338,114,209,427,8,6,1,1,1
339,2,348,196,11,6,1,1,1
339,114,207,425,9,6,1,1,1
340,2,348,196,11,6,1,1,1
340,114,207,425,9,6,1,1,1
341,2,350,198,11,7,1,1,1
342,2,350,198,11,7,1,1,1
343,2,353,201,10,6,1,1,1
343,160,208,419,8,5,1,1,1
344,2,353,201,10,6,1,1,1
344,160,208,419,8,5,1,1,1
345,2,355,204,11,6,1,1,1
345,160,207,416,9,6,1,1,1
346,2,355,204,11,6,1,1,1
346,160,207,416,9,6,1,1,1
347,2,357,207,11,6,1,1,1
347,160,206,413,9,6,1,1,1
348,2,357,207,11,6,1,1,1
348,160,206,413,9,6,1,1,1
349,2,360,210,10,6,1,1,1
349,160,206,410,9,6,1,1,1
349,164,189,415,8,6,1,1,1
350,2,360,210,10,6,1,1,1
350,160,206,410,9,6,1,1,1
350,164,189,415,8,6,1,1,1
351,2,362,213,10,5,1,1,1
351,160,206,407,9,6,1,1,1
351,164,189,415,8,6,1,1,1
352,2,362,213,10,5,1,1,1
352,160,206,407,9,6,1,1,1
352,164,189,415,8,6,1,1,1
353,2,364,215,11,6,1,1,1
353,160,207,404,8,5,1,1,1
353,164,189,415,8,6,1,1,1
354,2,364,215,11,6,1,1,1
354,160,207,404,8,5,1,1,1
354,164,189,415,8,6,1,1,1
355,2,366,218,11,6,1,1,1
355,160,207,400,9,6,1,1,1
356,2,366,218,11,6,1,1,1
356,160,207,400,9,6,1,1,1
357,2,369,221,9,6,1,1,1
357,160,207,397,9,6,1,1,1
358,2,369,221,9,6,1,1,1
358,160,207,397,9,6,1,1,1
359,2,371,224,10,5,1,1,1
359,160,208,394,9,6,1,1,1
360,2,371,224,10,5,1,1,1
360,160,208,394,9,6,1,1,1
361,2,372,226,11,6,1,1,1
361,160,208,390,9,6,1,1,1
362,2,372,226,11,6,1,1,1
362,160,208,390,9,6,1,1,1
363,2,375,229,10,6,1,1,1
363,160,209,387,9,6,1,1,1
364,2,375,229,10,6,1,1,1
364,160,209,387,9,6,1,1,1
365,2,377,232,11,6,1,1,1
365,160,209,383,10,6,1,1,1
366,2,377,232,11,6,1,1,1
366,160,209,383,10,6,1,1,1
367,2,379,235,11,6,1,1,1
367,160,210,380,9,6,1,1,1
368,2,379,235,11,6,1,1,1
368,160,210,380,9,6,1,1,1
369,2,381,237,11,6,1,1,1
369,160,211,376,9,6,1,1,1
370,2,381,237,11,6,1,1,1
370,160,211,376,9,6,1,1,1
371,2,383,240,11,6,1,1,1
371,160,212,373,9,6,1,1,1
372,2,383,240,11,6,1,1,1
372,160,212,373,9,6,1,1,1
373,2,385,243,11,6,1,1,1
373,160,213,369,9,6,1,1,1
374,2,385,243,11,6,1,1,1
374,160,213,369,9,6,1,1,1
375,2,387,245,11,6,1,1,1
375,160,214,365,9,6,1,1,1
376,2,387,245,11,6,1,1,1
376,160,214,365,9,6,1,1,1
377,2,389,248,11,6,1,1,1
377,160,215,361,9,7,1,1,1
378,2,389,248,11,6,1,1,1
378,160,215,361,9,7,1,1,1
379,2,391,250,10,6,1,1,1
379,160,216,358,9,6,1,1,1
380,2,391,250,10,6,1,1,1
380,160,216,358,9,6,1,1,1
381,2,393,253,10,6,1,1,1
381,160,217,354,10,6,1,1,1
382,2,393,253,10,6,1,1,1
382,160,217,354,10,6,1,1,1
383,2,395,255,10,6,1,1,1
383,160,219,350,9,6,1,1,1
384,2,395,255,10,6,1,1,1
384,160,219,350,9,6,1,1,1
385,2,397,258,10,6,1,1,1
385,160,221,347,9,5,1,1,1
386,2,397,258,10,6,1,1,1
386,160,221,347,9,5,1,1,1
387,2,399,260,10,6,1,1,1
387,160,223,343,9,5,1,1,1
388,2,399,260,10,6,1,1,1
388,160,223,343,9,5,1,1,1
389,2,401,263,10,6,1,1,1
389,160,224,339,9,6,1,1,1
390,2,401,263,10,6,1,1,1
390,160,224,339,9,6,1,1,1
391,2,402,265,10,6,1,1,1
391,160,226,335,9,6,1,1,1
392,2,402,265,10,6,1,1,1
392,160,226,335,9,6,1,1,1
393,2,403,268,12,6,1,1,1
393,160,227,331,10,6,1,1,1
394,2,403,268,12,6,1,1,1
394,160,227,331,10,6,1,1,1
395,2,405,270,11,7,1,1,1
395,160,229,327,10,6,1,1,1
396,2,405,270,11,7,1,1,1
396,160,229,327,10,6,1,1,1
397,2,408,273,10,6,1,1,1
397,160,232,323,9,6,1,1,1
398,2,408,273,10,6,1,1,1
398,160,232,323,9,6,1,1,1
399,2,409,275,11,6,1,1,1
399,160,234,319,9,6,1,1,1
400,2,409,275,11,6,1,1,1
400,160,234,319,9,6,1,1,1
401,2,411,277,11,7,1,1,1
401,160,236,315,9,6,1,1,1
402,2,411,277,11,7,1,1,1
402,160,236,315,9,6,1,1,1
403,2,413,280,11,6,1,1,1
403,160,238,311,10,6,1,1,1
404,2,413,280,11,6,1,1,1
404,160,238,311,10,6,1,1,1
405,2,415,282,9,6,1,1,1
405,160,241,307,9,6,1,1,1
406,2,415,282,9,6,1,1,1
406,160,241,307,9,6,1,1,1
407,2,417,285,9,5,1,1,1
407,160,243,303,10,6,1,1,1
408,2,417,285,9,5,1,1,1
408,160,243,303,10,6,1,1,1
409,2,418,287,10,5,1,1,1
409,160,246,299,9,6,1,1,1
409,195,393,464,9,6,1,1,1
410,2,418,287,10,5,1,1,1
410,160,246,299,9,6,1,1,1
410,195,393,464,9,6,1,1,1
411,2,420,289,10,6,1,1,1
411,160,248,295,10,6,1,1,1
411,195,393,463,8,7,1,1,1
412,2,420,289,10,6,1,1,1
412,160,248,295,10,6,1,1,1
412,195,393,463,8,7,1,1,1
413,2,421,291,11,6,1,1,1
413,160,251,291,10,6,1,1,1
413,195,393,463,7,6,1,1,1
414,2,421,291,11,6,1,1,1
414,160,251,291,10,6,1,1,1
414,195,393,463,7,6,1,1,1
415,2,423,293,10,6,1,1,1
415,160,254,287,10,6,1,1,1
415,195,392,463,9,6,1,1,1
416,2,423,293,10,6,1,1,1
416,160,254,287,10,6,1,1,1
416,195,392,463,9,6,1,1,1
417,2,424,295,11,6,1,1,1
417,160,257,283,9,6,1,1,1
417,195,392,462,8,6,1,1,1
418,2,424,295,11,6,1,1,1
418,160,257,283,9,6,1,1,1
418,195,392,462,8,6,1,1,1
419,2,426,297,10,6,1,1,1
419,160,260,279,9,5,1,1,1
419,195,391,461,9,6,1,1,1
420,2,426,297,10,6,1,1,1
420,160,260,279,9,5,1,1,1
420,195,391,461,9,6,1,1,1
421,2,427,299,11,6,1,1,1
421,160,264,275,8,5,1,1,1
421,195,391,460,9,6,1,1,1
422,2,427,299,11,6,1,1,1
422,160,264,275,8,5,1,1,1
422,195,391,460,9,6,1,1,1
423,2,429,301,10,6,1,1,1
423,160,267,271,8,5,1,1,1
423,195,391,459,8,6,1,1,1
424,2,429,301,10,6,1,1,1
424,160,267,271,8,5,1,1,1
424,195,391,459,8,6,1,1,1
425,2,430,303,11,6,1,1,1
425,160,269,266,10,5,1,1,1
425,195,391,458,8,6,1,1,1
426,2,430,303,11,6,1,1,1
426,160,269,266,10,5,1,1,1
426,195,391,458,8,6,1,1,1
427,2,431,304,11,7,1,1,1
427,160,272,262,10,5,1,1,1
427,195,390,457,9,6,1,1,1
428,2,431,304,11,7,1,1,1
428,160,272,262,10,5,1,1,1
428,195,390,457,9,6,1,1,1
429,2,433,306,10,6,1,1,1
429,160,276,258,9,5,1,1,1
429,195,391,456,7,5,1,1,1
430,2,433,306,10,6,1,1,1
430,160,276,258,9,5,1,1,1
430,195,391,456,7,5,1,1,1
431,2,434,308,10,6,1,1,1
431,160,279,253,10,6,1,1,1
431,195,391,455,7,5,1,1,1
432,2,434,308,10,6,1,1,1
432,160,279,253,10,6,1,1,1
432,195,391,455,7,5,1,1,1
433,2,436,310,9,5,1,1,1
433,160,283,249,9,6,1,1,1
433,195,391,453,7,5,1,1,1
434,2,436,310,9,5,1,1,1
434,160,283,249,9,6,1,1,1
434,195,391,453,7,5,1,1,1
435,2,437,311,10,6,1,1,1
435,160,287,245,8,6,1,1,1
435,195,390,451,9,6,1,1,1
436,2,437,311,10,6,1,1,1
436,160,287,245,8,6,1,1,1
436,195,390,451,9,6,1,1,1
437,2,438,313,10,6,1,1,1
437,160,290,241,9,5,1,1,1
437,195,391,450,7,5,1,1,1
438,2,438,313,10,6,1,1,1
438,160,290,241,9,5,1,1,1
438,195,391,450,7,5,1,1,1
439,2,439,314,11,6,1,1,1
439,160,294,237,9,5,1,1,1
439,195,390,448,9,6,1,1,1
440,2,439,314,11,6,1,1,1
440,160,294,237,9,5,1,1,1
440,195,390,448,9,6,1,1,1
441,2,441,316,11,6,1,1,1
441,160,297,232,10,6,1,1,1
441,195,391,447,7,5,1,1,1
442,2,441,316,11,6,1,1,1
442,160,297,232,10,6,1,1,1
442,195,391,447,7,5,1,1,1
443,2,443,317,10,6,1,1,1
443,160,301,228,10,6,1,1,1
443,195,391,445,7,5,1,1,1
444,2,443,317,10,6,1,1,1
444,160,301,228,10,6,1,1,1
444,195,391,445,7,5,1,1,1
445,2,445,319,9,5,1,1,1
445,160,305,224,9,6,1,1,1
445,195,390,443,8,5,1,1,1
446,2,445,319,9,5,1,1,1
446,160,305,224,9,6,1,1,1
446,195,390,443,8,5,1,1,1
447,2,446,320,10,6,1,1,1
447,160,310,220,8,6,1,1,1
447,195,390,441,8,5,1,1,1
448,2,446,320,10,6,1,1,1
448,160,310,220,8,6,1,1,1
448,195,390,441,8,5,1,1,1
449,2,447,321,10,6,1,1,1
449,160,313,216,9,5,1,1,1
449,215,577,149,12,6,1,1,1
450,2,447,321,10,6,1,1,1
450,160,313,216,9,5,1,1,1
450,215,577,149,12,6,1,1,1
451,215,577,150,12,6,1,1,1
452,215,577,150,12,6,1,1,1
453,164,161,415,8,6,1,1,1
454,164,161,415,8,6,1,1,1
455,164,161,416,7,6,1,1,1
456,164,161,416,7,6,1,1,1
501,319,197,329,11,7,1,1,1
502,319,197,329,11,7,1,1,1
503,319,197,328,12,7,1,1,1
504,319,197,328,12,7,1,1,1
505,319,199,327,11,7,1,1,1
506,319,199,327,11,7,1,1,1
507,319,200,327,10,6,1,1,1
508,319,200,327,10,6,1,1,1
509,319,201,326,10,6,1,1,1
510,319,201,326,10,6,1,1,1
511,319,202,325,11,6,1,1,1
512,319,202,325,11,6,1,1,1
513,319,203,324,12,7,1,1,1
514,319,203,324,12,7,1,1,1
515,319,205,323,11,7,1,1,1
516,319,205,323,11,7,1,1,1
517,319,206,322,10,6,1,1,1
518,319,206,322,10,6,1,1,1
519,319,208,321,9,6,1,1,1
520,319,208,321,9,6,1,1,1
521,319,209,320,10,6,1,1,1
522,319,209,320,10,6,1,1,1
523,319,209,318,11,7,1,1,1
524,319,209,318,11,7,1,1,1
525,319,211,317,10,6,1,1,1
526,319,211,317,10,6,1,1,1
527,319,212,316,10,6,1,1,1
528,319,212,316,10,6,1,1,1
529,319,213,314,11,7,1,1,1
530,319,213,314,11,7,1,1,1
531,319,214,313,10,6,1,1,1
532,319,214,313,10,6,1,1,1
533,319,215,311,10,6,1,1,1
534,319,215,311,10,6,1,1,1
535,319,216,310,10,6,1,1,1
536,319,216,310,10,6,1,1,1
537,319,217,308,10,6,1,1,1
538,319,217,308,10,6,1,1,1
539,319,217,306,12,6,1,1,1
540,319,217,306,12,6,1,1,1
541,319,218,304,12,7,1,1,1
541,380,290,86,10,6,1,1,1
542,319,218,304,12,7,1,1,1
542,380,290,86,10,6,1,1,1
543,380,290,85,10,6,1,1,1
544,380,290,85,10,6,1,1,1
553,404,261,80,10,5,1,1,1
554,404,261,80,10,5,1,1,1
555,404,260,79,10,5,1,1,1
556,404,260,79,10,5,1,1,1
557,410,251,78,12,6,1,1,1
558,410,251,78,12,6,1,1,1
559,410,248,77,10,6,1,1,1
560,410,248,77,10,6,1,1,1
561,410,247,77,11,6,1,1,1
562,410,247,77,11,6,1,1,1
563,195,397,345,10,6,1,1,1
563,410,245,76,12,6,1,1,1
563,420,117,282,11,7,1,1,1
564,195,397,345,10,6,1,1,1
564,410,245,76,12,6,1,1,1
564,420,117,282,11,7,1,1,1
565,195,398,343,9,6,1,1,1
565,420,119,280,10,6,1,1,1
566,195,398,343,9,6,1,1,1
566,420,119,280,10,6,1,1,1
567,420,121,278,9,5,1,1,1
568,420,121,278,9,5,1,1,1
569,420,123,276,8,5,1,1,1
570,420,123,276,8,5,1,1,1
571,420,123,273,9,6,1,1,1
572,420,123,273,9,6,1,1,1
573,380,288,77,9,5,1,1,1
573,420,125,271,9,5,1,1,1
574,380,288,77,9,5,1,1,1
574,420,125,271,9,5,1,1,1
575,380,287,76,9,5,1,1,1
575,420,126,268,9,6,1,1,1
576,380,287,76,9,5,1,1,1
576,420,126,268,9,6,1,1,1
577,420,127,266,9,5,1,1,1
578,420,127,266,9,5,1,1,1
579,420,128,263,10,5,1,1,1
580,420,128,263,10,5,1,1,1
581,420,129,260,11,6,1,1,1
581,444,407,373,9,6,1,1,1
582,420,129,260,11,6,1,1,1
582,444,407,373,9,6,1,1,1
583,420,131,257,9,6,1,1,1
583,444,407,374,9,6,1,1,1
584,420,131,257,9,6,1,1,1
584,444,407,374,9,6,1,1,1
585,420,132,255,10,5,1,1,1
586,420,132,255,10,5,1,1,1
587,420,133,252,11,6,1,1,1
588,420,133,252,11,6,1,1,1
589,420,135,249,10,6,1,1,1
590,420,135,249,10,6,1,1,1
591,420,136,246,11,6,1,1,1
592,420,136,246,11,6,1,1,1
593,420,137,243,11,6,1,1,1
593,463,407,391,10,6,1,1,1
594,420,137,243,11,6,1,1,1
594,463,407,391,10,6,1,1,1
595,420,138,241,11,6,1,1,1
595,463,407,394,10,6,1,1,1
596,420,138,241,11,6,1,1,1
596,463,407,394,10,6,1,1,1
597,420,140,238,10,6,1,1,1
597,463,408,397,8,5,1,1,1
598,420,140,238,10,6,1,1,1
598,463,408,397,8,5,1,1,1
599,420,141,235,11,6,1,1,1
599,463,407,399,10,6,1,1,1
600,420,141,235,11,6,1,1,1
600,463,407,399,10,6,1,1,1
601,420,144,232,9,6,1,1,1
601,463,407,402,9,5,1,1,1
602,420,144,232,9,6,1,1,1
602,463,407,402,9,5,1,1,1
603,420,145,230,9,5,1,1,1
603,463,407,404,9,6,1,1,1
604,420,145,230,9,5,1,1,1
604,463,407,404,9,6,1,1,1
605,420,146,227,10,5,1,1,1
605,463,406,407,9,5,1,1,1
606,420,146,227,10,5,1,1,1
606,463,406,407,9,5,1,1,1
607,420,148,224,10,6,1,1,1
607,463,406,409,9,6,1,1,1
608,420,148,224,10,6,1,1,1
608,463,406,409,9,6,1,1,1
609,420,149,221,11,6,1,1,1
609,463,405,412,9,6,1,1,1
610,420,149,221,11,6,1,1,1
610,463,405,412,9,6,1,1,1
611,420,151,218,10,6,1,1,1
611,463,404,414,9,6,1,1,1
612,420,151,218,10,6,1,1,1
612,463,404,414,9,6,1,1,1
613,420,152,215,11,6,1,1,1
613,463,403,417,9,5,1,1,1
614,420,152,215,11,6,1,1,1
614,463,403,417,9,5,1,1,1
615,420,154,212,10,6,1,1,1
615,463,402,419,10,6,1,1,1
616,420,154,212,10,6,1,1,1
616,463,402,419,10,6,1,1,1
617,420,156,209,10,6,1,1,1
617,463,402,421,9,6,1,1,1
618,420,156,209,10,6,1,1,1
618,463,402,421,9,6,1,1,1
619,420,158,206,10,6,1,1,1
619,463,400,423,9,6,1,1,1
620,420,158,206,10,6,1,1,1
620,463,400,423,9,6,1,1,1
621,420,159,203,11,6,1,1,1
621,463,399,425,9,6,1,1,1
622,420,159,203,11,6,1,1,1
622,463,399,425,9,6,1,1,1
623,420,161,200,11,6,1,1,1
623,463,398,427,9,6,1,1,1
624,420,161,200,11,6,1,1,1
624,463,398,427,9,6,1,1,1
625,420,163,197,11,6,1,1,1
625,463,396,429,9,6,1,1,1
626,420,163,197,11,6,1,1,1
626,463,396,429,9,6,1,1,1
627,420,165,194,11,6,1,1,1
627,463,394,430,10,6,1,1,1
628,420,165,194,11,6,1,1,1
628,463,394,430,10,6,1,1,1
629,420,167,191,11,6,1,1,1
629,463,393,432,9,6,1,1,1
630,420,167,191,11,6,1,1,1
630,463,393,432,9,6,1,1,1
631,420,169,188,11,6,1,1,1
631,463,392,434,8,5,1,1,1
632,420,169,188,11,6,1,1,1
632,463,392,434,8,5,1,1,1
633,420,171,185,11,6,1,1,1
633,463,389,435,9,6,1,1,1
634,420,171,185,11,6,1,1,1
634,463,389,435,9,6,1,1,1
635,420,173,182,10,5,1,1,1
635,463,387,436,9,6,1,1,1
636,420,173,182,10,5,1,1,1
636,463,387,436,9,6,1,1,1
637,420,175,179,9,5,1,1,1
637,463,386,438,8,5,1,1,1
638,420,175,179,9,5,1,1,1
638,463,386,438,8,5,1,1,1
639,420,176,175,10,6,1,1,1
639,463,384,439,8,5,1,1,1
640,420,176,175,10,6,1,1,1
640,463,384,439,8,5,1,1,1
641,420,178,172,9,5,1,1,1
641,463,382,440,9,6,1,1,1
642,420,178,172,9,5,1,1,1
642,463,382,440,9,6,1,1,1
643,420,180,169,9,5,1,1,1
643,463,380,441,9,6,1,1,1
644,420,180,169,9,5,1,1,1
644,463,380,441,9,6,1,1,1
645,420,181,166,10,6,1,1,1
645,463,378,442,9,5,1,1,1
646,420,181,166,10,6,1,1,1
646,463,378,442,9,5,1,1,1
647,420,182,164,11,5,1,1,1
647,463,375,442,9,6,1,1,1
648,420,182,164,11,5,1,1,1
648,463,375,442,9,6,1,1,1
649,420,184,161,10,5,1,1,1
649,463,373,443,9,6,1,1,1
650,420,184,161,10,5,1,1,1
650,463,373,443,9,6,1,1,1
651,420,185,158,11,6,1,1,1
651,463,372,444,8,5,1,1,1
652,420,185,158,11,6,1,1,1
652,463,372,444,8,5,1,1,1
653,420,187,155,10,6,1,1,1
653,463,369,444,9,6,1,1,1
654,420,187,155,10,6,1,1,1
654,463,369,444,9,6,1,1,1
655,420,189,152,9,6,1,1,1
655,463,367,445,8,5,1,1,1
656,420,189,152,9,6,1,1,1
656,463,367,445,8,5,1,1,1
657,420,191,149,9,6,1,1,1
657,463,364,445,8,6,1,1,1
658,420,191,149,9,6,1,1,1
658,463,364,445,8,6,1,1,1
659,420,192,147,10,5,1,1,1
659,463,361,446,8,5,1,1,1
660,420,192,147,10,5,1,1,1
660,463,361,446,8,5,1,1,1
661,420,193,144,11,5,1,1,1
661,463,358,446,9,6,1,1,1
662,420,193,144,11,5,1,1,1
662,463,358,446,9,6,1,1,1
663,420,195,141,11,6,1,1,1
663,463,355,447,9,5,1,1,1
663,533,301,86,11,6,1,1,1
664,420,195,141,11,6,1,1,1
664,463,355,447,9,5,1,1,1
664,533,301,86,11,6,1,1,1
665,420,197,138,10,6,1,1,1
665,463,352,447,8,5,1,1,1
665,533,302,85,11,7,1,1,1
666,420,197,138,10,6,1,1,1
666,463,352,447,8,5,1,1,1
666,533,302,85,11,7,1,1,1
667,420,198,135,11,6,1,1,1
667,463,349,447,9,6,1,1,1
668,420,198,135,11,6,1,1,1
668,463,349,447,9,6,1,1,1
669,420,200,132,11,6,1,1,1
669,463,345,447,10,6,1,1,1
670,420,200,132,11,6,1,1,1
670,463,345,447,10,6,1,1,1
671,420,201,129,11,6,1,1,1
671,463,343,447,8,5,1,1,1
672,420,201,129,11,6,1,1,1
672,463,343,447,8,5,1,1,1
673,420,204,126,9,6,1,1,1
673,463,340,447,8,5,1,1,1
674,420,204,126,9,6,1,1,1
674,463,340,447,8,5,1,1,1
675,420,205,123,11,6,1,1,1
675,463,337,447,8,5,1,1,1
675,543,327,80,11,6,1,1,1
676,420,205,123,11,6,1,1,1
676,463,337,447,8,5,1,1,1
676,543,327,80,11,6,1,1,1
677,420,207,121,11,5,1,1,1
677,463,334,447,8,5,1,1,1
677,543,332,79,9,6,1,1,1
678,420,207,121,11,5,1,1,1
678,463,334,447,8,5,1,1,1
678,543,332,79,9,6,1,1,1
679,420,208,118,11,6,1,1,1
679,463,331,447,8,5,1,1,1
679,543,336,79,9,5,1,1,1
680,420,208,118,11,6,1,1,1
680,463,331,447,8,5,1,1,1
680,543,336,79,9,5,1,1,1
681,420,210,115,11,6,1,1,1
681,463,328,446,8,5,1,1,1
681,543,339,78,11,5,1,1,1
682,420,210,115,11,6,1,1,1
682,463,328,446,8,5,1,1,1
682,543,339,78,11,5,1,1,1
683,420,212,113,11,6,1,1,1
683,463,325,445,8,5,1,1,1
683,543,344,77,9,6,1,1,1
684,420,212,113,11,6,1,1,1
684,463,325,445,8,5,1,1,1
684,543,344,77,9,6,1,1,1
685,420,213,110,11,7,1,1,1
685,463,321,444,9,6,1,1,1
685,543,347,77,10,5,1,1,1
686,420,213,110,11,7,1,1,1
686,463,321,444,9,6,1,1,1
686,543,347,77,10,5,1,1,1
687,404,215,108,10,5,1,1,1
687,420,215,108,11,6,1,1,1
687,463,318,444,9,5,1,1,1
687,543,351,76,10,6,1,1,1
688,404,215,108,10,5,1,1,1
688,420,215,108,11,6,1,1,1
688,463,318,444,9,5,1,1,1
688,543,351,76,10,6,1,1,1
689,404,215,109,10,5,1,1,1
689,420,217,105,10,6,1,1,1
689,463,316,443,8,5,1,1,1
689,543,354,76,10,6,1,1,1
690,404,215,109,10,5,1,1,1
690,420,217,105,10,6,1,1,1
690,463,316,443,8,5,1,1,1
690,543,354,76,10,6,1,1,1
691,420,219,103,9,6,1,1,1
691,463,313,442,8,5,1,1,1
691,543,358,76,9,5,1,1,1
692,420,219,103,9,6,1,1,1
692,463,313,442,8,5,1,1,1
692,543,358,76,9,5,1,1,1
693,420,220,101,10,5,1,1,1
693,463,310,442,8,5,1,1,1
693,543,361,76,9,5,1,1,1
694,420,220,101,10,5,1,1,1
694,463,310,442,8,5,1,1,1
694,543,361,76,9,5,1,1,1
695,420,222,98,11,6,1,1,1
695,543,365,76,9,5,1,1,1
696,420,222,98,11,6,1,1,1
696,543,365,76,9,5,1,1,1
697,420,223,95,11,6,1,1,1
697,543,368,76,9,5,1,1,1
698,420,223,95,11,6,1,1,1
698,543,368,76,9,5,1,1,1
699,420,225,93,11,6,1,1,1
699,543,370,76,10,6,1,1,1
700,420,225,93,11,6,1,1,1
700,543,370,76,10,6,1,1,1
701,420,227,90,11,6,1,1,1
701,543,373,76,10,6,1,1,1
702,420,227,90,11,6,1,1,1
702,543,373,76,10,6,1,1,1
703,420,229,88,11,6,1,1,1
703,543,377,77,9,5,1,1,1
704,420,229,88,11,6,1,1,1
704,543,377,77,9,5,1,1,1
705,420,231,86,11,6,1,1,1
705,543,380,77,10,6,1,1,1
706,420,231,86,11,6,1,1,1
706,543,380,77,10,6,1,1,1
707,420,233,83,11,6,1,1,1
707,543,383,78,10,5,1,1,1
708,420,233,83,11,6,1,1,1
708,543,383,78,10,5,1,1,1
709,420,236,81,9,6,1,1,1
709,543,387,78,9,5,1,1,1
709,562,283,430,10,6,1,1,1
710,420,236,81,9,6,1,1,1
710,543,387,78,9,5,1,1,1
710,562,283,430,10,6,1,1,1
711,420,237,79,11,5,1,1,1
711,543,390,79,9,5,1,1,1
711,562,280,428,10,6,1,1,1
712,420,237,79,11,5,1,1,1
712,543,390,79,9,5,1,1,1
712,562,280,428,10,6,1,1,1
713,420,240,76,10,6,1,1,1
713,543,393,79,10,6,1,1,1
713,562,277,426,10,6,1,1,1
714,420,240,76,10,6,1,1,1
714,543,393,79,10,6,1,1,1
714,562,277,426,10,6,1,1,1
715,420,242,74,10,6,1,1,1
715,543,397,80,10,6,1,1,1
715,562,274,424,9,6,1,1,1
716,420,242,74,10,6,1,1,1
716,543,397,80,10,6,1,1,1
716,562,274,424,9,6,1,1,1
717,420,244,72,11,6,1,1,1
717,543,401,81,9,5,1,1,1
717,562,271,422,9,6,1,1,1
718,420,244,72,11,6,1,1,1
718,543,401,81,9,5,1,1,1
718,562,271,422,9,6,1,1,1
719,420,246,70,11,6,1,1,1
719,543,404,82,9,5,1,1,1
719,562,268,420,8,5,1,1,1
720,420,246,70,11,6,1,1,1
720,543,404,82,9,5,1,1,1
720,562,268,420,8,5,1,1,1
721,420,248,68,11,6,1,1,1
721,543,408,83,9,5,1,1,1
721,562,264,418,8,5,1,1,1
722,420,248,68,11,6,1,1,1
722,543,408,83,9,5,1,1,1
722,562,264,418,8,5,1,1,1
723,420,251,66,10,6,1,1,1
723,543,411,84,9,5,1,1,1
723,562,261,415,8,5,1,1,1
724,420,251,66,10,6,1,1,1
724,543,411,84,9,5,1,1,1
724,562,261,415,8,5,1,1,1
725,420,253,64,10,6,1,1,1
725,543,415,85,9,5,1,1,1
725,562,257,412,10,6,1,1,1
726,420,253,64,10,6,1,1,1
726,543,415,85,9,5,1,1,1
726,562,257,412,10,6,1,1,1
727,420,255,62,11,6,1,1,1
727,543,418,86,9,5,1,1,1
727,562,254,410,9,5,1,1,1
728,420,255,62,11,6,1,1,1
728,543,418,86,9,5,1,1,1
728,562,254,410,9,5,1,1,1
729,420,257,60,11,6,1,1,1
729,543,421,87,9,5,1,1,1
729,562,252,407,8,5,1,1,1
730,420,257,60,11,6,1,1,1
730,543,421,87,9,5,1,1,1
730,562,252,407,8,5,1,1,1
731,420,259,58,11,6,1,1,1
731,543,425,88,9,5,1,1,1
731,562,248,404,10,6,1,1,1
732,420,259,58,11,6,1,1,1
732,543,425,88,9,5,1,1,1
732,562,248,404,10,6,1,1,1
733,420,262,57,9,5,1,1,1
733,543,427,89,10,6,1,1,1
733,562,245,401,10,6,1,1,1
734,420,262,57,9,5,1,1,1
734,543,427,89,10,6,1,1,1
734,562,245,401,10,6,1,1,1
735,420,264,55,9,5,1,1,1
735,543,431,91,9,5,1,1,1
735,562,242,398,10,6,1,1,1
735,576,232,407,10,6,1,1,1
736,420,264,55,9,5,1,1,1
736,543,431,91,9,5,1,1,1
736,562,242,398,10,6,1,1,1
736,576,232,407,10,6,1,1,1
737,420,266,53,9,6,1,1,1
737,543,434,92,9,5,1,1,1
737,562,240,395,9,6,1,1,1
737,576,231,406,11,6,1,1,1
738,420,266,53,9,6,1,1,1
738,543,434,92,9,5,1,1,1
738,562,240,395,9,6,1,1,1
738,576,231,406,11,6,1,1,1
739,420,268,51,9,6,1,1,1
739,543,436,93,10,6,1,1,1
739,562,237,392,10,6,1,1,1
739,576,231,405,11,7,1,1,1
740,420,268,51,9,6,1,1,1
740,543,436,93,10,6,1,1,1
740,562,237,392,10,6,1,1,1
740,576,231,405,11,7,1,1,1
741,420,270,49,10,6,1,1,1
741,543,438,94,11,6,1,1,1
741,562,235,389,9,6,1,1,1
742,420,270,49,10,6,1,1,1
742,543,438,94,11,6,1,1,1
742,562,235,389,9,6,1,1,1
743,420,272,47,10,6,1,1,1
743,543,441,96,10,5,1,1,1
743,562,232,386,9,6,1,1,1
744,420,272,47,10,6,1,1,1
744,543,441,96,10,5,1,1,1
744,562,232,386,9,6,1,1,1
745,420,274,45,10,6,1,1,1
745,543,444,97,10,6,1,1,1
745,562,230,383,9,6,1,1,1
746,420,274,45,10,6,1,1,1
746,543,444,97,10,6,1,1,1
746,562,230,383,9,6,1,1,1
747,420,276,44,10,6,1,1,1
747,543,447,99,10,6,1,1,1
747,562,227,379,10,6,1,1,1
748,420,276,44,10,6,1,1,1
748,543,447,99,10,6,1,1,1
748,562,227,379,10,6,1,1,1
749,420,278,42,11,6,1,1,1
749,543,450,101,9,5,1,1,1
749,562,225,376,9,6,1,1,1
750,420,278,42,11,6,1,1,1
750,543,450,101,9,5,1,1,1
750,562,225,376,9,6,1,1,1
