1,2,194,502,8,7,1,1,1
1,3,215,501,8,7,1,1,1
1,4,237,489,8,7,1,1,1
1,5,238,482,8,6,1,1,1
1,6,217,487,8,7,1,1,1
2,2,194,502,8,7,1,1,1
2,3,215,501,8,7,1,1,1
2,4,237,489,8,7,1,1,1
2,5,238,482,8,6,1,1,1
2,6,217,487,8,7,1,1,1
3,1,195,504,7,5,1,1,1
3,2,214,504,7,6,1,1,1
3,3,235,490,9,6,1,1,1
3,4,239,482,7,6,1,1,1
3,5,219,487,7,6,1,1,1
4,1,195,504,7,5,1,1,1
4,2,214,504,7,6,1,1,1
4,3,235,490,9,6,1,1,1
4,4,239,482,7,6,1,1,1
4,5,219,487,7,6,1,1,1
5,1,196,504,8,5,1,1,1
5,2,213,505,6,6,1,1,1
5,3,235,490,8,6,1,1,1
5,4,240,482,6,5,1,1,1
5,5,220,487,6,5,1,1,1
5,6,499,236,8,7,1,1,1
5,7,492,225,11,9,1,1,1
6,1,196,504,8,5,1,1,1
6,2,213,505,6,6,1,1,1
6,3,235,490,8,6,1,1,1
6,4,240,482,6,5,1,1,1
6,5,220,487,6,5,1,1,1
6,6,499,236,8,7,1,1,1
6,7,492,225,11,9,1,1,1
7,1,197,503,7,6,1,1,1
7,2,212,506,6,5,1,1,1
7,3,234,491,9,6,1,1,1
7,4,239,482,8,6,1,1,1
7,5,220,486,8,6,1,1,1
7,6,500,236,8,7,1,1,1
7,7,493,225,11,9,1,1,1
8,1,197,503,7,6,1,1,1
8,2,212,506,6,5,1,1,1
8,3,234,491,9,6,1,1,1
8,4,239,482,8,6,1,1,1
8,5,220,486,8,6,1,1,1
8,6,500,236,8,7,1,1,1
8,7,493,225,11,9,1,1,1
9,1,197,502,8,6,1,1,1
9,2,210,506,7,5,1,1,1
9,3,234,491,8,6,1,1,1
9,4,240,482,7,6,1,1,1
9,5,221,485,7,7,1,1,1
9,6,501,236,8,6,1,1,1
9,7,495,225,11,8,1,1,1
10,1,197,502,8,6,1,1,1
10,2,210,506,7,5,1,1,1
10,3,234,491,8,6,1,1,1
10,4,240,482,7,6,1,1,1
10,5,221,485,7,7,1,1,1
10,6,501,236,8,6,1,1,1
10,7,495,225,11,8,1,1,1
11,1,198,502,8,6,1,1,1
11,2,210,506,6,5,1,1,1
11,3,233,491,8,6,1,1,1
11,4,241,482,6,6,1,1,1
11,5,223,485,6,6,1,1,1
11,6,502,235,8,7,1,1,1
11,7,496,224,11,9,1,1,1
12,1,198,502,8,6,1,1,1
12,2,210,506,6,5,1,1,1
12,3,233,491,8,6,1,1,1
12,4,241,482,6,6,1,1,1
12,5,223,485,6,6,1,1,1
12,6,502,235,8,7,1,1,1
12,7,496,224,11,9,1,1,1
13,1,199,501,8,6,1,1,1
13,2,209,507,6,4,1,1,1
13,3,233,492,8,6,1,1,1
13,4,241,483,7,6,1,1,1
13,5,224,485,6,5,1,1,1
13,6,503,235,8,7,1,1,1
13,7,497,224,10,9,1,1,1
14,1,199,501,8,6,1,1,1
14,2,209,507,6,4,1,1,1
14,3,233,492,8,6,1,1,1
14,4,241,483,7,6,1,1,1
14,5,224,485,6,5,1,1,1
14,6,503,235,8,7,1,1,1
14,7,497,224,10,9,1,1,1
15,1,200,500,7,6,1,1,1
15,2,208,507,6,4,1,1,1
15,3,232,493,8,6,1,1,1
15,4,241,483,6,6,1,1,1
15,5,225,484,6,6,1,1,1
15,6,504,234,8,7,1,1,1
15,7,498,224,10,8,1,1,1
16,1,200,500,7,6,1,1,1
16,2,208,507,6,4,1,1,1
16,3,232,493,8,6,1,1,1
16,4,241,483,6,6,1,1,1
16,5,225,484,6,6,1,1,1
16,6,504,234,8,7,1,1,1
16,7,498,224,10,8,1,1,1
17,1,201,500,7,5,1,1,1
17,2,207,507,6,4,1,1,1
17,3,232,494,8,5,1,1,1
17,4,241,483,7,6,1,1,1
17,5,226,483,6,6,1,1,1
17,7,498,224,11,9,1,1,1
18,1,201,500,7,5,1,1,1
18,2,207,507,6,4,1,1,1
18,3,232,494,8,5,1,1,1
18,4,241,483,7,6,1,1,1
18,5,226,483,6,6,1,1,1
18,7,498,224,11,9,1,1,1
19,1,203,499,6,5,1,1,1
19,2,206,507,6,4,1,1,1
19,3,231,494,8,6,1,1,1
19,4,241,484,7,6,1,1,1
19,5,227,483,6,6,1,1,1
19,7,499,224,10,9,1,1,1
20,1,203,499,6,5,1,1,1
20,2,206,507,6,4,1,1,1
20,3,231,494,8,6,1,1,1
20,4,241,484,7,6,1,1,1
20,5,227,483,6,6,1,1,1
20,7,499,224,10,9,1,1,1
21,1,203,498,8,5,1,1,1
21,2,205,507,6,4,1,1,1
21,3,231,495,7,6,1,1,1
21,4,242,484,7,6,1,1,1
21,5,228,482,6,6,1,1,1
21,7,499,224,10,8,1,1,1
22,1,203,498,8,5,1,1,1
22,2,205,507,6,4,1,1,1
22,3,231,495,7,6,1,1,1
22,4,242,484,7,6,1,1,1
22,5,228,482,6,6,1,1,1
22,7,499,224,10,8,1,1,1
23,1,204,497,8,6,1,1,1
23,3,230,496,8,5,1,1,1
23,4,242,484,7,6,1,1,1
23,5,229,482,6,6,1,1,1
23,7,500,224,9,8,1,1,1
24,1,204,497,8,6,1,1,1
24,3,230,496,8,5,1,1,1
24,4,242,484,7,6,1,1,1
24,5,229,482,6,6,1,1,1
24,7,500,224,9,8,1,1,1
25,1,205,496,8,6,1,1,1
25,3,229,496,8,6,1,1,1
25,4,242,485,7,6,1,1,1
25,5,230,482,6,5,1,1,1
25,7,501,224,9,8,1,1,1
26,1,205,496,8,6,1,1,1
26,3,229,496,8,6,1,1,1
26,4,242,485,7,6,1,1,1
26,5,230,482,6,5,1,1,1
26,7,501,224,9,8,1,1,1
27,1,206,495,8,6,1,1,1
27,3,228,497,8,6,1,1,1
27,4,242,485,7,6,1,1,1
27,5,231,481,6,6,1,1,1
27,7,499,224,10,8,1,1,1
28,1,206,495,8,6,1,1,1
28,3,228,497,8,6,1,1,1
28,4,242,485,7,6,1,1,1
28,5,231,481,6,6,1,1,1
28,7,499,224,10,8,1,1,1
29,1,208,494,7,6,1,1,1
29,3,227,498,8,6,1,1,1
29,4,242,486,7,6,1,1,1
29,5,232,481,6,6,1,1,1
29,7,499,224,9,8,1,1,1
30,1,208,494,7,6,1,1,1
30,3,227,498,8,6,1,1,1
30,4,242,486,7,6,1,1,1
30,5,232,481,6,6,1,1,1
30,7,499,224,9,8,1,1,1
31,1,209,494,7,5,1,1,1
31,3,227,499,7,6,1,1,1
31,4,242,486,7,6,1,1,1
31,5,233,481,6,5,1,1,1
31,7,498,224,10,8,1,1,1
32,1,209,494,7,5,1,1,1
32,3,227,499,7,6,1,1,1
32,4,242,486,7,6,1,1,1
32,5,233,481,6,5,1,1,1
32,7,498,224,10,8,1,1,1
33,1,210,493,8,5,1,1,1
33,3,225,500,8,6,1,1,1
33,4,242,487,7,6,1,1,1
33,5,233,480,8,6,1,1,1
33,7,497,224,10,8,1,1,1
34,1,210,493,8,5,1,1,1
34,3,225,500,8,6,1,1,1
34,4,242,487,7,6,1,1,1
34,5,233,480,8,6,1,1,1
34,7,497,224,10,8,1,1,1
35,1,211,492,8,6,1,1,1
35,3,224,501,8,6,1,1,1
35,4,242,487,6,6,1,1,1
35,5,235,480,6,6,1,1,1
35,7,496,223,11,9,1,1,1
36,1,211,492,8,6,1,1,1
36,3,224,501,8,6,1,1,1
36,4,242,487,6,6,1,1,1
36,5,235,480,6,6,1,1,1
36,7,496,223,11,9,1,1,1
37,1,213,491,7,6,1,1,1
37,3,223,501,8,6,1,1,1
37,4,241,488,7,5,1,1,1
37,5,236,480,6,5,1,1,1
37,7,495,223,11,9,1,1,1
38,1,213,491,7,6,1,1,1
38,3,223,501,8,6,1,1,1
38,4,241,488,7,5,1,1,1
38,5,236,480,6,5,1,1,1
38,7,495,223,11,9,1,1,1
39,1,214,490,7,6,1,1,1
39,3,222,502,8,6,1,1,1
39,4,241,488,7,6,1,1,1
39,5,236,480,6,5,1,1,1
39,7,495,223,10,9,1,1,1
40,1,214,490,7,6,1,1,1
40,3,222,502,8,6,1,1,1
40,4,241,488,7,6,1,1,1
40,5,236,480,6,5,1,1,1
40,7,495,223,10,9,1,1,1
41,1,215,489,8,6,1,1,1
41,3,221,503,8,6,1,1,1
41,4,240,489,7,6,1,1,1
41,5,237,480,7,5,1,1,1
41,7,494,223,11,9,1,1,1
42,1,215,489,8,6,1,1,1
42,3,221,503,8,6,1,1,1
42,4,240,489,7,6,1,1,1
42,5,237,480,7,5,1,1,1
42,7,494,223,11,9,1,1,1
43,1,217,488,6,6,1,1,1
43,3,220,504,7,6,1,1,1
43,4,240,490,6,6,1,1,1
43,5,238,480,6,5,1,1,1
43,7,494,224,10,8,1,1,1
44,1,217,488,6,6,1,1,1
44,3,220,504,7,6,1,1,1
44,4,240,490,6,6,1,1,1
44,5,238,480,6,5,1,1,1
44,7,494,224,10,8,1,1,1
45,1,218,487,7,6,1,1,1
45,3,219,505,7,6,1,1,1
45,4,239,491,6,5,1,1,1
45,5,238,480,8,5,1,1,1
45,7,494,224,9,8,1,1,1
45,9,466,214,9,7,1,1,1
46,1,218,487,7,6,1,1,1
46,3,219,505,7,6,1,1,1
46,4,239,491,6,5,1,1,1
46,5,238,480,8,5,1,1,1
46,7,494,224,9,8,1,1,1
46,9,466,214,9,7,1,1,1
47,1,219,487,7,5,1,1,1
47,3,217,506,7,5,1,1,1
47,4,238,492,7,5,1,1,1
47,5,239,479,7,6,1,1,1
47,7,493,224,10,8,1,1,1
47,9,466,214,9,7,1,1,1
47,10,198,507,6,4,1,1,1
48,1,219,487,7,5,1,1,1
48,3,217,506,7,5,1,1,1
48,4,238,492,7,5,1,1,1
48,5,239,479,7,6,1,1,1
48,7,493,224,10,8,1,1,1
48,9,466,214,9,7,1,1,1
48,10,198,507,6,4,1,1,1
49,1,221,486,7,5,1,1,1
49,3,216,506,7,5,1,1,1
49,4,237,492,7,6,1,1,1
49,5,239,479,8,6,1,1,1
49,7,492,224,11,8,1,1,1
49,9,466,214,9,7,1,1,1
49,10,198,506,6,5,1,1,1
50,1,221,486,7,5,1,1,1
50,3,216,506,7,5,1,1,1
50,4,237,492,7,6,1,1,1
50,5,239,479,8,6,1,1,1
50,7,492,224,11,8,1,1,1
50,9,466,214,9,7,1,1,1
50,10,198,506,6,5,1,1,1
51,1,223,485,6,6,1,1,1
51,3,215,507,6,4,1,1,1
51,4,236,493,7,6,1,1,1
51,5,240,479,8,6,1,1,1
51,7,492,224,11,8,1,1,1
51,9,466,214,9,7,1,1,1
51,10,198,505,7,5,1,1,1
52,1,223,485,6,6,1,1,1
52,3,215,507,6,4,1,1,1
52,4,236,493,7,6,1,1,1
52,5,240,479,8,6,1,1,1
52,7,492,224,11,8,1,1,1
52,9,466,214,9,7,1,1,1
52,10,198,505,7,5,1,1,1
53,1,224,484,7,6,1,1,1
53,3,214,507,6,4,1,1,1
53,4,235,494,7,6,1,1,1
53,5,241,479,7,6,1,1,1
53,7,492,224,10,8,1,1,1
53,9,466,214,9,7,1,1,1
53,10,199,504,7,6,1,1,1
54,1,224,484,7,6,1,1,1
54,3,214,507,6,4,1,1,1
54,4,235,494,7,6,1,1,1
54,5,241,479,7,6,1,1,1
54,7,492,224,10,8,1,1,1
54,9,466,214,9,7,1,1,1
54,10,199,504,7,6,1,1,1
55,1,225,484,8,6,1,1,1
55,3,213,508,6,3,1,1,1
55,4,234,495,7,6,1,1,1
55,5,242,480,6,5,1,1,1
55,7,492,224,10,8,1,1,1
55,9,466,214,9,7,1,1,1
55,10,200,503,7,6,1,1,1
56,1,225,484,8,6,1,1,1
56,3,213,508,6,3,1,1,1
56,4,234,495,7,6,1,1,1
56,5,242,480,6,5,1,1,1
56,7,492,224,10,8,1,1,1
56,9,466,214,9,7,1,1,1
56,10,200,503,7,6,1,1,1
57,1,226,483,8,6,1,1,1
57,4,233,496,7,6,1,1,1
57,5,242,480,7,6,1,1,1
57,7,492,224,10,8,1,1,1
57,9,466,214,9,7,1,1,1
57,10,201,503,7,5,1,1,1
58,1,226,483,8,6,1,1,1
58,4,233,496,7,6,1,1,1
58,5,242,480,7,6,1,1,1
58,7,492,224,10,8,1,1,1
58,9,466,214,9,7,1,1,1
58,10,201,503,7,5,1,1,1
59,1,228,482,7,6,1,1,1
59,4,232,497,6,5,1,1,1
59,5,242,480,7,6,1,1,1
59,7,492,224,9,8,1,1,1
59,9,466,214,9,7,1,1,1
59,10,202,502,7,5,1,1,1
60,1,228,482,7,6,1,1,1
60,4,232,497,6,5,1,1,1
60,5,242,480,7,6,1,1,1
60,7,492,224,9,8,1,1,1
60,9,466,214,9,7,1,1,1
60,10,202,502,7,5,1,1,1
61,1,229,481,8,6,1,1,1
61,4,231,498,7,5,1,1,1
61,5,243,481,6,5,1,1,1
61,7,492,225,10,8,1,1,1
61,9,466,214,9,7,1,1,1
61,10,203,501,6,5,1,1,1
62,1,229,481,8,6,1,1,1
62,4,231,498,7,5,1,1,1
62,5,243,481,6,5,1,1,1
62,7,492,225,10,8,1,1,1
62,9,466,214,9,7,1,1,1
62,10,203,501,6,5,1,1,1
63,1,231,481,6,6,1,1,1
63,4,230,498,7,6,1,1,1
63,5,243,481,7,6,1,1,1
63,7,492,225,10,8,1,1,1
63,10,204,500,6,5,1,1,1
64,1,231,481,6,6,1,1,1
64,4,230,498,7,6,1,1,1
64,5,243,481,7,6,1,1,1
64,7,492,225,10,8,1,1,1
64,10,204,500,6,5,1,1,1
65,1,232,481,7,5,1,1,1
65,4,229,499,7,6,1,1,1
65,5,243,481,7,6,1,1,1
65,7,493,225,9,8,1,1,1
65,10,204,498,8,6,1,1,1
66,1,232,481,7,5,1,1,1
66,4,229,499,7,6,1,1,1
66,5,243,481,7,6,1,1,1
66,7,493,225,9,8,1,1,1
66,10,204,498,8,6,1,1,1
67,1,234,480,6,6,1,1,1
67,4,227,500,7,6,1,1,1
67,5,243,482,7,6,1,1,1
67,7,493,225,9,8,1,1,1
67,10,205,497,7,6,1,1,1
68,1,234,480,6,6,1,1,1
68,4,227,500,7,6,1,1,1
68,5,243,482,7,6,1,1,1
68,7,493,225,9,8,1,1,1
68,10,205,497,7,6,1,1,1
69,1,234,480,8,5,1,1,1
69,4,226,501,7,6,1,1,1
69,5,243,483,6,5,1,1,1
69,7,494,225,9,8,1,1,1
69,10,206,496,8,6,1,1,1
70,1,234,480,8,5,1,1,1
70,4,226,501,7,6,1,1,1
70,5,243,483,6,5,1,1,1
70,7,494,225,9,8,1,1,1
70,10,206,496,8,6,1,1,1
71,1,236,479,7,6,1,1,1
71,4,225,502,7,6,1,1,1
71,5,243,483,7,6,1,1,1
71,7,494,225,10,8,1,1,1
71,10,208,495,7,6,1,1,1
72,1,236,479,7,6,1,1,1
72,4,225,502,7,6,1,1,1
72,5,243,483,7,6,1,1,1
72,7,494,225,10,8,1,1,1
72,10,208,495,7,6,1,1,1
73,1,236,479,8,5,1,1,1
73,4,223,503,7,6,1,1,1
73,5,242,484,8,6,1,1,1
73,7,493,224,11,9,1,1,1
73,9,466,214,9,7,1,1,1
73,10,209,494,7,6,1,1,1
74,1,236,479,8,5,1,1,1
74,4,223,503,7,6,1,1,1
74,5,242,484,8,6,1,1,1
74,7,493,224,11,9,1,1,1
74,9,466,214,9,7,1,1,1
74,10,209,494,7,6,1,1,1
75,1,237,478,8,6,1,1,1
75,4,222,504,7,6,1,1,1
75,5,242,485,7,5,1,1,1
75,7,494,224,11,9,1,1,1
75,9,466,214,9,7,1,1,1
75,10,210,493,7,6,1,1,1
76,1,237,478,8,6,1,1,1
76,4,222,504,7,6,1,1,1
76,5,242,485,7,5,1,1,1
76,7,494,224,11,9,1,1,1
76,9,466,214,9,7,1,1,1
76,10,210,493,7,6,1,1,1
77,1,239,478,7,6,1,1,1
77,4,220,505,7,6,1,1,1
77,5,241,485,8,6,1,1,1
77,7,494,224,11,10,1,1,1
77,9,467,214,8,7,1,1,1
77,10,211,492,7,6,1,1,1
77,11,196,507,8,4,1,1,1
78,1,239,478,7,6,1,1,1
78,4,220,505,7,6,1,1,1
78,5,241,485,8,6,1,1,1
78,7,494,224,11,10,1,1,1
78,9,467,214,8,7,1,1,1
78,10,211,492,7,6,1,1,1
78,11,196,507,8,4,1,1,1
79,1,239,478,7,5,1,1,1
79,4,219,506,6,5,1,1,1
79,5,241,486,7,6,1,1,1
79,7,494,223,12,11,1,1,1
79,9,467,214,8,7,1,1,1
79,10,212,491,8,6,1,1,1
79,11,195,506,10,5,1,1,1
80,1,239,478,7,5,1,1,1
80,4,219,506,6,5,1,1,1
80,5,241,486,7,6,1,1,1
80,7,494,223,12,11,1,1,1
80,9,467,214,8,7,1,1,1
80,10,212,491,8,6,1,1,1
80,11,195,506,10,5,1,1,1
81,1,240,477,7,6,1,1,1
81,4,218,507,6,4,1,1,1
81,5,241,487,7,6,1,1,1
81,7,494,223,12,11,1,1,1
81,9,466,214,9,7,1,1,1
81,10,213,490,8,6,1,1,1
81,11,196,505,10,6,1,1,1
82,1,240,477,7,6,1,1,1
82,4,218,507,6,4,1,1,1
82,5,241,487,7,6,1,1,1
82,7,494,223,12,11,1,1,1
82,9,466,214,9,7,1,1,1
82,10,213,490,8,6,1,1,1
82,11,196,505,10,6,1,1,1
83,1,241,477,7,6,1,1,1
83,5,240,488,7,5,1,1,1
83,7,494,223,12,11,1,1,1
83,9,466,214,9,7,1,1,1
83,10,215,489,7,6,1,1,1
83,11,197,504,9,6,1,1,1
84,1,241,477,7,6,1,1,1
84,5,240,488,7,5,1,1,1
84,7,494,223,12,11,1,1,1
84,9,466,214,9,7,1,1,1
84,10,215,489,7,6,1,1,1
84,11,197,504,9,6,1,1,1
85,1,242,478,7,5,1,1,1
85,5,239,489,7,5,1,1,1
85,7,494,223,12,11,1,1,1
85,9,466,214,9,7,1,1,1
85,10,216,487,7,7,1,1,1
85,11,198,504,8,5,1,1,1
86,1,242,478,7,5,1,1,1
86,5,239,489,7,5,1,1,1
86,7,494,223,12,11,1,1,1
86,9,466,214,9,7,1,1,1
86,10,216,487,7,7,1,1,1
86,11,198,504,8,5,1,1,1
87,1,241,478,9,6,1,1,1
87,5,238,490,7,5,1,1,1
87,10,217,486,8,7,1,1,1
87,11,199,503,8,5,1,1,1
88,1,241,478,9,6,1,1,1
88,5,238,490,7,5,1,1,1
88,10,217,486,8,7,1,1,1
88,11,199,503,8,5,1,1,1
89,1,242,478,8,6,1,1,1
89,5,237,491,7,5,1,1,1
89,10,219,486,7,6,1,1,1
89,11,200,502,8,5,1,1,1
90,1,242,478,8,6,1,1,1
90,5,237,491,7,5,1,1,1
90,10,219,486,7,6,1,1,1
90,11,200,502,8,5,1,1,1
91,1,243,478,8,6,1,1,1
91,5,236,492,7,5,1,1,1
91,10,220,485,8,6,1,1,1
91,11,201,501,8,5,1,1,1
92,1,243,478,8,6,1,1,1
92,5,236,492,7,5,1,1,1
92,10,220,485,8,6,1,1,1
92,11,201,501,8,5,1,1,1
93,1,243,478,8,6,1,1,1
93,5,235,493,7,6,1,1,1
93,10,222,484,7,6,1,1,1
93,11,201,499,9,6,1,1,1
94,1,243,478,8,6,1,1,1
94,5,235,493,7,6,1,1,1
94,10,222,484,7,6,1,1,1
94,11,201,499,9,6,1,1,1
95,1,244,479,7,6,1,1,1
95,5,233,494,8,6,1,1,1
95,10,223,483,7,7,1,1,1
95,11,202,498,9,6,1,1,1
96,1,244,479,7,6,1,1,1
96,5,233,494,8,6,1,1,1
96,10,223,483,7,7,1,1,1
96,11,202,498,9,6,1,1,1
97,1,244,479,7,6,1,1,1
97,5,232,495,7,6,1,1,1
97,10,225,483,6,6,1,1,1
97,11,203,496,10,7,1,1,1
98,1,244,479,7,6,1,1,1
98,5,232,495,7,6,1,1,1
98,10,225,483,6,6,1,1,1
98,11,203,496,10,7,1,1,1
99,1,244,480,8,6,1,1,1
99,5,230,496,8,6,1,1,1
99,10,226,482,7,6,1,1,1
99,11,204,495,10,7,1,1,1
100,1,244,480,8,6,1,1,1
100,5,230,496,8,6,1,1,1
100,10,226,482,7,6,1,1,1
100,11,204,495,10,7,1,1,1
101,1,244,480,8,6,1,1,1
101,5,229,497,7,6,1,1,1
101,10,228,482,6,5,1,1,1
101,11,206,494,9,6,1,1,1
102,1,244,480,8,6,1,1,1
102,5,229,497,7,6,1,1,1
102,10,228,482,6,5,1,1,1
102,11,206,494,9,6,1,1,1
103,1,244,481,7,6,1,1,1
103,5,228,498,7,6,1,1,1
103,10,229,481,7,6,1,1,1
103,11,207,493,9,6,1,1,1
104,1,244,481,7,6,1,1,1
104,5,228,498,7,6,1,1,1
104,10,229,481,7,6,1,1,1
104,11,207,493,9,6,1,1,1
105,1,244,482,7,6,1,1,1
105,5,226,499,8,6,1,1,1
105,10,230,481,7,6,1,1,1
105,11,209,492,8,6,1,1,1
106,1,244,482,7,6,1,1,1
106,5,226,499,8,6,1,1,1
106,10,230,481,7,6,1,1,1
106,11,209,492,8,6,1,1,1
107,1,243,483,7,6,1,1,1
107,5,225,500,7,6,1,1,1
107,10,232,481,6,5,1,1,1
107,11,210,490,8,7,1,1,1
108,1,243,483,7,6,1,1,1
108,5,225,500,7,6,1,1,1
108,10,232,481,6,5,1,1,1
108,11,210,490,8,7,1,1,1
109,1,242,484,8,6,1,1,1
109,5,223,501,7,6,1,1,1
109,10,232,481,8,5,1,1,1
109,11,211,489,9,7,1,1,1
110,1,242,484,8,6,1,1,1
110,5,223,501,7,6,1,1,1
110,10,232,481,8,5,1,1,1
110,11,211,489,9,7,1,1,1
111,1,242,485,7,6,1,1,1
111,5,221,502,8,6,1,1,1
111,10,233,480,8,6,1,1,1
111,11,212,488,9,7,1,1,1
111,12,196,507,8,4,1,1,1
112,1,242,485,7,6,1,1,1
112,5,221,502,8,6,1,1,1
112,10,233,480,8,6,1,1,1
112,11,212,488,9,7,1,1,1
112,12,196,507,8,4,1,1,1
113,1,241,486,7,6,1,1,1
113,5,220,503,7,6,1,1,1
113,10,234,480,8,6,1,1,1
113,11,214,487,8,6,1,1,1
113,12,195,506,10,5,1,1,1
114,1,241,486,7,6,1,1,1
114,5,220,503,7,6,1,1,1
114,10,234,480,8,6,1,1,1
114,11,214,487,8,6,1,1,1
114,12,195,506,10,5,1,1,1
115,1,240,487,7,6,1,1,1
115,5,218,504,7,6,1,1,1
115,10,235,480,8,6,1,1,1
115,11,216,485,8,7,1,1,1
115,12,196,505,10,6,1,1,1
116,1,240,487,7,6,1,1,1
116,5,218,504,7,6,1,1,1
116,10,235,480,8,6,1,1,1
116,11,216,485,8,7,1,1,1
116,12,196,505,10,6,1,1,1
117,1,238,488,8,6,1,1,1
117,5,216,505,7,6,1,1,1
117,10,237,481,6,5,1,1,1
117,11,217,484,8,7,1,1,1
117,12,197,504,10,6,1,1,1
118,1,238,488,8,6,1,1,1
118,5,216,505,7,6,1,1,1
118,10,237,481,6,5,1,1,1
118,11,217,484,8,7,1,1,1
118,12,197,504,10,6,1,1,1
119,1,237,490,7,5,1,1,1
119,5,215,506,6,5,1,1,1
119,10,237,481,7,5,1,1,1
119,11,218,483,8,6,1,1,1
119,12,198,503,10,6,1,1,1
120,1,237,490,7,5,1,1,1
120,5,215,506,6,5,1,1,1
120,10,237,481,7,5,1,1,1
120,11,218,483,8,6,1,1,1
120,12,198,503,10,6,1,1,1
121,1,236,491,7,6,1,1,1
121,5,213,507,6,4,1,1,1
121,10,238,481,7,6,1,1,1
121,11,220,482,8,6,1,1,1
121,12,200,502,10,6,1,1,1
122,1,236,491,7,6,1,1,1
122,5,213,507,6,4,1,1,1
122,10,238,481,7,6,1,1,1
122,11,220,482,8,6,1,1,1
122,12,200,502,10,6,1,1,1
123,1,234,492,7,6,1,1,1
123,10,238,482,8,6,1,1,1
123,11,222,482,6,5,1,1,1
123,12,201,501,9,6,1,1,1
124,1,234,492,7,6,1,1,1
124,10,238,482,8,6,1,1,1
124,11,222,482,6,5,1,1,1
124,12,201,501,9,6,1,1,1
125,1,233,493,7,6,1,1,1
125,10,239,482,7,6,1,1,1
125,11,223,481,7,5,1,1,1
125,12,202,499,10,6,1,1,1
126,1,233,493,7,6,1,1,1
126,10,239,482,7,6,1,1,1
126,11,223,481,7,5,1,1,1
126,12,202,499,10,6,1,1,1
127,1,231,494,8,6,1,1,1
127,10,239,483,7,6,1,1,1
127,11,225,480,6,5,1,1,1
127,12,203,498,10,6,1,1,1
128,1,231,494,8,6,1,1,1
128,10,239,483,7,6,1,1,1
128,11,225,480,6,5,1,1,1
128,12,203,498,10,6,1,1,1
129,1,230,496,7,5,1,1,1
129,10,239,483,7,6,1,1,1
129,11,226,479,7,6,1,1,1
129,12,204,497,10,6,1,1,1
130,1,230,496,7,5,1,1,1
130,10,239,483,7,6,1,1,1
130,11,226,479,7,6,1,1,1
130,12,204,497,10,6,1,1,1
131,1,228,497,7,6,1,1,1
131,10,239,484,8,6,1,1,1
131,11,227,478,8,6,1,1,1
131,12,206,496,9,6,1,1,1
132,1,228,497,7,6,1,1,1
132,10,239,484,8,6,1,1,1
132,11,227,478,8,6,1,1,1
132,12,206,496,9,6,1,1,1
133,1,226,498,7,6,1,1,1
133,10,239,485,7,5,1,1,1
133,11,229,478,8,6,1,1,1
133,12,207,494,10,7,1,1,1
134,1,226,498,7,6,1,1,1
134,10,239,485,7,5,1,1,1
134,11,229,478,8,6,1,1,1
134,12,207,494,10,7,1,1,1
135,1,224,500,7,5,1,1,1
135,10,239,485,7,6,1,1,1
135,11,230,477,7,6,1,1,1
135,12,209,493,8,6,1,1,1
136,1,224,500,7,5,1,1,1
136,10,239,485,7,6,1,1,1
136,11,230,477,7,6,1,1,1
136,12,209,493,8,6,1,1,1
137,1,222,501,7,6,1,1,1
137,10,238,486,7,6,1,1,1
137,11,231,477,8,6,1,1,1
137,12,210,492,9,6,1,1,1
138,1,222,501,7,6,1,1,1
138,10,238,486,7,6,1,1,1
138,11,231,477,8,6,1,1,1
138,12,210,492,9,6,1,1,1
139,1,220,503,7,5,1,1,1
139,10,238,487,7,6,1,1,1
139,11,232,476,8,7,1,1,1
139,12,212,491,8,6,1,1,1
140,1,220,503,7,5,1,1,1
140,10,238,487,7,6,1,1,1
140,11,232,476,8,7,1,1,1
140,12,212,491,8,6,1,1,1
141,1,218,504,7,6,1,1,1
141,10,237,488,7,6,1,1,1
141,11,233,476,8,6,1,1,1
141,12,213,489,9,7,1,1,1
142,1,218,504,7,6,1,1,1
142,10,237,488,7,6,1,1,1
142,11,233,476,8,6,1,1,1
142,12,213,489,9,7,1,1,1
143,1,216,505,7,5,1,1,1
143,10,236,489,7,6,1,1,1
143,11,234,476,7,6,1,1,1
143,12,214,488,9,6,1,1,1
143,13,197,507,9,4,1,1,1
144,1,216,505,7,5,1,1,1
144,10,236,489,7,6,1,1,1
144,11,234,476,7,6,1,1,1
144,12,214,488,9,6,1,1,1
144,13,197,507,9,4,1,1,1
145,1,215,506,6,5,1,1,1
145,10,235,490,7,6,1,1,1
145,11,235,476,7,6,1,1,1
145,12,216,487,8,6,1,1,1
145,13,198,506,9,5,1,1,1
146,1,215,506,6,5,1,1,1
146,10,235,490,7,6,1,1,1
146,11,235,476,7,6,1,1,1
146,12,216,487,8,6,1,1,1
146,13,198,506,9,5,1,1,1
147,1,213,507,6,4,1,1,1
147,10,234,491,7,6,1,1,1
147,11,235,476,8,6,1,1,1
147,12,218,486,7,6,1,1,1
147,13,199,505,10,6,1,1,1
148,1,213,507,6,4,1,1,1
148,10,234,491,7,6,1,1,1
148,11,235,476,8,6,1,1,1
148,12,218,486,7,6,1,1,1
148,13,199,505,10,6,1,1,1
149,1,211,508,7,3,1,1,1
149,10,233,492,7,7,1,1,1
149,11,236,476,7,6,1,1,1
149,12,220,485,6,5,1,1,1
149,13,200,504,9,5,1,1,1
150,1,211,508,7,3,1,1,1
150,10,233,492,7,7,1,1,1
150,11,236,476,7,6,1,1,1
150,12,220,485,6,5,1,1,1
150,13,200,504,9,5,1,1,1
151,10,232,494,7,6,1,1,1
151,11,237,476,7,6,1,1,1
151,12,221,484,8,6,1,1,1
151,13,202,503,8,5,1,1,1
152,10,232,494,7,6,1,1,1
152,11,237,476,7,6,1,1,1
152,12,221,484,8,6,1,1,1
152,13,202,503,8,5,1,1,1
153,10,231,495,7,6,1,1,1
153,11,237,477,8,6,1,1,1
153,12,222,483,8,6,1,1,1
153,13,202,501,10,6,1,1,1
154,10,231,495,7,6,1,1,1
154,11,237,477,8,6,1,1,1
154,12,222,483,8,6,1,1,1
154,13,202,501,10,6,1,1,1
155,10,230,496,7,6,1,1,1
155,11,238,477,7,6,1,1,1
155,12,224,482,7,6,1,1,1
155,13,203,500,10,6,1,1,1
156,10,230,496,7,6,1,1,1
156,11,238,477,7,6,1,1,1
156,12,224,482,7,6,1,1,1
156,13,203,500,10,6,1,1,1
157,10,228,497,8,6,1,1,1
157,11,238,478,7,5,1,1,1
157,12,225,482,7,5,1,1,1
157,13,205,499,9,6,1,1,1
158,10,228,497,8,6,1,1,1
158,11,238,478,7,5,1,1,1
158,12,225,482,7,5,1,1,1
158,13,205,499,9,6,1,1,1
159,10,227,498,7,6,1,1,1
159,11,238,478,7,6,1,1,1
159,12,226,481,8,6,1,1,1
159,13,207,498,8,5,1,1,1
160,10,227,498,7,6,1,1,1
160,11,238,478,7,6,1,1,1
160,12,226,481,8,6,1,1,1
160,13,207,498,8,5,1,1,1
161,10,225,500,7,6,1,1,1
161,11,238,479,7,6,1,1,1
161,12,228,480,8,7,1,1,1
161,13,208,497,8,5,1,1,1
162,10,225,500,7,6,1,1,1
162,11,238,479,7,6,1,1,1
162,12,228,480,8,7,1,1,1
162,13,208,497,8,5,1,1,1
163,10,224,501,7,6,1,1,1
163,11,238,480,7,6,1,1,1
163,12,229,480,8,6,1,1,1
163,13,209,496,8,5,1,1,1
164,10,224,501,7,6,1,1,1
164,11,238,480,7,6,1,1,1
164,12,229,480,8,6,1,1,1
164,13,209,496,8,5,1,1,1
165,10,223,502,7,6,1,1,1
165,11,238,480,7,6,1,1,1
165,12,230,480,8,6,1,1,1
165,13,211,494,8,6,1,1,1
166,10,223,502,7,6,1,1,1
166,11,238,480,7,6,1,1,1
166,12,230,480,8,6,1,1,1
166,13,211,494,8,6,1,1,1
167,10,221,503,7,6,1,1,1
167,11,237,482,7,6,1,1,1
167,12,232,479,8,6,1,1,1
167,13,212,493,7,6,1,1,1
168,10,221,503,7,6,1,1,1
168,11,237,482,7,6,1,1,1
168,12,232,479,8,6,1,1,1
168,13,212,493,7,6,1,1,1
169,10,219,504,7,7,1,1,1
169,11,236,482,7,6,1,1,1
169,12,233,479,8,6,1,1,1
169,13,213,492,8,6,1,1,1
170,10,219,504,7,7,1,1,1
170,11,236,482,7,6,1,1,1
170,12,233,479,8,6,1,1,1
170,13,213,492,8,6,1,1,1
171,10,218,506,6,5,1,1,1
171,11,235,483,8,6,1,1,1
171,13,214,491,9,6,1,1,1
171,14,198,506,7,5,1,1,1
172,10,218,506,6,5,1,1,1
172,11,235,483,8,6,1,1,1
172,13,214,491,9,6,1,1,1
172,14,198,506,7,5,1,1,1
173,10,217,507,6,4,1,1,1
173,11,235,485,7,5,1,1,1
173,13,216,489,8,7,1,1,1
173,14,198,505,8,5,1,1,1
174,10,217,507,6,4,1,1,1
174,11,235,485,7,5,1,1,1
174,13,216,489,8,7,1,1,1
174,14,198,505,8,5,1,1,1
175,11,234,486,7,6,1,1,1
175,13,217,488,8,7,1,1,1
175,14,199,504,8,6,1,1,1
176,11,234,486,7,6,1,1,1
176,13,217,488,8,7,1,1,1
176,14,199,504,8,6,1,1,1
177,11,233,487,7,6,1,1,1
177,13,218,487,8,7,1,1,1
177,14,200,503,8,6,1,1,1
177,16,237,480,6,6,1,1,1
178,11,233,487,7,6,1,1,1
178,13,218,487,8,7,1,1,1
178,14,200,503,8,6,1,1,1
178,16,237,480,6,6,1,1,1
179,7,494,224,11,10,1,1,1
179,11,232,488,7,6,1,1,1
179,13,220,487,7,6,1,1,1
179,14,201,502,8,6,1,1,1
179,16,238,481,6,5,1,1,1
180,7,494,224,11,10,1,1,1
180,11,232,488,7,6,1,1,1
180,13,220,487,7,6,1,1,1
180,14,201,502,8,6,1,1,1
180,16,238,481,6,5,1,1,1
181,7,494,225,9,8,1,1,1
181,11,230,490,7,5,1,1,1
181,13,221,486,8,6,1,1,1
181,14,202,501,7,5,1,1,1
181,16,238,481,6,6,1,1,1
182,7,494,225,9,8,1,1,1
182,11,230,490,7,5,1,1,1
182,13,221,486,8,6,1,1,1
182,14,202,501,7,5,1,1,1
182,16,238,481,6,6,1,1,1
183,7,494,225,9,8,1,1,1
183,11,229,491,7,5,1,1,1
183,13,222,485,8,6,1,1,1
183,14,203,500,7,5,1,1,1
183,16,238,482,7,5,1,1,1
184,7,494,225,9,8,1,1,1
184,11,229,491,7,5,1,1,1
184,13,222,485,8,6,1,1,1
184,14,203,500,7,5,1,1,1
184,16,238,482,7,5,1,1,1
185,7,493,225,10,8,1,1,1
185,11,227,492,8,6,1,1,1
185,13,223,484,8,6,1,1,1
185,14,204,498,8,6,1,1,1
185,16,239,482,7,6,1,1,1
186,7,493,225,10,8,1,1,1
186,11,227,492,8,6,1,1,1
186,13,223,484,8,6,1,1,1
186,14,204,498,8,6,1,1,1
186,16,239,482,7,6,1,1,1
187,7,493,225,10,8,1,1,1
187,11,226,493,7,6,1,1,1
187,13,225,484,8,6,1,1,1
187,14,205,497,8,6,1,1,1
187,16,239,482,7,6,1,1,1
188,7,493,225,10,8,1,1,1
188,11,226,493,7,6,1,1,1
188,13,225,484,8,6,1,1,1
188,14,205,497,8,6,1,1,1
188,16,239,482,7,6,1,1,1
189,7,493,225,10,8,1,1,1
189,11,225,494,7,6,1,1,1
189,13,226,483,8,6,1,1,1
189,14,206,496,8,6,1,1,1
189,16,239,483,7,6,1,1,1
190,7,493,225,10,8,1,1,1
190,11,225,494,7,6,1,1,1
190,13,226,483,8,6,1,1,1
190,14,206,496,8,6,1,1,1
190,16,239,483,7,6,1,1,1
191,7,493,225,9,8,1,1,1
191,11,223,496,7,6,1,1,1
191,13,228,483,7,6,1,1,1
191,14,208,494,7,6,1,1,1
191,16,239,484,6,6,1,1,1
192,7,493,225,9,8,1,1,1
192,11,223,496,7,6,1,1,1
192,13,228,483,7,6,1,1,1
192,14,208,494,7,6,1,1,1
192,16,239,484,6,6,1,1,1
193,7,493,225,9,8,1,1,1
193,9,466,214,9,7,1,1,1
193,11,221,497,7,6,1,1,1
193,13,230,483,6,5,1,1,1
193,14,209,493,7,6,1,1,1
193,16,239,485,6,5,1,1,1
194,7,493,225,9,8,1,1,1
194,9,466,214,9,7,1,1,1
194,11,221,497,7,6,1,1,1
194,13,230,483,6,5,1,1,1
194,14,209,493,7,6,1,1,1
194,16,239,485,6,5,1,1,1
195,7,492,225,10,7,1,1,1
195,9,466,214,9,8,1,1,1
195,11,220,498,7,6,1,1,1
195,13,231,483,6,5,1,1,1
195,14,210,492,8,6,1,1,1
195,16,238,486,7,5,1,1,1
196,7,492,225,10,7,1,1,1
196,9,466,214,9,8,1,1,1
196,11,220,498,7,6,1,1,1
196,13,231,483,6,5,1,1,1
196,14,210,492,8,6,1,1,1
196,16,238,486,7,5,1,1,1
197,7,492,225,10,7,1,1,1
197,9,466,214,9,8,1,1,1
197,11,218,500,7,6,1,1,1
197,13,231,483,8,5,1,1,1
197,14,212,490,7,6,1,1,1
197,16,237,486,8,7,1,1,1
198,7,492,225,10,7,1,1,1
198,9,466,214,9,8,1,1,1
198,11,218,500,7,6,1,1,1
198,13,231,483,8,5,1,1,1
198,14,212,490,7,6,1,1,1
198,16,237,486,8,7,1,1,1
199,7,492,225,10,8,1,1,1
199,9,466,214,9,8,1,1,1
199,11,216,501,8,6,1,1,1
199,13,233,482,7,6,1,1,1
199,14,213,489,8,6,1,1,1
199,16,237,487,7,7,1,1,1
199,17,197,507,8,4,1,1,1
200,7,492,225,10,8,1,1,1
200,9,466,214,9,8,1,1,1
200,11,216,501,8,6,1,1,1
200,13,233,482,7,6,1,1,1
200,14,213,489,8,6,1,1,1
200,16,237,487,7,7,1,1,1
200,17,197,507,8,4,1,1,1
201,7,493,225,10,8,1,1,1
201,9,466,214,9,8,1,1,1
201,11,215,503,7,6,1,1,1
201,13,233,482,8,6,1,1,1
201,14,214,488,8,6,1,1,1
201,16,235,488,8,7,1,1,1
201,17,197,506,9,5,1,1,1
202,7,493,225,10,8,1,1,1
202,9,466,214,9,8,1,1,1
202,11,215,503,7,6,1,1,1
202,13,233,482,8,6,1,1,1
202,14,214,488,8,6,1,1,1
202,16,235,488,8,7,1,1,1
202,17,197,506,9,5,1,1,1
203,7,493,225,10,8,1,1,1
203,9,466,214,9,8,1,1,1
203,11,213,504,7,6,1,1,1
203,13,234,482,8,6,1,1,1
203,14,216,487,7,6,1,1,1
203,16,234,490,8,6,1,1,1
203,17,198,505,9,5,1,1,1
204,7,493,225,10,8,1,1,1
204,9,466,214,9,8,1,1,1
204,11,213,504,7,6,1,1,1
204,13,234,482,8,6,1,1,1
204,14,216,487,7,6,1,1,1
204,16,234,490,8,6,1,1,1
204,17,198,505,9,5,1,1,1
205,7,493,225,11,9,1,1,1
205,11,212,505,7,6,1,1,1
205,13,235,482,8,6,1,1,1
205,14,217,486,8,6,1,1,1
205,16,234,491,7,6,1,1,1
205,17,199,504,9,5,1,1,1
206,7,493,225,11,9,1,1,1
206,11,212,505,7,6,1,1,1
206,13,235,482,8,6,1,1,1
206,14,217,486,8,6,1,1,1
206,16,234,491,7,6,1,1,1
206,17,199,504,9,5,1,1,1
207,7,494,224,11,10,1,1,1
207,11,211,506,6,5,1,1,1
207,13,236,483,8,6,1,1,1
207,14,219,485,7,6,1,1,1
207,16,233,492,7,6,1,1,1
207,17,201,503,8,5,1,1,1
208,7,494,224,11,10,1,1,1
208,11,211,506,6,5,1,1,1
208,13,236,483,8,6,1,1,1
208,14,219,485,7,6,1,1,1
208,16,233,492,7,6,1,1,1
208,17,201,503,8,5,1,1,1
209,7,494,224,11,10,1,1,1
209,11,209,506,7,5,1,1,1
209,13,237,484,7,5,1,1,1
209,14,220,484,8,6,1,1,1
209,16,232,493,7,6,1,1,1
209,17,202,502,8,5,1,1,1
210,7,494,224,11,10,1,1,1
210,11,209,506,7,5,1,1,1
210,13,237,484,7,5,1,1,1
210,14,220,484,8,6,1,1,1
210,16,232,493,7,6,1,1,1
210,17,202,502,8,5,1,1,1
211,11,207,507,7,4,1,1,1
211,13,237,484,7,6,1,1,1
211,14,222,483,7,6,1,1,1
211,16,230,495,7,6,1,1,1
211,17,203,499,9,6,1,1,1
212,11,207,507,7,4,1,1,1
212,13,237,484,7,6,1,1,1
212,14,222,483,7,6,1,1,1
212,16,230,495,7,6,1,1,1
212,17,203,499,9,6,1,1,1
213,13,238,485,7,6,1,1,1
213,14,223,482,8,6,1,1,1
213,16,229,496,7,6,1,1,1
213,17,204,498,9,6,1,1,1
214,13,238,485,7,6,1,1,1
214,14,223,482,8,6,1,1,1
214,16,229,496,7,6,1,1,1
214,17,204,498,9,6,1,1,1
215,7,496,224,10,9,1,1,1
215,13,238,486,7,6,1,1,1
215,14,225,482,6,5,1,1,1
215,16,228,497,7,6,1,1,1
215,17,206,497,8,6,1,1,1
216,7,496,224,10,9,1,1,1
216,13,238,486,7,6,1,1,1
216,14,225,482,6,5,1,1,1
216,16,228,497,7,6,1,1,1
216,17,206,497,8,6,1,1,1
217,7,497,224,9,9,1,1,1
217,13,237,486,8,6,1,1,1
217,14,225,481,8,6,1,1,1
217,16,226,498,7,6,1,1,1
217,17,207,496,8,5,1,1,1
218,7,497,224,9,9,1,1,1
218,13,237,486,8,6,1,1,1
218,14,225,481,8,6,1,1,1
218,16,226,498,7,6,1,1,1
218,17,207,496,8,5,1,1,1
219,7,498,224,9,9,1,1,1
219,13,237,487,8,6,1,1,1
219,14,227,481,7,5,1,1,1
219,16,225,500,7,5,1,1,1
219,17,209,495,8,5,1,1,1
220,7,498,224,9,9,1,1,1
220,13,237,487,8,6,1,1,1
220,14,227,481,7,5,1,1,1
220,16,225,500,7,5,1,1,1
220,17,209,495,8,5,1,1,1
221,7,497,224,11,9,1,1,1
221,13,237,488,7,6,1,1,1
221,14,228,480,8,6,1,1,1
221,16,223,501,7,6,1,1,1
221,17,210,493,8,6,1,1,1
222,7,497,224,11,9,1,1,1
222,13,237,488,7,6,1,1,1
222,14,228,480,8,6,1,1,1
222,16,223,501,7,6,1,1,1
222,17,210,493,8,6,1,1,1
223,7,498,225,10,8,1,1,1
223,13,237,489,7,6,1,1,1
223,14,229,480,8,6,1,1,1
223,16,221,502,8,6,1,1,1
223,17,212,492,8,5,1,1,1
224,7,498,225,10,8,1,1,1
224,13,237,489,7,6,1,1,1
224,14,229,480,8,6,1,1,1
224,16,221,502,8,6,1,1,1
224,17,212,492,8,5,1,1,1
225,7,498,225,11,8,1,1,1
225,13,236,490,7,6,1,1,1
225,14,230,480,8,6,1,1,1
225,16,219,503,8,6,1,1,1
225,17,213,490,8,6,1,1,1
226,7,498,225,11,8,1,1,1
226,13,236,490,7,6,1,1,1
226,14,230,480,8,6,1,1,1
226,16,219,503,8,6,1,1,1
226,17,213,490,8,6,1,1,1
227,7,498,225,10,9,1,1,1
227,13,235,491,7,6,1,1,1
227,14,232,480,7,5,1,1,1
227,16,218,504,7,6,1,1,1
227,17,214,489,9,6,1,1,1
227,18,195,507,10,4,1,1,1
228,7,498,225,10,9,1,1,1
228,13,235,491,7,6,1,1,1
228,14,232,480,7,5,1,1,1
228,16,218,504,7,6,1,1,1
228,17,214,489,9,6,1,1,1
228,18,195,507,10,4,1,1,1
229,7,498,225,10,9,1,1,1
229,13,235,492,7,6,1,1,1
229,14,233,480,6,5,1,1,1
229,16,217,505,6,6,1,1,1
229,17,216,488,8,6,1,1,1
229,18,195,505,11,6,1,1,1
230,7,498,225,10,9,1,1,1
230,13,235,492,7,6,1,1,1
230,14,233,480,6,5,1,1,1
230,16,217,505,6,6,1,1,1
230,17,216,488,8,6,1,1,1
230,18,195,505,11,6,1,1,1
231,13,234,493,7,6,1,1,1
231,14,234,480,7,6,1,1,1
231,16,215,506,6,5,1,1,1
231,17,218,487,8,5,1,1,1
231,18,195,504,12,6,1,1,1
232,13,234,493,7,6,1,1,1
232,14,234,480,7,6,1,1,1
232,16,215,506,6,5,1,1,1
232,17,218,487,8,5,1,1,1
232,18,195,504,12,6,1,1,1
233,13,233,494,7,6,1,1,1
233,14,234,480,8,6,1,1,1
233,16,213,507,6,4,1,1,1
233,17,219,486,8,5,1,1,1
233,18,196,503,12,6,1,1,1
234,13,233,494,7,6,1,1,1
234,14,234,480,8,6,1,1,1
234,16,213,507,6,4,1,1,1
234,17,219,486,8,5,1,1,1
234,18,196,503,12,6,1,1,1
235,13,232,495,7,6,1,1,1
235,14,235,480,8,6,1,1,1
235,16,212,508,6,3,1,1,1
235,17,221,485,8,5,1,1,1
235,18,197,502,12,6,1,1,1
236,13,232,495,7,6,1,1,1
236,14,235,480,8,6,1,1,1
236,16,212,508,6,3,1,1,1
236,17,221,485,8,5,1,1,1
236,18,197,502,12,6,1,1,1
237,13,231,497,7,6,1,1,1
237,14,237,481,6,5,1,1,1
237,17,222,484,8,6,1,1,1
237,18,199,501,11,6,1,1,1
237,19,493,225,11,9,1,1,1
238,13,231,497,7,6,1,1,1
238,14,237,481,6,5,1,1,1
238,17,222,484,8,6,1,1,1
238,18,199,501,11,6,1,1,1
238,19,493,225,11,9,1,1,1
239,13,229,498,7,6,1,1,1
239,14,237,481,7,6,1,1,1
239,17,224,483,8,6,1,1,1
239,18,200,500,11,6,1,1,1
239,19,492,225,11,9,1,1,1
240,13,229,498,7,6,1,1,1
240,14,237,481,7,6,1,1,1
240,17,224,483,8,6,1,1,1
240,18,200,500,11,6,1,1,1
240,19,492,225,11,9,1,1,1
241,13,228,499,7,6,1,1,1
241,14,237,481,8,7,1,1,1
241,17,225,482,8,6,1,1,1
241,18,201,499,11,6,1,1,1
241,19,491,225,11,9,1,1,1
242,13,228,499,7,6,1,1,1
242,14,237,481,8,7,1,1,1
242,17,225,482,8,6,1,1,1
242,18,201,499,11,6,1,1,1
242,19,491,225,11,9,1,1,1
243,13,227,500,7,6,1,1,1
243,14,237,482,8,6,1,1,1
243,17,226,481,9,7,1,1,1
243,18,202,497,12,7,1,1,1
243,19,490,225,11,9,1,1,1
244,13,227,500,7,6,1,1,1
244,14,237,482,8,6,1,1,1
244,17,226,481,9,7,1,1,1
244,18,202,497,12,7,1,1,1
244,19,490,225,11,9,1,1,1
245,13,225,501,7,6,1,1,1
245,14,238,483,7,5,1,1,1
245,17,228,481,8,6,1,1,1
245,18,204,496,10,6,1,1,1
245,19,489,225,12,9,1,1,1
246,13,225,501,7,6,1,1,1
246,14,238,483,7,5,1,1,1
246,17,228,481,8,6,1,1,1
246,18,204,496,10,6,1,1,1
246,19,489,225,12,9,1,1,1
247,13,224,502,7,6,1,1,1
247,14,239,484,6,5,1,1,1
247,17,230,481,7,6,1,1,1
247,18,206,495,9,6,1,1,1
247,19,489,225,12,10,1,1,1
248,13,224,502,7,6,1,1,1
248,14,239,484,6,5,1,1,1
248,17,230,481,7,6,1,1,1
248,18,206,495,9,6,1,1,1
248,19,489,225,12,10,1,1,1
249,13,223,503,7,6,1,1,1
249,14,239,484,7,6,1,1,1
249,17,231,480,8,6,1,1,1
249,18,207,494,9,6,1,1,1
249,19,488,225,12,10,1,1,1
250,13,223,503,7,6,1,1,1
250,14,239,484,7,6,1,1,1
250,17,231,480,8,6,1,1,1
250,18,207,494,9,6,1,1,1
250,19,488,225,12,10,1,1,1
251,13,221,504,7,6,1,1,1
251,14,238,485,8,6,1,1,1
251,17,233,480,7,5,1,1,1
251,18,209,493,8,6,1,1,1
251,19,488,225,12,10,1,1,1
252,13,221,504,7,6,1,1,1
252,14,238,485,8,6,1,1,1
252,17,233,480,7,5,1,1,1
252,18,209,493,8,6,1,1,1
252,19,488,225,12,10,1,1,1
253,13,220,505,6,6,1,1,1
253,14,238,486,8,6,1,1,1
253,17,234,479,8,6,1,1,1
253,18,209,492,10,6,1,1,1
253,19,488,225,11,10,1,1,1
253,20,199,507,8,4,1,1,1
254,13,220,505,6,6,1,1,1
254,14,238,486,8,6,1,1,1
254,17,234,479,8,6,1,1,1
254,18,209,492,10,6,1,1,1
254,19,488,225,11,10,1,1,1
254,20,199,507,8,4,1,1,1
255,13,218,506,6,5,1,1,1
255,14,238,487,7,6,1,1,1
255,17,235,479,8,6,1,1,1
255,18,211,491,9,6,1,1,1
255,19,487,225,12,10,1,1,1
255,20,200,506,7,5,1,1,1
256,13,218,506,6,5,1,1,1
256,14,238,487,7,6,1,1,1
256,17,235,479,8,6,1,1,1
256,18,211,491,9,6,1,1,1
256,19,487,225,12,10,1,1,1
256,20,200,506,7,5,1,1,1
257,13,217,507,6,4,1,1,1
257,14,237,488,7,6,1,1,1
257,17,236,479,8,6,1,1,1
257,18,212,489,9,7,1,1,1
257,19,487,225,12,10,1,1,1
257,20,200,505,8,6,1,1,1
258,13,217,507,6,4,1,1,1
258,14,237,488,7,6,1,1,1
258,17,236,479,8,6,1,1,1
258,18,212,489,9,7,1,1,1
258,19,487,225,12,10,1,1,1
258,20,200,505,8,6,1,1,1
259,14,236,489,7,6,1,1,1
259,17,237,479,8,6,1,1,1
259,18,213,488,9,7,1,1,1
259,19,487,225,12,10,1,1,1
259,20,200,504,9,6,1,1,1
260,14,236,489,7,6,1,1,1
260,17,237,479,8,6,1,1,1
260,18,213,488,9,7,1,1,1
260,19,487,225,12,10,1,1,1
260,20,200,504,9,6,1,1,1
261,14,236,490,7,6,1,1,1
261,17,238,479,8,6,1,1,1
261,18,215,487,9,7,1,1,1
261,20,201,503,9,6,1,1,1
262,14,236,490,7,6,1,1,1
262,17,238,479,8,6,1,1,1
262,18,215,487,9,7,1,1,1
262,20,201,503,9,6,1,1,1
263,14,235,491,7,6,1,1,1
263,17,239,479,7,6,1,1,1
263,18,217,486,8,7,1,1,1
263,20,201,501,9,6,1,1,1
264,14,235,491,7,6,1,1,1
264,17,239,479,7,6,1,1,1
264,18,217,486,8,7,1,1,1
264,20,201,501,9,6,1,1,1
265,14,234,492,7,6,1,1,1
265,17,239,479,8,6,1,1,1
265,18,218,486,8,6,1,1,1
265,20,202,500,9,6,1,1,1
266,14,234,492,7,6,1,1,1
266,17,239,479,8,6,1,1,1
266,18,218,486,8,6,1,1,1
266,20,202,500,9,6,1,1,1
267,14,233,493,7,6,1,1,1
267,17,240,480,7,5,1,1,1
267,18,219,485,8,6,1,1,1
267,19,487,225,12,10,1,1,1
267,20,203,499,9,6,1,1,1
268,14,233,493,7,6,1,1,1
268,17,240,480,7,5,1,1,1
268,18,219,485,8,6,1,1,1
268,19,487,225,12,10,1,1,1
268,20,203,499,9,6,1,1,1
269,14,231,494,8,6,1,1,1
269,17,241,480,7,6,1,1,1
269,18,221,484,8,6,1,1,1
269,19,488,225,11,10,1,1,1
269,20,204,497,9,7,1,1,1
270,14,231,494,8,6,1,1,1
270,17,241,480,7,6,1,1,1
270,18,221,484,8,6,1,1,1
270,19,488,225,11,10,1,1,1
270,20,204,497,9,7,1,1,1
271,14,230,495,8,6,1,1,1
271,17,241,480,7,6,1,1,1
271,18,222,484,8,6,1,1,1
271,19,488,225,12,10,1,1,1
271,20,204,496,10,7,1,1,1
272,14,230,495,8,6,1,1,1
272,17,241,480,7,6,1,1,1
272,18,222,484,8,6,1,1,1
272,19,488,225,12,10,1,1,1
272,20,204,496,10,7,1,1,1
273,14,229,497,7,5,1,1,1
273,17,241,481,7,6,1,1,1
273,18,223,483,8,6,1,1,1
273,19,488,225,11,10,1,1,1
273,20,206,495,8,6,1,1,1
274,14,229,497,7,5,1,1,1
274,17,241,481,7,6,1,1,1
274,18,223,483,8,6,1,1,1
274,19,488,225,11,10,1,1,1
274,20,206,495,8,6,1,1,1
275,14,228,498,7,5,1,1,1
275,17,241,481,7,6,1,1,1
275,18,225,483,8,5,1,1,1
275,19,488,225,11,10,1,1,1
275,20,207,494,8,6,1,1,1
276,14,228,498,7,5,1,1,1
276,17,241,481,7,6,1,1,1
276,18,225,483,8,5,1,1,1
276,19,488,225,11,10,1,1,1
276,20,207,494,8,6,1,1,1
277,14,227,498,7,6,1,1,1
277,17,241,482,7,6,1,1,1
277,18,226,482,8,6,1,1,1
277,19,488,225,11,10,1,1,1
277,20,207,493,8,6,1,1,1
278,14,227,498,7,6,1,1,1
278,17,241,482,7,6,1,1,1
278,18,226,482,8,6,1,1,1
278,19,488,225,11,10,1,1,1
278,20,207,493,8,6,1,1,1
279,14,225,499,7,6,1,1,1
279,17,240,482,8,6,1,1,1
279,18,228,482,7,5,1,1,1
279,19,488,225,12,10,1,1,1
279,20,208,491,8,7,1,1,1
280,14,225,499,7,6,1,1,1
280,17,240,482,8,6,1,1,1
280,18,228,482,7,5,1,1,1
280,19,488,225,12,10,1,1,1
280,20,208,491,8,7,1,1,1
281,14,224,501,7,5,1,1,1
281,17,239,483,9,7,1,1,1
281,18,229,481,8,6,1,1,1
281,19,488,225,12,10,1,1,1
281,20,209,490,8,7,1,1,1
282,14,224,501,7,5,1,1,1
282,17,239,483,9,7,1,1,1
282,18,229,481,8,6,1,1,1
282,19,488,225,12,10,1,1,1
282,20,209,490,8,7,1,1,1
283,14,222,502,7,5,1,1,1
283,17,239,484,8,6,1,1,1
283,18,230,481,8,6,1,1,1
283,19,488,224,12,11,1,1,1
283,20,210,489,8,7,1,1,1
284,14,222,502,7,5,1,1,1
284,17,239,484,8,6,1,1,1
284,18,230,481,8,6,1,1,1
284,19,488,224,12,11,1,1,1
284,20,210,489,8,7,1,1,1
285,14,221,503,7,5,1,1,1
285,17,239,485,7,6,1,1,1
285,18,231,481,8,6,1,1,1
285,19,488,224,12,10,1,1,1
285,20,211,488,8,7,1,1,1
285,21,198,507,8,4,1,1,1
286,14,221,503,7,5,1,1,1
286,17,239,485,7,6,1,1,1
286,18,231,481,8,6,1,1,1
286,19,488,224,12,10,1,1,1
286,20,211,488,8,7,1,1,1
286,21,198,507,8,4,1,1,1
287,14,219,503,7,6,1,1,1
287,17,238,486,7,6,1,1,1
287,18,232,481,8,6,1,1,1
287,19,488,224,11,10,1,1,1
287,20,212,487,8,7,1,1,1
287,21,198,506,8,5,1,1,1
288,14,219,503,7,6,1,1,1
288,17,238,486,7,6,1,1,1
288,18,232,481,8,6,1,1,1
288,19,488,224,11,10,1,1,1
288,20,212,487,8,7,1,1,1
288,21,198,506,8,5,1,1,1
289,14,218,504,7,6,1,1,1
289,17,237,487,7,6,1,1,1
289,18,233,481,8,6,1,1,1
289,19,488,224,11,10,1,1,1
289,20,213,486,8,7,1,1,1
289,21,198,505,8,6,1,1,1
290,14,218,504,7,6,1,1,1
290,17,237,487,7,6,1,1,1
290,18,233,481,8,6,1,1,1
290,19,488,224,11,10,1,1,1
290,20,213,486,8,7,1,1,1
290,21,198,505,8,6,1,1,1
291,14,217,505,6,6,1,1,1
291,17,236,488,7,6,1,1,1
291,18,234,481,8,6,1,1,1
291,19,488,224,11,10,1,1,1
291,20,214,485,8,7,1,1,1
291,21,198,504,9,6,1,1,1
292,14,217,505,6,6,1,1,1
292,17,236,488,7,6,1,1,1
292,18,234,481,8,6,1,1,1
292,19,488,224,11,10,1,1,1
292,20,214,485,8,7,1,1,1
292,21,198,504,9,6,1,1,1
293,14,215,506,6,5,1,1,1
293,17,235,489,7,6,1,1,1
293,18,235,481,8,6,1,1,1
293,19,488,224,11,10,1,1,1
293,20,215,484,8,7,1,1,1
293,21,199,503,8,6,1,1,1
294,14,215,506,6,5,1,1,1
294,17,235,489,7,6,1,1,1
294,18,235,481,8,6,1,1,1
294,19,488,224,11,10,1,1,1
294,20,215,484,8,7,1,1,1
294,21,199,503,8,6,1,1,1
295,14,214,507,6,4,1,1,1
295,17,233,490,7,6,1,1,1
295,18,236,481,7,6,1,1,1
295,19,488,224,12,10,1,1,1
295,20,217,483,6,6,1,1,1
295,21,199,502,8,6,1,1,1
296,14,214,507,6,4,1,1,1
296,17,233,490,7,6,1,1,1
296,18,236,481,7,6,1,1,1
296,19,488,224,12,10,1,1,1
296,20,217,483,6,6,1,1,1
296,21,199,502,8,6,1,1,1
297,14,212,508,7,3,1,1,1
297,17,233,491,6,6,1,1,1
297,18,237,482,7,5,1,1,1
297,19,488,224,12,10,1,1,1
297,20,217,482,8,6,1,1,1
297,21,199,502,9,5,1,1,1
298,14,212,508,7,3,1,1,1
298,17,233,491,6,6,1,1,1
298,18,237,482,7,5,1,1,1
298,19,488,224,12,10,1,1,1
298,20,217,482,8,6,1,1,1
298,21,199,502,9,5,1,1,1
299,17,231,492,7,6,1,1,1
299,18,238,482,7,6,1,1,1
299,20,218,481,8,6,1,1,1
299,21,200,501,8,6,1,1,1
300,17,231,492,7,6,1,1,1
300,18,238,482,7,6,1,1,1
300,20,218,481,8,6,1,1,1
300,21,200,501,8,6,1,1,1
301,17,230,493,7,6,1,1,1
301,18,238,482,7,6,1,1,1
301,20,220,480,7,6,1,1,1
301,21,200,500,9,6,1,1,1
302,17,230,493,7,6,1,1,1
302,18,238,482,7,6,1,1,1
302,20,220,480,7,6,1,1,1
302,21,200,500,9,6,1,1,1
303,17,229,494,7,6,1,1,1
303,18,239,483,6,5,1,1,1
303,20,221,480,7,5,1,1,1
303,21,201,499,8,6,1,1,1
304,17,229,494,7,6,1,1,1
304,18,239,483,6,5,1,1,1
304,20,221,480,7,5,1,1,1
304,21,201,499,8,6,1,1,1
305,17,227,495,7,6,1,1,1
305,18,239,483,7,6,1,1,1
305,20,223,479,6,6,1,1,1
305,21,202,498,8,6,1,1,1
306,17,227,495,7,6,1,1,1
306,18,239,483,7,6,1,1,1
306,20,223,479,6,6,1,1,1
306,21,202,498,8,6,1,1,1
307,17,226,496,7,6,1,1,1
307,18,239,483,7,6,1,1,1
307,20,223,478,8,6,1,1,1
307,21,202,497,8,6,1,1,1
308,17,226,496,7,6,1,1,1
308,18,239,483,7,6,1,1,1
308,20,223,478,8,6,1,1,1
308,21,202,497,8,6,1,1,1
309,17,225,497,7,6,1,1,1
309,18,239,484,7,5,1,1,1
309,20,224,478,8,6,1,1,1
309,21,203,496,8,6,1,1,1
310,17,225,497,7,6,1,1,1
310,18,239,484,7,5,1,1,1
310,20,224,478,8,6,1,1,1
310,21,203,496,8,6,1,1,1
311,17,223,498,7,6,1,1,1
311,18,239,484,7,6,1,1,1
311,20,226,477,8,6,1,1,1
311,21,204,495,8,6,1,1,1
312,17,223,498,7,6,1,1,1
312,18,239,484,7,6,1,1,1
312,20,226,477,8,6,1,1,1
312,21,204,495,8,6,1,1,1
313,17,222,499,8,6,1,1,1
313,18,239,485,7,6,1,1,1
313,19,487,224,12,10,1,1,1
313,20,227,477,8,6,1,1,1
313,21,205,494,7,6,1,1,1
314,17,222,499,8,6,1,1,1
314,18,239,485,7,6,1,1,1
314,19,487,224,12,10,1,1,1
314,20,227,477,8,6,1,1,1
314,21,205,494,7,6,1,1,1
315,17,221,500,7,6,1,1,1
315,18,239,486,6,5,1,1,1
315,19,487,224,12,10,1,1,1
315,20,229,476,7,6,1,1,1
315,21,206,493,8,6,1,1,1
316,17,221,500,7,6,1,1,1
316,18,239,486,6,5,1,1,1
316,19,487,224,12,10,1,1,1
316,20,229,476,7,6,1,1,1
316,21,206,493,8,6,1,1,1
317,17,220,501,7,6,1,1,1
317,18,238,486,7,6,1,1,1
317,19,487,224,12,10,1,1,1
317,20,230,476,8,6,1,1,1
317,21,207,493,7,5,1,1,1
318,17,220,501,7,6,1,1,1
318,18,238,486,7,6,1,1,1
318,19,487,224,12,10,1,1,1
318,20,230,476,8,6,1,1,1
318,21,207,493,7,5,1,1,1
319,17,218,502,7,6,1,1,1
319,18,238,487,7,6,1,1,1
319,20,231,476,8,6,1,1,1
319,21,209,492,6,5,1,1,1
320,17,218,502,7,6,1,1,1
320,18,238,487,7,6,1,1,1
320,20,231,476,8,6,1,1,1
320,21,209,492,6,5,1,1,1
321,17,217,503,6,6,1,1,1
321,18,238,488,6,6,1,1,1
321,20,232,476,8,6,1,1,1
321,21,210,491,7,5,1,1,1
322,17,217,503,6,6,1,1,1
322,18,238,488,6,6,1,1,1
322,20,232,476,8,6,1,1,1
322,21,210,491,7,5,1,1,1
323,17,216,504,6,6,1,1,1
323,18,237,489,6,5,1,1,1
323,20,233,475,8,6,1,1,1
323,21,211,490,7,5,1,1,1
324,17,216,504,6,6,1,1,1
324,18,237,489,6,5,1,1,1
324,20,233,475,8,6,1,1,1
324,21,211,490,7,5,1,1,1
325,17,214,505,7,6,1,1,1
325,18,236,490,7,5,1,1,1
325,19,487,224,12,10,1,1,1
325,20,234,475,8,6,1,1,1
325,21,212,489,8,6,1,1,1
326,17,214,505,7,6,1,1,1
326,18,236,490,7,5,1,1,1
326,19,487,224,12,10,1,1,1
326,20,234,475,8,6,1,1,1
326,21,212,489,8,6,1,1,1
327,17,213,506,7,5,1,1,1
327,18,236,490,7,6,1,1,1
327,19,487,224,12,10,1,1,1
327,20,235,475,7,6,1,1,1
327,21,214,488,7,6,1,1,1
328,17,213,506,7,5,1,1,1
328,18,236,490,7,6,1,1,1
328,19,487,224,12,10,1,1,1
328,20,235,475,7,6,1,1,1
328,21,214,488,7,6,1,1,1
329,17,212,507,6,4,1,1,1
329,18,235,491,7,6,1,1,1
329,19,488,224,11,10,1,1,1
329,20,236,475,7,6,1,1,1
329,21,215,487,8,6,1,1,1
329,22,200,506,9,5,1,1,1
330,17,212,507,6,4,1,1,1
330,18,235,491,7,6,1,1,1
330,19,488,224,11,10,1,1,1
330,20,236,475,7,6,1,1,1
330,21,215,487,8,6,1,1,1
330,22,200,506,9,5,1,1,1
331,17,211,507,6,4,1,1,1
331,18,234,492,7,5,1,1,1
331,19,488,224,11,10,1,1,1
331,20,237,475,7,6,1,1,1
331,21,216,486,8,6,1,1,1
331,22,201,505,8,6,1,1,1
332,17,211,507,6,4,1,1,1
332,18,234,492,7,5,1,1,1
332,19,488,224,11,10,1,1,1
332,20,237,475,7,6,1,1,1
332,21,216,486,8,6,1,1,1
332,22,201,505,8,6,1,1,1
333,18,233,492,7,6,1,1,1
333,19,488,224,11,10,1,1,1
333,20,237,475,8,6,1,1,1
333,21,218,486,6,6,1,1,1
333,22,201,505,8,6,1,1,1
334,18,233,492,7,6,1,1,1
334,19,488,224,11,10,1,1,1
334,20,237,475,8,6,1,1,1
334,21,218,486,6,6,1,1,1
334,22,201,505,8,6,1,1,1
335,18,232,493,8,6,1,1,1
335,19,488,224,11,10,1,1,1
335,20,238,475,8,6,1,1,1
335,21,219,485,7,6,1,1,1
335,22,202,504,8,6,1,1,1
336,18,232,493,8,6,1,1,1
336,19,488,224,11,10,1,1,1
336,20,238,475,8,6,1,1,1
336,21,219,485,7,6,1,1,1
336,22,202,504,8,6,1,1,1
337,18,232,494,7,6,1,1,1
337,19,489,224,10,10,1,1,1
337,20,239,475,7,6,1,1,1
337,21,220,484,7,6,1,1,1
337,22,203,503,7,6,1,1,1
338,18,232,494,7,6,1,1,1
338,19,489,224,10,10,1,1,1
338,20,239,475,7,6,1,1,1
338,21,220,484,7,6,1,1,1
338,22,203,503,7,6,1,1,1
339,18,231,495,7,6,1,1,1
339,20,239,476,7,5,1,1,1
339,21,222,483,7,6,1,1,1
339,22,203,503,8,5,1,1,1
340,18,231,495,7,6,1,1,1
340,20,239,476,7,5,1,1,1
340,21,222,483,7,6,1,1,1
340,22,203,503,8,5,1,1,1
341,18,230,496,7,5,1,1,1
341,19,489,224,10,10,1,1,1
341,20,239,476,7,5,1,1,1
341,21,223,483,7,6,1,1,1
341,22,203,502,8,6,1,1,1
342,18,230,496,7,5,1,1,1
342,19,489,224,10,10,1,1,1
342,20,239,476,7,5,1,1,1
342,21,223,483,7,6,1,1,1
342,22,203,502,8,6,1,1,1
343,18,229,496,8,6,1,1,1
343,19,489,224,10,10,1,1,1
343,20,240,476,7,6,1,1,1
343,21,224,482,7,6,1,1,1
343,22,204,501,8,6,1,1,1
344,18,229,496,8,6,1,1,1
344,19,489,224,10,10,1,1,1
344,20,240,476,7,6,1,1,1
344,21,224,482,7,6,1,1,1
344,22,204,501,8,6,1,1,1
345,18,229,497,7,6,1,1,1
345,19,489,224,10,10,1,1,1
345,20,240,476,7,6,1,1,1
345,21,225,482,8,6,1,1,1
345,22,204,500,8,6,1,1,1
346,18,229,497,7,6,1,1,1
346,19,489,224,10,10,1,1,1
346,20,240,476,7,6,1,1,1
346,21,225,482,8,6,1,1,1
346,22,204,500,8,6,1,1,1
347,18,228,498,7,6,1,1,1
347,19,489,224,10,10,1,1,1
347,20,240,476,7,6,1,1,1
347,21,226,481,8,7,1,1,1
347,22,204,499,8,6,1,1,1
348,18,228,498,7,6,1,1,1
348,19,489,224,10,10,1,1,1
348,20,240,476,7,6,1,1,1
348,21,226,481,8,7,1,1,1
348,22,204,499,8,6,1,1,1
349,18,227,498,7,6,1,1,1
349,19,489,224,10,10,1,1,1
349,20,240,477,7,6,1,1,1
349,21,228,481,7,6,1,1,1
349,22,205,498,8,6,1,1,1
350,18,227,498,7,6,1,1,1
350,19,489,224,10,10,1,1,1
350,20,240,477,7,6,1,1,1
350,21,228,481,7,6,1,1,1
350,22,205,498,8,6,1,1,1
351,18,226,499,7,6,1,1,1
351,19,489,224,10,10,1,1,1
351,20,240,477,7,6,1,1,1
351,21,229,481,7,5,1,1,1
351,22,205,498,8,6,1,1,1
352,18,226,499,7,6,1,1,1
352,19,489,224,10,10,1,1,1
352,20,240,477,7,6,1,1,1
352,21,229,481,7,5,1,1,1
352,22,205,498,8,6,1,1,1
353,18,225,499,7,6,1,1,1
353,19,489,224,10,10,1,1,1
353,20,240,478,7,5,1,1,1
353,21,230,480,7,6,1,1,1
353,22,206,497,7,6,1,1,1
354,18,225,499,7,6,1,1,1
354,19,489,224,10,10,1,1,1
354,20,240,478,7,5,1,1,1
354,21,230,480,7,6,1,1,1
354,22,206,497,7,6,1,1,1
355,18,224,500,8,6,1,1,1
355,19,489,224,10,10,1,1,1
355,20,240,478,7,6,1,1,1
355,21,231,480,7,6,1,1,1
355,22,206,496,8,6,1,1,1
356,18,224,500,8,6,1,1,1
356,19,489,224,10,10,1,1,1
356,20,240,478,7,6,1,1,1
356,21,231,480,7,6,1,1,1
356,22,206,496,8,6,1,1,1
357,18,223,501,8,6,1,1,1
357,19,489,224,10,10,1,1,1
357,20,240,479,8,6,1,1,1
357,21,232,479,7,6,1,1,1
357,22,206,496,8,6,1,1,1
358,18,223,501,8,6,1,1,1
358,19,489,224,10,10,1,1,1
358,20,240,479,8,6,1,1,1
358,21,232,479,7,6,1,1,1
358,22,206,496,8,6,1,1,1
359,18,223,501,7,7,1,1,1
359,19,489,224,10,10,1,1,1
359,20,240,479,8,6,1,1,1
359,21,232,479,8,6,1,1,1
359,22,207,495,8,6,1,1,1
360,18,223,501,7,7,1,1,1
360,19,489,224,10,10,1,1,1
360,20,240,479,8,6,1,1,1
360,21,232,479,8,6,1,1,1
360,22,207,495,8,6,1,1,1
361,18,222,502,7,6,1,1,1
361,19,489,224,11,10,1,1,1
361,20,240,479,8,7,1,1,1
361,21,234,479,6,6,1,1,1
361,22,208,495,7,6,1,1,1
362,18,222,502,7,6,1,1,1
362,19,489,224,11,10,1,1,1
362,20,240,479,8,7,1,1,1
362,21,234,479,6,6,1,1,1
362,22,208,495,7,6,1,1,1
363,18,221,503,7,6,1,1,1
363,21,234,479,8,5,1,1,1
363,22,209,494,6,6,1,1,1
364,18,221,503,7,6,1,1,1
364,21,234,479,8,5,1,1,1
364,22,209,494,6,6,1,1,1
365,18,221,503,6,6,1,1,1
365,21,235,478,8,7,1,1,1
365,22,209,494,7,5,1,1,1
366,18,221,503,6,6,1,1,1
366,21,235,478,8,7,1,1,1
366,22,209,494,7,5,1,1,1
367,18,220,504,7,5,1,1,1
367,21,236,478,8,7,1,1,1
367,22,210,493,7,6,1,1,1
368,18,220,504,7,5,1,1,1
368,21,236,478,8,7,1,1,1
368,22,210,493,7,6,1,1,1
369,18,219,504,7,6,1,1,1
369,22,211,492,7,6,1,1,1
369,23,238,482,7,6,1,1,1
370,18,219,504,7,6,1,1,1
370,22,211,492,7,6,1,1,1
370,23,238,482,7,6,1,1,1
371,18,218,505,7,6,1,1,1
371,22,212,491,7,6,1,1,1
371,23,238,482,7,6,1,1,1
372,18,218,505,7,6,1,1,1
372,22,212,491,7,6,1,1,1
372,23,238,482,7,6,1,1,1
373,18,217,505,6,6,1,1,1
373,19,489,224,10,10,1,1,1
373,22,213,491,7,6,1,1,1
373,23,238,483,7,6,1,1,1
374,18,217,505,6,6,1,1,1
374,19,489,224,10,10,1,1,1
374,22,213,491,7,6,1,1,1
374,23,238,483,7,6,1,1,1
375,18,216,506,7,5,1,1,1
375,19,489,224,10,10,1,1,1
375,22,214,490,7,6,1,1,1
375,23,237,483,7,6,1,1,1
375,24,198,507,7,4,1,1,1
376,18,216,506,7,5,1,1,1
376,19,489,224,10,10,1,1,1
376,22,214,490,7,6,1,1,1
376,23,237,483,7,6,1,1,1
376,24,198,507,7,4,1,1,1
377,18,215,506,6,5,1,1,1
377,22,215,490,8,6,1,1,1
377,23,237,484,6,6,1,1,1
377,24,197,506,8,5,1,1,1
378,18,215,506,6,5,1,1,1
378,22,215,490,8,6,1,1,1
378,23,237,484,6,6,1,1,1
378,24,197,506,8,5,1,1,1
379,18,214,507,6,4,1,1,1
379,21,240,477,7,6,1,1,1
379,22,216,489,8,7,1,1,1
379,23,237,485,6,5,1,1,1
379,24,197,505,8,6,1,1,1
380,18,214,507,6,4,1,1,1
380,21,240,477,7,6,1,1,1
380,22,216,489,8,7,1,1,1
380,23,237,485,6,5,1,1,1
380,24,197,505,8,6,1,1,1
381,18,213,507,6,4,1,1,1
381,19,489,224,10,10,1,1,1
381,21,240,477,7,6,1,1,1
381,22,217,489,7,6,1,1,1
381,23,236,485,6,6,1,1,1
381,24,197,505,8,6,1,1,1
382,18,213,507,6,4,1,1,1
382,19,489,224,10,10,1,1,1
382,21,240,477,7,6,1,1,1
382,22,217,489,7,6,1,1,1
382,23,236,485,6,6,1,1,1
382,24,197,505,8,6,1,1,1
383,19,489,224,10,10,1,1,1
383,21,240,477,7,6,1,1,1
383,22,218,489,7,5,1,1,1
383,23,236,486,6,5,1,1,1
383,24,197,505,8,6,1,1,1
384,19,489,224,10,10,1,1,1
384,21,240,477,7,6,1,1,1
384,22,218,489,7,5,1,1,1
384,23,236,486,6,5,1,1,1
384,24,197,505,8,6,1,1,1
385,19,489,224,10,10,1,1,1
385,21,240,477,8,6,1,1,1
385,22,219,488,7,6,1,1,1
385,23,236,486,6,6,1,1,1
385,24,198,504,8,6,1,1,1
386,19,489,224,10,10,1,1,1
386,21,240,477,8,6,1,1,1
386,22,219,488,7,6,1,1,1
386,23,236,486,6,6,1,1,1
386,24,198,504,8,6,1,1,1
387,21,241,478,7,5,1,1,1
387,22,220,488,7,5,1,1,1
387,23,235,487,7,5,1,1,1
387,24,198,504,8,5,1,1,1
388,21,241,478,7,5,1,1,1
388,22,220,488,7,5,1,1,1
388,23,235,487,7,5,1,1,1
388,24,198,504,8,5,1,1,1
389,21,241,478,6,5,1,1,1
389,22,220,487,8,6,1,1,1
389,23,235,487,6,6,1,1,1
389,24,198,503,8,6,1,1,1
390,21,241,478,6,5,1,1,1
390,22,220,487,8,6,1,1,1
390,23,235,487,6,6,1,1,1
390,24,198,503,8,6,1,1,1
391,20,240,479,8,6,1,1,1
391,21,242,478,6,5,1,1,1
391,22,221,487,7,6,1,1,1
391,23,234,488,7,5,1,1,1
391,24,199,503,7,6,1,1,1
392,20,240,479,8,6,1,1,1
392,21,242,478,6,5,1,1,1
392,22,221,487,7,6,1,1,1
392,23,234,488,7,5,1,1,1
392,24,199,503,7,6,1,1,1
393,20,240,479,8,6,1,1,1
393,22,222,487,7,5,1,1,1
393,23,234,488,7,6,1,1,1
393,24,199,503,8,5,1,1,1
394,20,240,479,8,6,1,1,1
394,22,222,487,7,5,1,1,1
394,23,234,488,7,6,1,1,1
394,24,199,503,8,5,1,1,1
395,20,241,478,7,6,1,1,1
395,22,223,486,6,6,1,1,1
395,23,234,489,6,5,1,1,1
395,24,199,502,8,6,1,1,1
396,20,241,478,7,6,1,1,1
396,22,223,486,6,6,1,1,1
396,23,234,489,6,5,1,1,1
396,24,199,502,8,6,1,1,1
397,19,489,224,10,10,1,1,1
397,20,241,478,7,6,1,1,1
397,22,223,486,7,5,1,1,1
397,23,233,489,7,6,1,1,1
397,24,199,502,8,5,1,1,1
398,19,489,224,10,10,1,1,1
398,20,241,478,7,6,1,1,1
398,22,223,486,7,5,1,1,1
398,23,233,489,7,6,1,1,1
398,24,199,502,8,5,1,1,1
399,19,489,224,10,10,1,1,1
399,20,241,478,7,6,1,1,1
399,22,223,485,8,6,1,1,1
399,23,233,490,6,5,1,1,1
399,24,200,501,7,6,1,1,1
400,19,489,224,10,10,1,1,1
400,20,241,478,7,6,1,1,1
400,22,223,485,8,6,1,1,1
400,23,233,490,6,5,1,1,1
400,24,200,501,7,6,1,1,1
401,19,489,224,10,10,1,1,1
401,20,240,478,8,6,1,1,1
401,22,224,485,7,6,1,1,1
401,23,232,490,7,6,1,1,1
401,24,200,501,7,6,1,1,1
402,19,489,224,10,10,1,1,1
402,20,240,478,8,6,1,1,1
402,22,224,485,7,6,1,1,1
402,23,232,490,7,6,1,1,1
402,24,200,501,7,6,1,1,1
403,19,489,224,10,10,1,1,1
403,20,240,478,8,6,1,1,1
403,22,225,485,6,6,1,1,1
403,23,232,491,6,5,1,1,1
403,24,200,501,7,5,1,1,1
404,19,489,224,10,10,1,1,1
404,20,240,478,8,6,1,1,1
404,22,225,485,6,6,1,1,1
404,23,232,491,6,5,1,1,1
404,24,200,501,7,5,1,1,1
405,19,489,224,10,10,1,1,1
405,20,240,478,8,6,1,1,1
405,22,225,485,7,5,1,1,1
405,23,231,491,7,6,1,1,1
405,24,200,500,7,6,1,1,1
406,19,489,224,10,10,1,1,1
406,20,240,478,8,6,1,1,1
406,22,225,485,7,5,1,1,1
406,23,231,491,7,6,1,1,1
406,24,200,500,7,6,1,1,1
407,19,489,224,10,10,1,1,1
407,20,240,478,8,7,1,1,1
407,22,226,484,7,6,1,1,1
407,23,231,492,6,5,1,1,1
407,24,200,500,7,6,1,1,1
408,19,489,224,10,10,1,1,1
408,20,240,478,8,7,1,1,1
408,22,226,484,7,6,1,1,1
408,23,231,492,6,5,1,1,1
408,24,200,500,7,6,1,1,1
409,19,489,224,10,10,1,1,1
409,20,240,478,8,7,1,1,1
409,22,226,484,7,6,1,1,1
409,23,230,492,6,5,1,1,1
409,24,200,500,7,5,1,1,1
410,19,489,224,10,10,1,1,1
410,20,240,478,8,7,1,1,1
410,22,226,484,7,6,1,1,1
410,23,230,492,6,5,1,1,1
410,24,200,500,7,5,1,1,1
411,19,489,224,11,10,1,1,1
411,20,240,478,8,7,1,1,1
411,22,227,484,7,6,1,1,1
411,23,230,493,6,5,1,1,1
411,24,201,499,6,6,1,1,1
412,19,489,224,11,10,1,1,1
412,20,240,478,8,7,1,1,1
412,22,227,484,7,6,1,1,1
412,23,230,493,6,5,1,1,1
412,24,201,499,6,6,1,1,1
413,19,489,224,11,10,1,1,1
413,20,241,479,6,6,1,1,1
413,22,227,484,7,6,1,1,1
413,23,229,493,7,5,1,1,1
413,24,200,499,8,5,1,1,1
414,19,489,224,11,10,1,1,1
414,20,241,479,6,6,1,1,1
414,22,227,484,7,6,1,1,1
414,23,229,493,7,5,1,1,1
414,24,200,499,8,5,1,1,1
415,19,489,224,11,10,1,1,1
415,20,241,479,6,6,1,1,1
415,22,227,484,7,6,1,1,1
415,23,229,493,7,6,1,1,1
415,24,201,498,7,6,1,1,1
416,19,489,224,11,10,1,1,1
416,20,241,479,6,6,1,1,1
416,22,227,484,7,6,1,1,1
416,23,229,493,7,6,1,1,1
416,24,201,498,7,6,1,1,1
417,19,489,224,11,10,1,1,1
417,20,241,480,6,5,1,1,1
417,22,228,483,7,6,1,1,1
417,23,228,493,7,6,1,1,1
417,24,201,498,7,6,1,1,1
418,19,489,224,11,10,1,1,1
418,20,241,480,6,5,1,1,1
418,22,228,483,7,6,1,1,1
418,23,228,493,7,6,1,1,1
418,24,201,498,7,6,1,1,1
419,19,489,224,11,10,1,1,1
419,20,240,480,7,5,1,1,1
419,22,229,483,7,6,1,1,1
419,23,228,494,6,5,1,1,1
419,24,201,498,7,6,1,1,1
420,19,489,224,11,10,1,1,1
420,20,240,480,7,5,1,1,1
420,22,229,483,7,6,1,1,1
420,23,228,494,6,5,1,1,1
420,24,201,498,7,6,1,1,1
421,19,488,224,12,10,1,1,1
421,20,240,480,7,5,1,1,1
421,22,229,484,7,5,1,1,1
421,23,227,494,7,5,1,1,1
421,24,201,497,7,6,1,1,1
422,19,488,224,12,10,1,1,1
422,20,240,480,7,5,1,1,1
422,22,229,484,7,5,1,1,1
422,23,227,494,7,5,1,1,1
422,24,201,497,7,6,1,1,1
423,19,488,224,12,10,1,1,1
423,20,240,480,8,6,1,1,1
423,22,230,484,6,5,1,1,1
423,23,227,494,7,6,1,1,1
423,24,201,497,7,6,1,1,1
424,19,488,224,12,10,1,1,1
424,20,240,480,8,6,1,1,1
424,22,230,484,6,5,1,1,1
424,23,227,494,7,6,1,1,1
424,24,201,497,7,6,1,1,1
425,19,488,224,12,10,1,1,1
425,20,240,480,8,6,1,1,1
425,22,230,484,7,5,1,1,1
425,23,227,494,7,6,1,1,1
425,24,201,497,6,5,1,1,1
426,19,488,224,12,10,1,1,1
426,20,240,480,8,6,1,1,1
426,22,230,484,7,5,1,1,1
426,23,227,494,7,6,1,1,1
426,24,201,497,6,5,1,1,1
427,19,488,224,12,10,1,1,1
427,20,240,480,8,6,1,1,1
427,22,230,484,7,5,1,1,1
427,23,227,494,6,6,1,1,1
427,24,201,497,6,5,1,1,1
428,19,488,224,12,10,1,1,1
428,20,240,480,8,6,1,1,1
428,22,230,484,7,5,1,1,1
428,23,227,494,6,6,1,1,1
428,24,201,497,6,5,1,1,1
429,19,488,224,12,10,1,1,1
429,20,241,480,6,6,1,1,1
429,22,231,484,6,5,1,1,1
429,23,227,495,6,5,1,1,1
429,24,201,497,6,5,1,1,1
430,19,488,224,12,10,1,1,1
430,20,241,480,6,6,1,1,1
430,22,231,484,6,5,1,1,1
430,23,227,495,6,5,1,1,1
430,24,201,497,6,5,1,1,1
431,19,488,224,12,10,1,1,1
431,20,241,480,6,6,1,1,1
431,22,231,484,6,5,1,1,1
431,23,227,495,6,5,1,1,1
431,24,201,497,6,5,1,1,1
432,19,488,224,12,10,1,1,1
432,20,241,480,6,6,1,1,1
432,22,231,484,6,5,1,1,1
432,23,227,495,6,5,1,1,1
432,24,201,497,6,5,1,1,1
433,19,488,224,12,10,1,1,1
433,20,241,481,6,5,1,1,1
433,22,231,484,6,5,1,1,1
433,23,226,495,7,5,1,1,1
433,24,201,497,7,5,1,1,1
434,19,488,224,12,10,1,1,1
434,20,241,481,6,5,1,1,1
434,22,231,484,6,5,1,1,1
434,23,226,495,7,5,1,1,1
434,24,201,497,7,5,1,1,1
435,19,488,224,12,10,1,1,1
435,20,241,481,6,5,1,1,1
435,22,232,484,6,5,1,1,1
435,23,226,495,6,5,1,1,1
435,24,201,496,7,6,1,1,1
436,19,488,224,12,10,1,1,1
436,20,241,481,6,5,1,1,1
436,22,232,484,6,5,1,1,1
436,23,226,495,6,5,1,1,1
436,24,201,496,7,6,1,1,1
437,19,488,224,12,10,1,1,1
437,20,241,481,6,5,1,1,1
437,22,232,484,6,5,1,1,1
437,23,226,495,6,5,1,1,1
437,24,201,496,7,6,1,1,1
438,19,488,224,12,10,1,1,1
438,20,241,481,6,5,1,1,1
438,22,232,484,6,5,1,1,1
438,23,226,495,6,5,1,1,1
438,24,201,496,7,6,1,1,1
439,19,488,224,12,10,1,1,1
439,20,241,481,7,5,1,1,1
439,22,232,484,6,5,1,1,1
439,23,226,495,6,5,1,1,1
439,24,202,496,6,6,1,1,1
440,19,488,224,12,10,1,1,1
440,20,241,481,7,5,1,1,1
440,22,232,484,6,5,1,1,1
440,23,226,495,6,5,1,1,1
440,24,202,496,6,6,1,1,1
441,19,488,224,12,10,1,1,1
441,20,241,481,7,5,1,1,1
441,22,232,484,6,5,1,1,1
441,23,227,495,6,5,1,1,1
441,24,202,496,6,5,1,1,1
442,19,488,224,12,10,1,1,1
442,20,241,481,7,5,1,1,1
442,22,232,484,6,5,1,1,1
442,23,227,495,6,5,1,1,1
442,24,202,496,6,5,1,1,1
443,19,488,224,12,10,1,1,1
443,20,241,481,7,5,1,1,1
443,22,232,484,6,5,1,1,1
443,23,227,495,6,5,1,1,1
443,24,202,496,5,5,1,1,1
444,19,488,224,12,10,1,1,1
444,20,241,481,7,5,1,1,1
444,22,232,484,6,5,1,1,1
444,23,227,495,6,5,1,1,1
444,24,202,496,5,5,1,1,1
445,19,488,224,12,10,1,1,1
445,20,241,481,7,5,1,1,1
445,22,231,484,7,5,1,1,1
445,23,227,495,6,5,1,1,1
445,24,202,496,5,5,1,1,1
446,19,488,224,12,10,1,1,1
446,20,241,481,7,5,1,1,1
446,22,231,484,7,5,1,1,1
446,23,227,495,6,5,1,1,1
446,24,202,496,5,5,1,1,1
447,19,488,224,12,10,1,1,1
447,20,240,481,8,5,1,1,1
447,22,231,484,7,5,1,1,1
447,23,227,495,7,5,1,1,1
447,24,202,496,5,5,1,1,1
448,19,488,224,12,10,1,1,1
448,20,240,481,8,5,1,1,1
448,22,231,484,7,5,1,1,1
448,23,227,495,7,5,1,1,1
448,24,202,496,5,5,1,1,1
449,19,488,224,12,10,1,1,1
449,20,240,481,8,6,1,1,1
449,22,231,483,7,6,1,1,1
449,23,227,495,7,5,1,1,1
449,24,202,496,5,5,1,1,1
450,19,488,224,12,10,1,1,1
450,20,240,481,8,6,1,1,1
450,22,231,483,7,6,1,1,1
450,23,227,495,7,5,1,1,1
450,24,202,496,5,5,1,1,1
451,19,488,224,12,10,1,1,1
451,20,240,481,8,6,1,1,1
451,22,231,483,7,6,1,1,1
451,23,228,495,6,5,1,1,1
451,24,202,496,5,5,1,1,1
452,19,488,224,12,10,1,1,1
452,20,240,481,8,6,1,1,1
452,22,231,483,7,6,1,1,1
452,23,228,495,6,5,1,1,1
452,24,202,496,5,5,1,1,1
453,19,488,224,12,10,1,1,1
453,20,240,481,7,5,1,1,1
453,22,230,483,7,6,1,1,1
453,23,228,495,6,5,1,1,1
453,24,202,496,5,5,1,1,1
453,26,173,507,7,4,1,1,1
454,19,488,224,12,10,1,1,1
454,20,240,481,7,5,1,1,1
454,22,230,483,7,6,1,1,1
454,23,228,495,6,5,1,1,1
454,24,202,496,5,5,1,1,1
454,26,173,507,7,4,1,1,1
455,19,488,224,12,10,1,1,1
455,20,240,481,7,5,1,1,1
455,22,230,483,7,6,1,1,1
455,23,228,495,7,5,1,1,1
455,24,202,496,5,5,1,1,1
455,26,174,508,7,3,1,1,1
456,19,488,224,12,10,1,1,1
456,20,240,481,7,5,1,1,1
456,22,230,483,7,6,1,1,1
456,23,228,495,7,5,1,1,1
456,24,202,496,5,5,1,1,1
456,26,174,508,7,3,1,1,1
457,19,488,224,12,10,1,1,1
457,20,240,481,7,5,1,1,1
457,22,230,483,7,6,1,1,1
457,23,229,495,7,5,1,1,1
457,24,201,496,6,5,1,1,1
458,19,488,224,12,10,1,1,1
458,20,240,481,7,5,1,1,1
458,22,230,483,7,6,1,1,1
458,23,229,495,7,5,1,1,1
458,24,201,496,6,5,1,1,1
459,19,488,224,12,10,1,1,1
459,20,239,481,8,5,1,1,1
459,22,230,483,7,6,1,1,1
459,23,229,495,7,6,1,1,1
459,24,201,496,6,5,1,1,1
460,19,488,224,12,10,1,1,1
460,20,239,481,8,5,1,1,1
460,22,230,483,7,6,1,1,1
460,23,229,495,7,6,1,1,1
460,24,201,496,6,5,1,1,1
461,19,488,224,12,10,1,1,1
461,20,239,481,8,6,1,1,1
461,22,230,483,6,6,1,1,1
461,23,229,495,7,6,1,1,1
461,24,201,496,6,5,1,1,1
462,19,488,224,12,10,1,1,1
462,20,239,481,8,6,1,1,1
462,22,230,483,6,6,1,1,1
462,23,229,495,7,6,1,1,1
462,24,201,496,6,5,1,1,1
463,19,488,224,12,10,1,1,1
463,20,239,481,7,6,1,1,1
463,22,230,483,6,6,1,1,1
463,23,230,496,6,5,1,1,1
463,24,201,496,7,5,1,1,1
464,19,488,224,12,10,1,1,1
464,20,239,481,7,6,1,1,1
464,22,230,483,6,6,1,1,1
464,23,230,496,6,5,1,1,1
464,24,201,496,7,5,1,1,1
465,20,239,481,7,6,1,1,1
465,22,230,483,6,5,1,1,1
465,23,230,496,6,5,1,1,1
465,24,201,496,7,5,1,1,1
466,20,239,481,7,6,1,1,1
466,22,230,483,6,5,1,1,1
466,23,230,496,6,5,1,1,1
466,24,201,496,7,5,1,1,1
467,20,239,481,6,6,1,1,1
467,22,230,483,6,5,1,1,1
467,23,229,496,7,5,1,1,1
467,24,201,496,7,5,1,1,1
467,27,200,505,6,5,1,1,1
468,20,239,481,6,6,1,1,1
468,22,230,483,6,5,1,1,1
468,23,229,496,7,5,1,1,1
468,24,201,496,7,5,1,1,1
468,27,200,505,6,5,1,1,1
469,20,239,481,6,6,1,1,1
469,22,230,483,5,5,1,1,1
469,23,229,496,7,5,1,1,1
469,24,201,496,7,5,1,1,1
469,27,199,504,6,5,1,1,1
470,20,239,481,6,6,1,1,1
470,22,230,483,5,5,1,1,1
470,23,229,496,7,5,1,1,1
470,24,201,496,7,5,1,1,1
470,27,199,504,6,5,1,1,1
471,20,239,482,6,5,1,1,1
471,22,229,483,6,5,1,1,1
471,23,230,496,6,6,1,1,1
471,24,201,495,8,6,1,1,1
471,27,198,503,7,5,1,1,1
472,20,239,482,6,5,1,1,1
472,22,229,483,6,5,1,1,1
472,23,230,496,6,6,1,1,1
472,24,201,495,8,6,1,1,1
472,27,198,503,7,5,1,1,1
473,20,238,482,7,5,1,1,1
473,22,230,483,6,5,1,1,1
473,23,229,497,7,5,1,1,1
473,24,202,495,7,6,1,1,1
473,27,197,502,8,6,1,1,1
474,20,238,482,7,5,1,1,1
474,22,230,483,6,5,1,1,1
474,23,229,497,7,5,1,1,1
474,24,202,495,7,6,1,1,1
474,27,197,502,8,6,1,1,1
475,20,238,482,7,5,1,1,1
475,22,230,483,6,5,1,1,1
475,23,229,497,7,5,1,1,1
475,24,202,495,7,6,1,1,1
475,27,197,501,7,6,1,1,1
476,20,238,482,7,5,1,1,1
476,22,230,483,6,5,1,1,1
476,23,229,497,7,5,1,1,1
476,24,202,495,7,6,1,1,1
476,27,197,501,7,6,1,1,1
477,20,238,482,7,6,1,1,1
477,22,230,483,6,5,1,1,1
477,23,228,497,7,6,1,1,1
477,24,203,495,6,5,1,1,1
477,27,197,500,6,5,1,1,1
477,28,190,508,6,3,1,1,1
478,20,238,482,7,6,1,1,1
478,22,230,483,6,5,1,1,1
478,23,228,497,7,6,1,1,1
478,24,203,495,6,5,1,1,1
478,27,197,500,6,5,1,1,1
478,28,190,508,6,3,1,1,1
479,20,238,482,7,6,1,1,1
479,22,231,483,6,5,1,1,1
479,23,227,497,7,6,1,1,1
479,24,203,495,6,5,1,1,1
479,27,196,499,6,5,1,1,1
479,28,189,507,7,4,1,1,1
480,20,238,482,7,6,1,1,1
480,22,231,483,6,5,1,1,1
480,23,227,497,7,6,1,1,1
480,24,203,495,6,5,1,1,1
480,27,196,499,6,5,1,1,1
480,28,189,507,7,4,1,1,1
481,20,238,482,6,6,1,1,1
481,22,231,483,6,5,1,1,1
481,23,227,497,6,6,1,1,1
481,24,204,495,6,5,1,1,1
481,27,195,498,7,5,1,1,1
481,28,188,506,7,5,1,1,1
482,20,238,482,6,6,1,1,1
482,22,231,483,6,5,1,1,1
482,23,227,497,6,6,1,1,1
482,24,204,495,6,5,1,1,1
482,27,195,498,7,5,1,1,1
482,28,188,506,7,5,1,1,1
483,20,238,483,6,5,1,1,1
483,22,231,483,6,5,1,1,1
483,23,226,498,7,5,1,1,1
483,24,204,495,6,5,1,1,1
483,27,195,497,6,5,1,1,1
483,28,187,505,8,5,1,1,1
484,20,238,483,6,5,1,1,1
484,22,231,483,6,5,1,1,1
484,23,226,498,7,5,1,1,1
484,24,204,495,6,5,1,1,1
484,27,195,497,6,5,1,1,1
484,28,187,505,8,5,1,1,1
485,20,238,483,7,5,1,1,1
485,22,231,483,7,5,1,1,1
485,23,225,498,8,5,1,1,1
485,24,204,495,7,5,1,1,1
485,27,195,497,6,5,1,1,1
485,28,187,504,7,5,1,1,1
486,20,238,483,7,5,1,1,1
486,22,231,483,7,5,1,1,1
486,23,225,498,8,5,1,1,1
486,24,204,495,7,5,1,1,1
486,27,195,497,6,5,1,1,1
486,28,187,504,7,5,1,1,1
487,20,238,483,7,5,1,1,1
487,22,231,483,8,5,1,1,1
487,23,225,498,7,6,1,1,1
487,24,205,494,7,6,1,1,1
487,27,194,497,6,5,1,1,1
487,28,186,502,8,6,1,1,1
488,20,238,483,7,5,1,1,1
488,22,231,483,8,5,1,1,1
488,23,225,498,7,6,1,1,1
488,24,205,494,7,6,1,1,1
488,27,194,497,6,5,1,1,1
488,28,186,502,8,6,1,1,1
489,20,238,483,8,6,1,1,1
489,22,232,482,7,6,1,1,1
489,23,224,498,8,6,1,1,1
489,24,205,494,7,5,1,1,1
489,27,193,497,7,5,1,1,1
489,28,186,501,7,5,1,1,1
490,20,238,483,8,6,1,1,1
490,22,232,482,7,6,1,1,1
490,23,224,498,8,6,1,1,1
490,24,205,494,7,5,1,1,1
490,27,193,497,7,5,1,1,1
490,28,186,501,7,5,1,1,1
491,20,238,483,8,6,1,1,1
491,22,232,482,8,6,1,1,1
491,23,224,499,7,6,1,1,1
491,24,206,493,7,6,1,1,1
491,28,185,499,8,6,1,1,1
492,20,238,483,8,6,1,1,1
492,22,232,482,8,6,1,1,1
492,23,224,499,7,6,1,1,1
492,24,206,493,7,6,1,1,1
492,28,185,499,8,6,1,1,1
493,19,488,224,12,10,1,1,1
493,20,239,483,6,6,1,1,1
493,22,233,482,7,6,1,1,1
493,23,223,499,7,6,1,1,1
493,24,207,493,6,5,1,1,1
493,28,185,498,7,5,1,1,1
494,19,488,224,12,10,1,1,1
494,20,239,483,6,6,1,1,1
494,22,233,482,7,6,1,1,1
494,23,223,499,7,6,1,1,1
494,24,207,493,6,5,1,1,1
494,28,185,498,7,5,1,1,1
495,19,488,224,12,10,1,1,1
495,20,239,483,7,6,1,1,1
495,22,233,482,8,6,1,1,1
495,23,223,499,7,6,1,1,1
495,24,208,492,6,5,1,1,1
495,28,184,496,8,6,1,1,1
496,19,488,224,12,10,1,1,1
496,20,239,483,7,6,1,1,1
496,22,233,482,8,6,1,1,1
496,23,223,499,7,6,1,1,1
496,24,208,492,6,5,1,1,1
496,28,184,496,8,6,1,1,1
497,20,239,484,7,5,1,1,1
497,22,233,482,8,6,1,1,1
497,23,222,500,7,6,1,1,1
497,24,209,491,6,5,1,1,1
497,28,184,495,8,6,1,1,1
497,30,192,498,7,5,1,1,1
498,20,239,484,7,5,1,1,1
498,22,233,482,8,6,1,1,1
498,23,222,500,7,6,1,1,1
498,24,209,491,6,5,1,1,1
498,28,184,495,8,6,1,1,1
498,30,192,498,7,5,1,1,1
499,20,239,484,6,6,1,1,1
499,22,234,482,7,6,1,1,1
499,23,222,500,7,6,1,1,1
499,24,209,490,6,5,1,1,1
499,28,183,493,9,7,1,1,1
499,30,192,498,6,6,1,1,1
500,20,239,484,6,6,1,1,1
500,22,234,482,7,6,1,1,1
500,23,222,500,7,6,1,1,1
500,24,209,490,6,5,1,1,1
500,28,183,493,9,7,1,1,1
500,30,192,498,6,6,1,1,1
501,20,239,484,6,6,1,1,1
501,22,234,482,7,6,1,1,1
501,23,222,500,6,6,1,1,1
501,24,209,488,7,6,1,1,1
501,28,183,492,8,7,1,1,1
501,30,191,499,6,5,1,1,1
502,20,239,484,6,6,1,1,1
502,22,234,482,7,6,1,1,1
502,23,222,500,6,6,1,1,1
502,24,209,488,7,6,1,1,1
502,28,183,492,8,7,1,1,1
502,30,191,499,6,5,1,1,1
503,20,238,485,7,6,1,1,1
503,22,234,482,7,6,1,1,1
503,23,221,501,7,5,1,1,1
503,24,209,487,8,6,1,1,1
503,28,183,491,8,7,1,1,1
503,30,191,500,6,5,1,1,1
504,20,238,485,7,6,1,1,1
504,22,234,482,7,6,1,1,1
504,23,221,501,7,5,1,1,1
504,24,209,487,8,6,1,1,1
504,28,183,491,8,7,1,1,1
504,30,191,500,6,5,1,1,1
505,20,238,485,7,6,1,1,1
505,22,234,481,8,6,1,1,1
505,23,220,501,8,6,1,1,1
505,24,210,486,7,5,1,1,1
505,28,183,491,7,6,1,1,1
505,30,190,500,7,6,1,1,1
506,20,238,485,7,6,1,1,1
506,22,234,481,8,6,1,1,1
506,23,220,501,8,6,1,1,1
506,24,210,486,7,5,1,1,1
506,28,183,491,7,6,1,1,1
506,30,190,500,7,6,1,1,1
507,20,238,485,7,7,1,1,1
507,22,234,481,8,6,1,1,1
507,23,220,501,6,6,1,1,1
507,24,211,484,6,5,1,1,1
507,28,183,490,8,6,1,1,1
507,30,190,501,7,6,1,1,1
508,20,238,485,7,7,1,1,1
508,22,234,481,8,6,1,1,1
508,23,220,501,6,6,1,1,1
508,24,211,484,6,5,1,1,1
508,28,183,490,8,6,1,1,1
508,30,190,501,7,6,1,1,1
509,20,238,486,7,6,1,1,1
509,22,234,480,8,6,1,1,1
509,23,219,502,7,5,1,1,1
509,24,211,483,7,5,1,1,1
509,28,183,489,8,6,1,1,1
509,30,190,502,6,5,1,1,1
510,20,238,486,7,6,1,1,1
510,22,234,480,8,6,1,1,1
510,23,219,502,7,5,1,1,1
510,24,211,483,7,5,1,1,1
510,28,183,489,8,6,1,1,1
510,30,190,502,6,5,1,1,1
511,20,238,486,6,6,1,1,1
511,22,234,480,8,6,1,1,1
511,23,218,502,7,6,1,1,1
511,24,211,481,7,6,1,1,1
511,28,184,489,7,6,1,1,1
511,30,190,503,6,5,1,1,1
512,20,238,486,6,6,1,1,1
512,22,234,480,8,6,1,1,1
512,23,218,502,7,6,1,1,1
512,24,211,481,7,6,1,1,1
512,28,184,489,7,6,1,1,1
512,30,190,503,6,5,1,1,1
513,20,238,487,6,5,1,1,1
513,22,235,479,7,6,1,1,1
513,23,217,503,7,5,1,1,1
513,24,212,480,6,5,1,1,1
513,28,184,489,7,5,1,1,1
513,30,189,504,7,6,1,1,1
514,20,238,487,6,5,1,1,1
514,22,235,479,7,6,1,1,1
514,23,217,503,7,5,1,1,1
514,24,212,480,6,5,1,1,1
514,28,184,489,7,5,1,1,1
514,30,189,504,7,6,1,1,1
515,20,238,487,6,6,1,1,1
515,22,235,478,7,6,1,1,1
515,23,216,503,8,6,1,1,1
515,24,212,478,7,6,1,1,1
515,28,185,489,6,5,1,1,1
515,30,189,505,7,6,1,1,1
516,20,238,487,6,6,1,1,1
516,22,235,478,7,6,1,1,1
516,23,216,503,8,6,1,1,1
516,24,212,478,7,6,1,1,1
516,28,185,489,6,5,1,1,1
516,30,189,505,7,6,1,1,1
517,20,237,487,6,6,1,1,1
517,22,235,477,8,6,1,1,1
517,23,216,503,7,6,1,1,1
517,24,212,476,8,6,1,1,1
517,28,185,489,7,5,1,1,1
517,30,189,506,7,5,1,1,1
518,20,237,487,6,6,1,1,1
518,22,235,477,8,6,1,1,1
518,23,216,503,7,6,1,1,1
518,24,212,476,8,6,1,1,1
518,28,185,489,7,5,1,1,1
518,30,189,506,7,5,1,1,1
519,20,237,488,6,5,1,1,1
519,22,236,476,7,6,1,1,1
519,23,216,504,6,5,1,1,1
519,24,212,475,8,6,1,1,1
519,28,186,489,6,5,1,1,1
519,30,189,507,6,4,1,1,1
520,20,237,488,6,5,1,1,1
520,22,236,476,7,6,1,1,1
520,23,216,504,6,5,1,1,1
520,24,212,475,8,6,1,1,1
520,28,186,489,6,5,1,1,1
520,30,189,507,6,4,1,1,1
521,19,489,224,10,10,1,1,1
521,20,236,488,7,6,1,1,1
521,22,237,475,6,5,1,1,1
521,23,215,504,6,5,1,1,1
521,24,213,473,7,6,1,1,1
521,28,187,489,6,5,1,1,1
522,19,489,224,10,10,1,1,1
522,20,236,488,7,6,1,1,1
522,22,237,475,6,5,1,1,1
522,23,215,504,6,5,1,1,1
522,24,213,473,7,6,1,1,1
522,28,187,489,6,5,1,1,1
523,19,490,224,10,9,1,1,1
523,20,236,488,7,6,1,1,1
523,22,237,474,7,5,1,1,1
523,23,214,505,7,5,1,1,1
523,24,213,472,8,6,1,1,1
523,28,187,489,7,5,1,1,1
524,19,490,224,10,9,1,1,1
524,20,236,488,7,6,1,1,1
524,22,237,474,7,5,1,1,1
524,23,214,505,7,5,1,1,1
524,24,213,472,8,6,1,1,1
524,28,187,489,7,5,1,1,1
525,19,490,224,10,9,1,1,1
525,20,235,488,7,6,1,1,1
525,22,237,473,6,5,1,1,1
525,23,213,505,6,6,1,1,1
525,24,213,471,8,6,1,1,1
525,28,187,489,7,6,1,1,1
526,19,490,224,10,9,1,1,1
526,20,235,488,7,6,1,1,1
526,22,237,473,6,5,1,1,1
526,23,213,505,6,6,1,1,1
526,24,213,471,8,6,1,1,1
526,28,187,489,7,6,1,1,1
527,19,490,225,10,8,1,1,1
527,20,235,488,7,6,1,1,1
527,22,237,471,7,6,1,1,1
527,23,212,506,6,5,1,1,1
527,24,214,470,7,6,1,1,1
527,28,188,490,7,5,1,1,1
528,19,490,225,10,8,1,1,1
528,20,235,488,7,6,1,1,1
528,22,237,471,7,6,1,1,1
528,23,212,506,6,5,1,1,1
528,24,214,470,7,6,1,1,1
528,28,188,490,7,5,1,1,1
529,19,491,224,10,9,1,1,1
529,20,234,488,7,6,1,1,1
529,22,237,470,6,6,1,1,1
529,23,211,506,7,5,1,1,1
529,24,214,469,8,6,1,1,1
529,28,188,490,8,6,1,1,1
530,19,491,224,10,9,1,1,1
530,20,234,488,7,6,1,1,1
530,22,237,470,6,6,1,1,1
530,23,211,506,7,5,1,1,1
530,24,214,469,8,6,1,1,1
530,28,188,490,8,6,1,1,1
531,19,491,224,11,9,1,1,1
531,20,233,488,8,6,1,1,1
531,22,236,470,7,5,1,1,1
531,23,210,506,7,5,1,1,1
531,24,214,468,8,6,1,1,1
531,28,189,490,8,6,1,1,1
532,19,491,224,11,9,1,1,1
532,20,233,488,8,6,1,1,1
532,22,236,470,7,5,1,1,1
532,23,210,506,7,5,1,1,1
532,24,214,468,8,6,1,1,1
532,28,189,490,8,6,1,1,1
533,19,491,223,11,10,1,1,1
533,20,233,488,6,5,1,1,1
533,22,236,468,8,7,1,1,1
533,23,210,506,6,5,1,1,1
533,24,215,468,7,6,1,1,1
533,28,189,491,8,6,1,1,1
534,19,491,223,11,10,1,1,1
534,20,233,488,6,5,1,1,1
534,22,236,468,8,7,1,1,1
534,23,210,506,6,5,1,1,1
534,24,215,468,7,6,1,1,1
534,28,189,491,8,6,1,1,1
535,19,491,224,11,9,1,1,1
535,20,232,487,7,6,1,1,1
535,22,236,467,8,7,1,1,1
535,23,209,507,7,4,1,1,1
535,24,215,467,8,7,1,1,1
535,28,190,491,8,6,1,1,1
536,19,491,224,11,9,1,1,1
536,20,232,487,7,6,1,1,1
536,22,236,467,8,7,1,1,1
536,23,209,507,7,4,1,1,1
536,24,215,467,8,7,1,1,1
536,28,190,491,8,6,1,1,1
537,19,492,224,10,9,1,1,1
537,20,231,486,8,7,1,1,1
537,22,236,466,7,7,1,1,1
537,23,209,507,6,4,1,1,1
537,24,216,467,7,6,1,1,1
537,28,191,492,7,6,1,1,1
538,19,492,224,10,9,1,1,1
538,20,231,486,8,7,1,1,1
538,22,236,466,7,7,1,1,1
538,23,209,507,6,4,1,1,1
538,24,216,467,7,6,1,1,1
538,28,191,492,7,6,1,1,1
539,19,492,224,10,9,1,1,1
539,20,231,486,8,6,1,1,1
539,22,236,466,7,6,1,1,1
539,23,208,507,6,4,1,1,1
539,24,216,467,8,6,1,1,1
539,28,192,493,7,6,1,1,1
540,19,492,224,10,9,1,1,1
540,20,231,486,8,6,1,1,1
540,22,236,466,7,6,1,1,1
540,23,208,507,6,4,1,1,1
540,24,216,467,8,6,1,1,1
540,28,192,493,7,6,1,1,1
541,19,491,224,11,9,1,1,1
541,20,231,486,6,5,1,1,1
541,22,236,465,7,6,1,1,1
541,24,217,467,7,6,1,1,1
541,28,193,494,7,5,1,1,1
542,19,491,224,11,9,1,1,1
542,20,231,486,6,5,1,1,1
542,22,236,465,7,6,1,1,1
542,24,217,467,7,6,1,1,1
542,28,193,494,7,5,1,1,1
543,19,492,225,9,8,1,1,1
543,20,230,485,7,5,1,1,1
543,22,235,465,8,6,1,1,1
543,24,217,467,8,6,1,1,1
543,28,194,494,6,6,1,1,1
544,19,492,225,9,8,1,1,1
544,20,230,485,7,5,1,1,1
544,22,235,465,8,6,1,1,1
544,24,217,467,8,6,1,1,1
544,28,194,494,6,6,1,1,1
545,19,492,225,9,8,1,1,1
545,20,229,484,7,6,1,1,1
545,22,235,465,8,6,1,1,1
545,24,218,467,7,6,1,1,1
545,28,195,495,6,5,1,1,1
545,32,485,234,8,7,1,1,1
546,19,492,225,9,8,1,1,1
546,20,229,484,7,6,1,1,1
546,22,235,465,8,6,1,1,1
546,24,218,467,7,6,1,1,1
546,28,195,495,6,5,1,1,1
546,32,485,234,8,7,1,1,1
547,19,491,225,10,8,1,1,1
547,20,228,483,7,6,1,1,1
547,22,235,465,8,6,1,1,1
547,24,219,467,7,6,1,1,1
547,28,196,496,7,5,1,1,1
547,32,484,234,8,7,1,1,1
548,19,491,225,10,8,1,1,1
548,20,228,483,7,6,1,1,1
548,22,235,465,8,6,1,1,1
548,24,219,467,7,6,1,1,1
548,28,196,496,7,5,1,1,1
548,32,484,234,8,7,1,1,1
549,19,490,225,11,8,1,1,1
549,20,228,483,7,5,1,1,1
549,22,235,465,7,6,1,1,1
549,24,220,468,6,5,1,1,1
549,28,197,496,7,6,1,1,1
549,32,483,234,8,7,1,1,1
550,19,490,225,11,8,1,1,1
550,20,228,483,7,5,1,1,1
550,22,235,465,7,6,1,1,1
550,24,220,468,6,5,1,1,1
550,28,197,496,7,6,1,1,1
550,32,483,234,8,7,1,1,1
551,19,489,225,11,8,1,1,1
551,20,227,482,6,6,1,1,1
551,22,234,466,8,6,1,1,1
551,24,221,468,7,6,1,1,1
551,28,199,497,6,5,1,1,1
551,32,482,234,9,7,1,1,1
552,19,489,225,11,8,1,1,1
552,20,227,482,6,6,1,1,1
552,22,234,466,8,6,1,1,1
552,24,221,468,7,6,1,1,1
552,28,199,497,6,5,1,1,1
552,32,482,234,9,7,1,1,1
553,19,489,225,10,8,1,1,1
553,20,226,482,6,5,1,1,1
553,22,234,467,7,5,1,1,1
553,24,222,469,6,5,1,1,1
553,28,200,498,7,5,1,1,1
553,32,481,234,9,8,1,1,1
554,19,489,225,10,8,1,1,1
554,20,226,482,6,5,1,1,1
554,22,234,467,7,5,1,1,1
554,24,222,469,6,5,1,1,1
554,28,200,498,7,5,1,1,1
554,32,481,234,9,8,1,1,1
555,19,488,225,9,9,1,1,1
555,20,225,482,7,5,1,1,1
555,22,234,467,7,6,1,1,1
555,24,222,469,7,6,1,1,1
555,28,201,498,7,6,1,1,1
555,32,480,234,9,8,1,1,1
556,19,488,225,9,9,1,1,1
556,20,225,482,7,5,1,1,1
556,22,234,467,7,6,1,1,1
556,24,222,469,7,6,1,1,1
556,28,201,498,7,6,1,1,1
556,32,480,234,9,8,1,1,1
557,19,486,226,11,8,1,1,1
557,20,224,481,7,6,1,1,1
557,22,234,468,7,6,1,1,1
557,24,224,470,7,6,1,1,1
557,28,203,499,6,5,1,1,1
557,32,479,235,8,7,1,1,1
558,19,486,226,11,8,1,1,1
558,20,224,481,7,6,1,1,1
558,22,234,468,7,6,1,1,1
558,24,224,470,7,6,1,1,1
558,28,203,499,6,5,1,1,1
558,32,479,235,8,7,1,1,1
559,19,485,225,10,9,1,1,1
559,20,223,481,7,6,1,1,1
559,22,233,469,8,6,1,1,1
559,24,225,471,7,6,1,1,1
559,28,204,500,7,5,1,1,1
559,32,478,235,9,7,1,1,1
560,19,485,225,10,9,1,1,1
560,20,223,481,7,6,1,1,1
560,22,233,469,8,6,1,1,1
560,24,225,471,7,6,1,1,1
560,28,204,500,7,5,1,1,1
560,32,478,235,9,7,1,1,1
561,19,483,225,11,9,1,1,1
561,20,222,482,6,5,1,1,1
561,22,234,471,6,5,1,1,1
561,24,226,471,7,6,1,1,1
561,28,205,500,7,6,1,1,1
561,32,478,235,8,8,1,1,1
562,19,483,225,11,9,1,1,1
562,20,222,482,6,5,1,1,1
562,22,234,471,6,5,1,1,1
562,24,226,471,7,6,1,1,1
562,28,205,500,7,6,1,1,1
562,32,478,235,8,8,1,1,1
563,19,483,225,11,9,1,1,1
563,20,221,482,7,6,1,1,1
563,22,234,471,6,5,1,1,1
563,28,206,501,7,6,1,1,1
563,32,476,235,9,8,1,1,1
563,33,197,506,7,5,1,1,1
564,19,483,225,11,9,1,1,1
564,20,221,482,7,6,1,1,1
564,22,234,471,6,5,1,1,1
564,28,206,501,7,6,1,1,1
564,32,476,235,9,8,1,1,1
564,33,197,506,7,5,1,1,1
565,19,483,225,10,9,1,1,1
565,20,220,483,6,5,1,1,1
565,28,208,502,7,6,1,1,1
565,32,476,235,9,8,1,1,1
565,33,195,505,9,6,1,1,1
566,19,483,225,10,9,1,1,1
566,20,220,483,6,5,1,1,1
566,28,208,502,7,6,1,1,1
566,32,476,235,9,8,1,1,1
566,33,195,505,9,6,1,1,1
567,19,482,225,11,9,1,1,1
567,20,218,483,7,6,1,1,1
567,28,210,502,6,6,1,1,1
567,32,475,235,10,9,1,1,1
567,33,194,504,8,5,1,1,1
567,34,231,475,9,5,1,1,1
568,19,482,225,11,9,1,1,1
568,20,218,483,7,6,1,1,1
568,28,210,502,6,6,1,1,1
568,32,475,235,10,9,1,1,1
568,33,194,504,8,5,1,1,1
568,34,231,475,9,5,1,1,1
569,19,481,225,11,9,1,1,1
569,20,217,484,7,6,1,1,1
569,28,211,503,6,5,1,1,1
569,33,194,503,7,5,1,1,1
569,34,231,476,10,6,1,1,1
570,19,481,225,11,9,1,1,1
570,20,217,484,7,6,1,1,1
570,28,211,503,6,5,1,1,1
570,33,194,503,7,5,1,1,1
570,34,231,476,10,6,1,1,1
571,19,481,226,10,9,1,1,1
571,20,216,485,7,6,1,1,1
571,28,212,503,7,6,1,1,1
571,33,193,502,8,5,1,1,1
571,34,231,477,11,7,1,1,1
572,19,481,226,10,9,1,1,1
572,20,216,485,7,6,1,1,1
572,28,212,503,7,6,1,1,1
572,33,193,502,8,5,1,1,1
572,34,231,477,11,7,1,1,1
573,19,480,226,11,9,1,1,1
573,20,215,486,8,6,1,1,1
573,28,214,504,6,5,1,1,1
573,33,192,501,8,6,1,1,1
573,34,232,479,9,6,1,1,1
574,19,480,226,11,9,1,1,1
574,20,215,486,8,6,1,1,1
574,28,214,504,6,5,1,1,1
574,33,192,501,8,6,1,1,1
574,34,232,479,9,6,1,1,1
575,19,479,226,11,9,1,1,1
575,20,214,487,8,6,1,1,1
575,28,215,504,7,5,1,1,1
575,33,191,500,8,5,1,1,1
575,34,233,480,8,6,1,1,1
576,19,479,226,11,9,1,1,1
576,20,214,487,8,6,1,1,1
576,28,215,504,7,5,1,1,1
576,33,191,500,8,5,1,1,1
576,34,233,480,8,6,1,1,1
577,19,479,226,11,9,1,1,1
577,20,213,488,8,6,1,1,1
577,28,216,504,8,6,1,1,1
577,33,190,499,8,5,1,1,1
577,34,233,481,9,6,1,1,1
578,19,479,226,11,9,1,1,1
578,20,213,488,8,6,1,1,1
578,28,216,504,8,6,1,1,1
578,33,190,499,8,5,1,1,1
578,34,233,481,9,6,1,1,1
579,19,479,226,10,10,1,1,1
579,20,212,489,8,7,1,1,1
579,28,218,504,7,6,1,1,1
579,33,190,498,8,5,1,1,1
579,34,234,483,9,5,1,1,1
579,36,474,237,9,8,1,1,1
580,19,479,226,10,10,1,1,1
580,20,212,489,8,7,1,1,1
580,28,218,504,7,6,1,1,1
580,33,190,498,8,5,1,1,1
580,34,234,483,9,5,1,1,1
580,36,474,237,9,8,1,1,1
581,19,478,227,11,9,1,1,1
581,20,211,491,8,6,1,1,1
581,28,220,505,6,5,1,1,1
581,33,189,497,8,5,1,1,1
581,34,236,484,8,6,1,1,1
581,36,474,237,9,8,1,1,1
582,19,478,227,11,9,1,1,1
582,20,211,491,8,6,1,1,1
582,28,220,505,6,5,1,1,1
582,33,189,497,8,5,1,1,1
582,34,236,484,8,6,1,1,1
582,36,474,237,9,8,1,1,1
583,19,478,227,10,9,1,1,1
583,20,211,493,7,5,1,1,1
583,28,221,505,7,5,1,1,1
583,33,188,496,8,5,1,1,1
583,34,237,486,8,5,1,1,1
583,37,232,488,6,6,1,1,1
584,19,478,227,10,9,1,1,1
584,20,211,493,7,5,1,1,1
584,28,221,505,7,5,1,1,1
584,33,188,496,8,5,1,1,1
584,34,237,486,8,5,1,1,1
584,37,232,488,6,6,1,1,1
585,19,477,226,10,9,1,1,1
585,20,210,494,7,6,1,1,1
585,28,222,505,8,6,1,1,1
585,33,188,495,8,6,1,1,1
585,34,238,487,8,5,1,1,1
585,37,231,491,6,5,1,1,1
586,19,477,226,10,9,1,1,1
586,20,210,494,7,6,1,1,1
586,28,222,505,8,6,1,1,1
586,33,188,495,8,6,1,1,1
586,34,238,487,8,5,1,1,1
586,37,231,491,6,5,1,1,1
587,19,476,226,10,9,1,1,1
587,20,210,496,6,5,1,1,1
587,28,224,505,7,5,1,1,1
587,33,188,494,7,6,1,1,1
587,34,238,488,8,6,1,1,1
587,37,231,492,6,6,1,1,1
588,19,476,226,10,9,1,1,1
588,20,210,496,6,5,1,1,1
588,28,224,505,7,5,1,1,1
588,33,188,494,7,6,1,1,1
588,34,238,488,8,6,1,1,1
588,37,231,492,6,6,1,1,1
589,20,209,497,6,6,1,1,1
589,28,226,505,6,5,1,1,1
589,33,187,494,8,5,1,1,1
589,34,239,490,8,6,1,1,1
589,37,231,495,5,5,1,1,1
590,20,209,497,6,6,1,1,1
590,28,226,505,6,5,1,1,1
590,33,187,494,8,5,1,1,1
590,34,239,490,8,6,1,1,1
590,37,231,495,5,5,1,1,1
591,20,208,499,7,6,1,1,1
591,28,227,505,6,5,1,1,1
591,33,187,493,7,6,1,1,1
591,34,240,491,7,6,1,1,1
591,37,230,497,6,5,1,1,1
592,20,208,499,7,6,1,1,1
592,28,227,505,6,5,1,1,1
592,33,187,493,7,6,1,1,1
592,34,240,491,7,6,1,1,1
592,37,230,497,6,5,1,1,1
593,20,206,501,8,6,1,1,1
593,28,228,505,7,5,1,1,1
593,33,187,493,7,5,1,1,1
593,34,240,493,8,5,1,1,1
593,37,230,498,6,6,1,1,1
594,20,206,501,8,6,1,1,1
594,28,228,505,7,5,1,1,1
594,33,187,493,7,5,1,1,1
594,34,240,493,8,5,1,1,1
594,37,230,498,6,6,1,1,1
595,20,205,502,8,6,1,1,1
595,33,186,492,8,6,1,1,1
595,34,241,494,8,6,1,1,1
596,20,205,502,8,6,1,1,1
596,33,186,492,8,6,1,1,1
596,34,241,494,8,6,1,1,1
597,20,204,504,8,6,1,1,1
597,33,186,493,7,5,1,1,1
597,34,241,496,7,5,1,1,1
597,38,231,502,7,5,1,1,1
598,20,204,504,8,6,1,1,1
598,33,186,493,7,5,1,1,1
598,34,241,496,7,5,1,1,1
598,38,231,502,7,5,1,1,1
599,20,203,505,8,6,1,1,1
599,33,186,492,8,6,1,1,1
599,34,242,497,7,5,1,1,1
599,38,233,502,7,4,1,1,1
600,20,203,505,8,6,1,1,1
600,33,186,492,8,6,1,1,1
600,34,242,497,7,5,1,1,1
600,38,233,502,7,4,1,1,1
601,20,203,507,7,4,1,1,1
601,33,186,492,7,6,1,1,1
601,34,242,498,7,5,1,1,1
601,38,234,501,7,5,1,1,1
602,20,203,507,7,4,1,1,1
602,33,186,492,7,6,1,1,1
602,34,242,498,7,5,1,1,1
602,38,234,501,7,5,1,1,1
603,33,186,492,7,6,1,1,1
603,34,243,500,6,5,1,1,1
603,38,235,500,6,5,1,1,1
604,33,186,492,7,6,1,1,1
604,34,243,500,6,5,1,1,1
604,38,235,500,6,5,1,1,1
605,33,186,492,7,6,1,1,1
605,34,243,501,7,5,1,1,1
605,38,236,498,7,6,1,1,1
605,40,209,504,8,5,1,1,1
606,33,186,492,7,6,1,1,1
606,34,243,501,7,5,1,1,1
606,38,236,498,7,6,1,1,1
606,40,209,504,8,5,1,1,1
607,33,186,493,7,5,1,1,1
607,34,244,502,6,5,1,1,1
607,38,237,497,7,6,1,1,1
607,40,209,502,8,5,1,1,1
608,33,186,493,7,5,1,1,1
608,34,244,502,6,5,1,1,1
608,38,237,497,7,6,1,1,1
608,40,209,502,8,5,1,1,1
609,33,187,493,6,5,1,1,1
609,34,243,503,8,6,1,1,1
609,38,238,497,7,5,1,1,1
609,40,210,499,9,6,1,1,1
610,33,187,493,6,5,1,1,1
610,34,243,503,8,6,1,1,1
610,38,238,497,7,5,1,1,1
610,40,210,499,9,6,1,1,1
611,33,187,493,6,5,1,1,1
611,34,243,504,8,6,1,1,1
611,38,238,495,8,6,1,1,1
611,40,211,497,9,6,1,1,1
612,33,187,493,6,5,1,1,1
612,34,243,504,8,6,1,1,1
612,38,238,495,8,6,1,1,1
612,40,211,497,9,6,1,1,1
613,33,187,493,7,6,1,1,1
613,34,243,505,8,6,1,1,1
613,38,239,494,8,6,1,1,1
613,40,213,495,8,5,1,1,1
614,33,187,493,7,6,1,1,1
614,34,243,505,8,6,1,1,1
614,38,239,494,8,6,1,1,1
614,40,213,495,8,5,1,1,1
615,28,243,506,7,5,1,1,1
615,33,188,494,6,5,1,1,1
615,34,244,506,8,5,1,1,1
615,38,240,493,7,6,1,1,1
615,40,214,493,8,5,1,1,1
616,28,243,506,7,5,1,1,1
616,33,188,494,6,5,1,1,1
616,34,244,506,8,5,1,1,1
616,38,240,493,7,6,1,1,1
616,40,214,493,8,5,1,1,1
617,28,243,506,7,5,1,1,1
617,33,189,494,6,5,1,1,1
617,38,240,492,8,6,1,1,1
617,40,215,490,8,6,1,1,1
618,28,243,506,7,5,1,1,1
618,33,189,494,6,5,1,1,1
618,38,240,492,8,6,1,1,1
618,40,215,490,8,6,1,1,1
619,28,245,506,6,5,1,1,1
619,33,190,494,6,5,1,1,1
619,38,241,491,7,6,1,1,1
619,40,216,488,8,6,1,1,1
620,28,245,506,6,5,1,1,1
620,33,190,494,6,5,1,1,1
620,38,241,491,7,6,1,1,1
620,40,216,488,8,6,1,1,1
621,33,190,494,7,6,1,1,1
621,38,241,490,7,5,1,1,1
621,40,216,486,9,6,1,1,1
622,33,190,494,7,6,1,1,1
622,38,241,490,7,5,1,1,1
622,40,216,486,9,6,1,1,1
623,33,191,495,7,5,1,1,1
623,38,242,489,6,5,1,1,1
623,40,217,483,8,7,1,1,1
624,33,191,495,7,5,1,1,1
624,38,242,489,6,5,1,1,1
624,40,217,483,8,7,1,1,1
625,22,219,481,5,5,1,1,1
625,33,192,495,8,6,1,1,1
625,38,242,488,6,5,1,1,1
625,40,217,481,9,7,1,1,1
626,22,219,481,5,5,1,1,1
626,33,192,495,8,6,1,1,1
626,38,242,488,6,5,1,1,1
626,40,217,481,9,7,1,1,1
627,22,218,480,7,6,1,1,1
627,33,194,496,6,5,1,1,1
627,38,242,486,7,5,1,1,1
628,22,218,480,7,6,1,1,1
628,33,194,496,6,5,1,1,1
628,38,242,486,7,5,1,1,1
629,22,218,480,7,6,1,1,1
629,24,241,484,7,6,1,1,1
629,33,195,496,7,6,1,1,1
629,38,242,485,7,5,1,1,1
630,22,218,480,7,6,1,1,1
630,24,241,484,7,6,1,1,1
630,33,195,496,7,6,1,1,1
630,38,242,485,7,5,1,1,1
631,24,241,484,7,6,1,1,1
631,33,196,497,7,5,1,1,1
631,41,220,476,6,6,1,1,1
632,24,241,484,7,6,1,1,1
632,33,196,497,7,5,1,1,1
632,41,220,476,6,6,1,1,1
633,24,241,483,7,6,1,1,1
633,33,197,497,7,6,1,1,1
633,40,220,473,8,7,1,1,1
633,41,220,475,6,6,1,1,1
634,24,241,483,7,6,1,1,1
634,33,197,497,7,6,1,1,1
634,40,220,473,8,7,1,1,1
634,41,220,475,6,6,1,1,1
635,24,241,482,7,6,1,1,1
635,33,199,498,6,6,1,1,1
635,40,220,471,8,7,1,1,1
636,24,241,482,7,6,1,1,1
636,33,199,498,6,6,1,1,1
636,40,220,471,8,7,1,1,1
637,24,240,481,7,6,1,1,1
637,33,200,498,6,6,1,1,1
637,40,221,469,8,7,1,1,1
638,24,240,481,7,6,1,1,1
638,33,200,498,6,6,1,1,1
638,40,221,469,8,7,1,1,1
639,24,239,480,7,6,1,1,1
639,33,200,499,7,5,1,1,1
639,40,222,468,8,6,1,1,1
640,24,239,480,7,6,1,1,1
640,33,200,499,7,5,1,1,1
640,40,222,468,8,6,1,1,1
641,24,239,480,6,5,1,1,1
641,33,202,499,6,6,1,1,1
641,40,222,467,8,6,1,1,1
642,24,239,480,6,5,1,1,1
642,33,202,499,6,6,1,1,1
642,40,222,467,8,6,1,1,1
643,24,239,479,6,5,1,1,1
643,33,203,500,6,5,1,1,1
643,40,223,466,7,5,1,1,1
644,24,239,479,6,5,1,1,1
644,33,203,500,6,5,1,1,1
644,40,223,466,7,5,1,1,1
645,24,237,478,7,5,1,1,1
645,33,203,500,8,5,1,1,1
645,40,222,464,8,7,1,1,1
646,24,237,478,7,5,1,1,1
646,33,203,500,8,5,1,1,1
646,40,222,464,8,7,1,1,1
647,24,236,477,7,6,1,1,1
647,33,205,500,7,6,1,1,1
647,40,222,464,8,6,1,1,1
648,24,236,477,7,6,1,1,1
648,33,205,500,7,6,1,1,1
648,40,222,464,8,6,1,1,1
649,24,235,476,6,6,1,1,1
649,33,207,501,6,5,1,1,1
649,40,223,462,8,6,1,1,1
650,24,235,476,6,6,1,1,1
650,33,207,501,6,5,1,1,1
650,40,223,462,8,6,1,1,1
651,24,234,476,7,5,1,1,1
651,33,208,501,7,5,1,1,1
652,24,234,476,7,5,1,1,1
652,33,208,501,7,5,1,1,1
653,24,233,475,7,6,1,1,1
653,33,209,501,7,6,1,1,1
654,24,233,475,7,6,1,1,1
654,33,209,501,7,6,1,1,1
655,24,232,475,7,6,1,1,1
655,33,211,501,7,6,1,1,1
655,44,226,463,7,6,1,1,1
656,24,232,475,7,6,1,1,1
656,33,211,501,7,6,1,1,1
656,44,226,463,7,6,1,1,1
657,24,231,475,7,5,1,1,1
657,33,212,501,7,6,1,1,1
657,44,226,462,7,6,1,1,1
658,24,231,475,7,5,1,1,1
658,33,212,501,7,6,1,1,1
658,44,226,462,7,6,1,1,1
659,24,230,474,7,6,1,1,1
659,33,214,501,7,6,1,1,1
659,44,227,462,6,5,1,1,1
660,24,230,474,7,6,1,1,1
660,33,214,501,7,6,1,1,1
660,44,227,462,6,5,1,1,1
661,24,229,474,7,6,1,1,1
661,33,216,502,6,5,1,1,1
661,41,228,474,6,6,1,1,1
661,44,227,462,7,6,1,1,1
662,24,229,474,7,6,1,1,1
662,33,216,502,6,5,1,1,1
662,41,228,474,6,6,1,1,1
662,44,227,462,7,6,1,1,1
663,41,227,474,7,6,1,1,1
663,44,228,462,7,6,1,1,1
664,41,227,474,7,6,1,1,1
664,44,228,462,7,6,1,1,1
665,41,227,475,6,5,1,1,1
665,44,228,463,7,6,1,1,1
665,46,211,505,7,6,1,1,1
666,41,227,475,6,5,1,1,1
666,44,228,463,7,6,1,1,1
666,46,211,505,7,6,1,1,1
667,41,225,475,6,6,1,1,1
667,44,229,463,7,6,1,1,1
667,46,209,504,7,6,1,1,1
667,47,222,501,7,6,1,1,1
668,41,225,475,6,6,1,1,1
668,44,229,463,7,6,1,1,1
668,46,209,504,7,6,1,1,1
668,47,222,501,7,6,1,1,1
669,41,223,475,7,6,1,1,1
669,46,207,504,7,6,1,1,1
669,47,223,501,7,6,1,1,1
670,41,223,475,7,6,1,1,1
670,46,207,504,7,6,1,1,1
670,47,223,501,7,6,1,1,1
671,41,222,476,6,6,1,1,1
671,46,205,503,7,6,1,1,1
671,47,225,501,7,6,1,1,1
671,48,229,466,8,6,1,1,1
672,41,222,476,6,6,1,1,1
672,46,205,503,7,6,1,1,1
672,47,225,501,7,6,1,1,1
672,48,229,466,8,6,1,1,1
673,41,220,477,7,6,1,1,1
673,46,203,502,6,6,1,1,1
673,47,227,500,7,6,1,1,1
673,48,230,467,8,6,1,1,1
674,41,220,477,7,6,1,1,1
674,46,203,502,6,6,1,1,1
674,47,227,500,7,6,1,1,1
674,48,230,467,8,6,1,1,1
675,22,217,479,7,6,1,1,1
675,41,219,477,7,6,1,1,1
675,46,201,502,6,5,1,1,1
675,47,229,500,6,5,1,1,1
675,48,230,468,9,7,1,1,1
676,22,217,479,7,6,1,1,1
676,41,219,477,7,6,1,1,1
676,46,201,502,6,5,1,1,1
676,47,229,500,6,5,1,1,1
676,48,230,468,9,7,1,1,1
677,22,217,479,6,6,1,1,1
677,46,200,502,6,5,1,1,1
677,47,230,499,7,5,1,1,1
677,48,230,470,9,6,1,1,1
678,22,217,479,6,6,1,1,1
678,46,200,502,6,5,1,1,1
678,47,230,499,7,5,1,1,1
678,48,230,470,9,6,1,1,1
679,22,215,480,7,6,1,1,1
679,46,198,501,7,5,1,1,1
679,47,232,498,6,6,1,1,1
679,48,231,472,8,6,1,1,1
679,49,210,505,8,6,1,1,1
680,22,215,480,7,6,1,1,1
680,46,198,501,7,5,1,1,1
680,47,232,498,6,6,1,1,1
680,48,231,472,8,6,1,1,1
680,49,210,505,8,6,1,1,1
681,22,213,481,8,6,1,1,1
681,46,196,500,7,6,1,1,1
681,47,233,498,7,5,1,1,1
681,48,231,473,8,7,1,1,1
681,49,210,504,8,6,1,1,1
682,22,213,481,8,6,1,1,1
682,46,196,500,7,6,1,1,1
682,47,233,498,7,5,1,1,1
682,48,231,473,8,7,1,1,1
682,49,210,504,8,6,1,1,1
683,22,212,482,8,6,1,1,1
683,46,194,500,7,5,1,1,1
683,47,234,497,7,6,1,1,1
683,48,231,475,8,7,1,1,1
683,50,213,500,6,5,1,1,1
683,51,186,505,8,6,1,1,1
684,22,212,482,8,6,1,1,1
684,46,194,500,7,5,1,1,1
684,47,234,497,7,6,1,1,1
684,48,231,475,8,7,1,1,1
684,50,213,500,6,5,1,1,1
684,51,186,505,8,6,1,1,1
685,22,211,484,7,5,1,1,1
685,46,193,499,7,6,1,1,1
685,47,235,496,7,6,1,1,1
685,48,231,477,8,6,1,1,1
685,50,213,497,7,6,1,1,1
685,51,186,503,8,5,1,1,1
686,22,211,484,7,5,1,1,1
686,46,193,499,7,6,1,1,1
686,47,235,496,7,6,1,1,1
686,48,231,477,8,6,1,1,1
686,50,213,497,7,6,1,1,1
686,51,186,503,8,5,1,1,1
687,22,210,485,7,6,1,1,1
687,46,192,498,7,6,1,1,1
687,47,236,496,7,5,1,1,1
687,48,232,479,7,6,1,1,1
687,50,215,495,6,5,1,1,1
687,51,187,502,7,5,1,1,1
688,22,210,485,7,6,1,1,1
688,46,192,498,7,6,1,1,1
688,47,236,496,7,5,1,1,1
688,48,232,479,7,6,1,1,1
688,50,215,495,6,5,1,1,1
688,51,187,502,7,5,1,1,1
689,22,208,486,8,7,1,1,1
689,46,189,498,8,6,1,1,1
689,47,238,495,7,6,1,1,1
689,48,231,481,9,7,1,1,1
689,50,215,492,7,6,1,1,1
689,51,187,501,7,4,1,1,1
690,22,208,486,8,7,1,1,1
690,46,189,498,8,6,1,1,1
690,47,238,495,7,6,1,1,1
690,48,231,481,9,7,1,1,1
690,50,215,492,7,6,1,1,1
690,51,187,501,7,4,1,1,1
691,22,207,488,7,6,1,1,1
691,46,188,497,7,6,1,1,1
691,47,238,494,7,6,1,1,1
691,48,231,484,8,6,1,1,1
691,50,216,490,7,6,1,1,1
692,22,207,488,7,6,1,1,1
692,46,188,497,7,6,1,1,1
692,47,238,494,7,6,1,1,1
692,48,231,484,8,6,1,1,1
692,50,216,490,7,6,1,1,1
693,22,206,490,8,6,1,1,1
693,46,188,496,7,6,1,1,1
693,47,239,493,6,6,1,1,1
693,48,231,486,8,6,1,1,1
693,50,217,487,7,6,1,1,1
694,22,206,490,8,6,1,1,1
694,46,188,496,7,6,1,1,1
694,47,239,493,6,6,1,1,1
694,48,231,486,8,6,1,1,1
694,50,217,487,7,6,1,1,1
695,22,206,492,6,5,1,1,1
695,46,187,495,8,6,1,1,1
695,47,240,493,6,5,1,1,1
695,48,231,488,7,6,1,1,1
695,50,218,485,7,6,1,1,1
696,22,206,492,6,5,1,1,1
696,46,187,495,8,6,1,1,1
696,47,240,493,6,5,1,1,1
696,48,231,488,7,6,1,1,1
696,50,218,485,7,6,1,1,1
697,22,205,494,6,5,1,1,1
697,46,186,495,8,6,1,1,1
697,47,240,492,6,5,1,1,1
697,48,231,491,7,5,1,1,1
697,50,219,482,6,6,1,1,1
698,22,205,494,6,5,1,1,1
698,46,186,495,8,6,1,1,1
698,47,240,492,6,5,1,1,1
698,48,231,491,7,5,1,1,1
698,50,219,482,6,6,1,1,1
699,22,204,495,7,6,1,1,1
699,46,185,494,8,7,1,1,1
699,47,240,490,8,6,1,1,1
699,48,230,493,8,6,1,1,1
699,50,219,480,8,6,1,1,1
699,51,187,495,6,5,1,1,1
699,52,191,489,8,6,1,1,1
700,22,204,495,7,6,1,1,1
700,46,185,494,8,7,1,1,1
700,47,240,490,8,6,1,1,1
700,48,230,493,8,6,1,1,1
700,50,219,480,8,6,1,1,1
700,51,187,495,6,5,1,1,1
700,52,191,489,8,6,1,1,1
701,22,202,497,8,6,1,1,1
701,47,240,489,8,7,1,1,1
701,48,230,496,7,6,1,1,1
701,50,220,478,7,6,1,1,1
701,51,186,494,7,6,1,1,1
701,52,192,487,8,6,1,1,1
702,22,202,497,8,6,1,1,1
702,47,240,489,8,7,1,1,1
702,48,230,496,7,6,1,1,1
702,50,220,478,7,6,1,1,1
702,51,186,494,7,6,1,1,1
702,52,192,487,8,6,1,1,1
703,22,202,500,6,5,1,1,1
703,47,241,489,7,6,1,1,1
703,48,229,498,7,6,1,1,1
703,50,221,476,7,6,1,1,1
703,51,185,494,8,6,1,1,1
703,52,193,486,7,5,1,1,1
704,22,202,500,6,5,1,1,1
704,47,241,489,7,6,1,1,1
704,48,229,498,7,6,1,1,1
704,50,221,476,7,6,1,1,1
704,51,185,494,8,6,1,1,1
704,52,193,486,7,5,1,1,1
705,22,200,501,8,6,1,1,1
705,47,241,488,7,6,1,1,1
705,48,228,501,7,6,1,1,1
705,50,221,473,8,7,1,1,1
705,51,185,494,7,5,1,1,1
705,52,194,484,7,5,1,1,1
706,22,200,501,8,6,1,1,1
706,47,241,488,7,6,1,1,1
706,48,228,501,7,6,1,1,1
706,50,221,473,8,7,1,1,1
706,51,185,494,7,5,1,1,1
706,52,194,484,7,5,1,1,1
707,22,200,503,6,6,1,1,1
707,47,241,487,7,6,1,1,1
707,48,227,503,7,6,1,1,1
707,50,222,471,8,7,1,1,1
707,51,185,494,7,5,1,1,1
707,52,195,482,8,5,1,1,1
708,22,200,503,6,6,1,1,1
708,47,241,487,7,6,1,1,1
708,48,227,503,7,6,1,1,1
708,50,222,471,8,7,1,1,1
708,51,185,494,7,5,1,1,1
708,52,195,482,8,5,1,1,1
709,22,199,505,7,5,1,1,1
709,47,241,486,7,6,1,1,1
709,48,226,506,7,5,1,1,1
709,50,223,469,7,7,1,1,1
709,51,185,494,6,5,1,1,1
709,52,196,480,8,6,1,1,1
710,22,199,505,7,5,1,1,1
710,47,241,486,7,6,1,1,1
710,48,226,506,7,5,1,1,1
710,50,223,469,7,7,1,1,1
710,51,185,494,6,5,1,1,1
710,52,196,480,8,6,1,1,1
711,22,199,507,5,4,1,1,1
711,47,241,485,7,6,1,1,1
711,48,226,508,6,3,1,1,1
711,50,224,468,7,6,1,1,1
711,51,185,494,6,5,1,1,1
711,52,197,479,8,6,1,1,1
712,22,199,507,5,4,1,1,1
712,47,241,485,7,6,1,1,1
712,48,226,508,6,3,1,1,1
712,50,224,468,7,6,1,1,1
712,51,185,494,6,5,1,1,1
712,52,197,479,8,6,1,1,1
713,22,198,509,5,2,1,1,1
713,47,240,484,7,6,1,1,1
713,50,224,467,8,6,1,1,1
713,51,184,494,7,5,1,1,1
713,52,198,478,8,6,1,1,1
714,22,198,509,5,2,1,1,1
714,47,240,484,7,6,1,1,1
714,50,224,467,8,6,1,1,1
714,51,184,494,7,5,1,1,1
714,52,198,478,8,6,1,1,1
715,47,240,484,7,6,1,1,1
715,50,225,466,7,6,1,1,1
715,51,184,494,7,5,1,1,1
715,52,200,477,7,6,1,1,1
716,47,240,484,7,6,1,1,1
716,50,225,466,7,6,1,1,1
716,51,184,494,7,5,1,1,1
716,52,200,477,7,6,1,1,1
717,47,239,483,7,6,1,1,1
717,50,226,464,7,6,1,1,1
717,51,185,494,7,6,1,1,1
717,52,201,476,8,6,1,1,1
718,47,239,483,7,6,1,1,1
718,50,226,464,7,6,1,1,1
718,51,185,494,7,6,1,1,1
718,52,201,476,8,6,1,1,1
719,41,204,476,6,6,1,1,1
719,47,238,483,7,5,1,1,1
719,50,227,463,7,6,1,1,1
719,51,185,495,7,5,1,1,1
719,52,202,475,8,6,1,1,1
720,41,204,476,6,6,1,1,1
720,47,238,483,7,5,1,1,1
720,50,227,463,7,6,1,1,1
720,51,185,495,7,5,1,1,1
720,52,202,475,8,6,1,1,1
721,24,204,474,8,6,1,1,1
721,41,203,475,7,6,1,1,1
721,44,228,463,7,6,1,1,1
721,47,237,482,7,5,1,1,1
721,51,186,495,7,5,1,1,1
722,24,204,474,8,6,1,1,1
722,41,203,475,7,6,1,1,1
722,44,228,463,7,6,1,1,1
722,47,237,482,7,5,1,1,1
722,51,186,495,7,5,1,1,1
723,24,206,475,6,5,1,1,1
723,44,227,462,8,6,1,1,1
723,47,236,481,7,6,1,1,1
723,51,187,495,6,5,1,1,1
724,24,206,475,6,5,1,1,1
724,44,227,462,8,6,1,1,1
724,47,236,481,7,6,1,1,1
724,51,187,495,6,5,1,1,1
725,24,207,474,7,6,1,1,1
725,44,228,462,7,6,1,1,1
725,47,235,481,7,5,1,1,1
725,51,189,496,6,4,1,1,1
726,24,207,474,7,6,1,1,1
726,44,228,462,7,6,1,1,1
726,47,235,481,7,5,1,1,1
726,51,189,496,6,4,1,1,1
727,24,208,474,8,6,1,1,1
727,44,228,461,8,6,1,1,1
727,47,233,480,7,6,1,1,1
727,51,190,496,6,5,1,1,1
728,24,208,474,8,6,1,1,1
728,44,228,461,8,6,1,1,1
728,47,233,480,7,6,1,1,1
728,51,190,496,6,5,1,1,1
729,24,210,474,8,5,1,1,1
729,44,228,461,8,6,1,1,1
729,47,232,480,7,6,1,1,1
729,51,191,496,7,5,1,1,1
730,24,210,474,8,5,1,1,1
730,44,228,461,8,6,1,1,1
730,47,232,480,7,6,1,1,1
730,51,191,496,7,5,1,1,1
731,24,212,473,7,6,1,1,1
731,44,229,460,7,7,1,1,1
731,47,230,480,7,5,1,1,1
731,51,193,496,6,5,1,1,1
732,24,212,473,7,6,1,1,1
732,44,229,460,7,7,1,1,1
732,47,230,480,7,5,1,1,1
732,51,193,496,6,5,1,1,1
733,24,214,473,7,6,1,1,1
733,44,229,460,7,6,1,1,1
733,47,229,479,7,6,1,1,1
733,51,194,496,7,6,1,1,1
734,24,214,473,7,6,1,1,1
734,44,229,460,7,6,1,1,1
734,47,229,479,7,6,1,1,1
734,51,194,496,7,6,1,1,1
735,24,216,473,7,6,1,1,1
735,44,229,460,7,6,1,1,1
735,47,227,479,7,6,1,1,1
735,51,196,496,7,6,1,1,1
736,24,216,473,7,6,1,1,1
736,44,229,460,7,6,1,1,1
736,47,227,479,7,6,1,1,1
736,51,196,496,7,6,1,1,1
737,24,216,473,8,6,1,1,1
737,44,230,461,7,6,1,1,1
737,47,226,479,7,6,1,1,1
737,49,217,475,8,5,1,1,1
737,51,197,496,8,6,1,1,1
738,24,216,473,8,6,1,1,1
738,44,230,461,7,6,1,1,1
738,47,226,479,7,6,1,1,1
738,49,217,475,8,5,1,1,1
738,51,197,496,8,6,1,1,1
739,24,218,474,7,6,1,1,1
739,44,230,462,7,6,1,1,1
739,47,224,479,7,6,1,1,1
739,49,218,473,7,5,1,1,1
739,51,198,496,8,7,1,1,1
740,24,218,474,7,6,1,1,1
740,44,230,462,7,6,1,1,1
740,47,224,479,7,6,1,1,1
740,49,218,473,7,5,1,1,1
740,51,198,496,8,7,1,1,1
741,24,219,474,7,6,1,1,1
741,44,230,463,7,6,1,1,1
741,47,222,479,7,6,1,1,1
741,51,200,496,7,7,1,1,1
742,24,219,474,7,6,1,1,1
742,44,230,463,7,6,1,1,1
742,47,222,479,7,6,1,1,1
742,51,200,496,7,7,1,1,1
743,24,221,475,7,6,1,1,1
743,44,230,464,7,6,1,1,1
743,47,220,479,7,6,1,1,1
743,51,201,497,7,6,1,1,1
744,24,221,475,7,6,1,1,1
744,44,230,464,7,6,1,1,1
744,47,220,479,7,6,1,1,1
744,51,201,497,7,6,1,1,1
745,24,223,476,7,6,1,1,1
745,44,230,466,6,5,1,1,1
745,47,218,480,6,5,1,1,1
745,51,203,497,7,6,1,1,1
746,24,223,476,7,6,1,1,1
746,44,230,466,6,5,1,1,1
746,47,218,480,6,5,1,1,1
746,51,203,497,7,6,1,1,1
747,24,225,478,7,5,1,1,1
747,44,229,467,7,6,1,1,1
747,47,216,480,7,6,1,1,1
747,51,205,497,6,6,1,1,1
748,24,225,478,7,5,1,1,1
748,44,229,467,7,6,1,1,1
748,47,216,480,7,6,1,1,1
748,51,205,497,6,6,1,1,1
749,24,228,479,6,5,1,1,1
749,44,229,468,7,6,1,1,1
749,47,214,481,7,5,1,1,1
749,51,206,498,7,5,1,1,1
750,24,228,479,6,5,1,1,1
750,44,229,468,7,6,1,1,1
750,47,214,481,7,5,1,1,1
750,51,206,498,7,5,1,1,1
