1,1,145,49,12,7,1,1,1
1,2,33,163,11,6,1,1,1
1,3,322,280,10,6,1,1,1
1,4,135,435,9,5,1,1,1
2,1,145,49,12,7,1,1,1
2,2,33,163,11,6,1,1,1
2,3,322,280,10,6,1,1,1
2,4,135,435,9,5,1,1,1
3,1,148,52,10,6,1,1,1
3,4,132,434,10,6,1,1,1
4,1,148,52,10,6,1,1,1
4,4,132,434,10,6,1,1,1
5,1,148,53,10,6,1,1,1
5,4,129,433,10,7,1,1,1
5,5,98,429,11,8,1,1,1
6,1,148,53,10,6,1,1,1
6,4,129,433,10,7,1,1,1
6,5,98,429,11,8,1,1,1
7,4,127,433,8,6,1,1,1
7,5,98,430,11,7,1,1,1
7,8,151,57,13,7,1,1,1
8,4,127,433,8,6,1,1,1
8,5,98,430,11,7,1,1,1
8,8,151,57,13,7,1,1,1
9,4,122,433,11,6,1,1,1
9,5,98,430,10,7,1,1,1
9,8,154,60,12,6,1,1,1
10,4,122,433,11,6,1,1,1
10,5,98,430,10,7,1,1,1
10,8,154,60,12,6,1,1,1
11,4,119,432,11,7,1,1,1
11,5,97,429,12,8,1,1,1
11,8,157,63,11,6,1,1,1
12,4,119,432,11,7,1,1,1
12,5,97,429,12,8,1,1,1
12,8,157,63,11,6,1,1,1
13,4,117,431,10,7,1,1,1
13,5,97,429,12,8,1,1,1
13,8,159,65,11,6,1,1,1
14,4,117,431,10,7,1,1,1
14,5,97,429,12,8,1,1,1
14,8,159,65,11,6,1,1,1
15,4,114,431,10,6,1,1,1
15,8,162,68,11,6,1,1,1
15,17,317,308,11,6,1,1,1
16,4,114,431,10,6,1,1,1
16,8,162,68,11,6,1,1,1
16,17,317,308,11,6,1,1,1
17,4,112,430,10,6,1,1,1
17,8,164,71,11,6,1,1,1
17,17,317,309,11,6,1,1,1
18,4,112,430,10,6,1,1,1
18,8,164,71,11,6,1,1,1
18,17,317,309,11,6,1,1,1
19,4,109,428,10,7,1,1,1
19,8,166,74,12,6,1,1,1
20,4,109,428,10,7,1,1,1
20,8,166,74,12,6,1,1,1
21,4,106,427,11,7,1,1,1
21,8,168,76,13,7,1,1,1
22,4,106,427,11,7,1,1,1
22,8,168,76,13,7,1,1,1
23,4,104,427,10,6,1,1,1
23,8,171,79,12,7,1,1,1
24,4,104,427,10,6,1,1,1
24,8,171,79,12,7,1,1,1
25,4,102,425,10,6,1,1,1
25,8,173,82,12,6,1,1,1
26,4,102,425,10,6,1,1,1
26,8,173,82,12,6,1,1,1
27,4,100,424,9,6,1,1,1
27,8,176,85,11,6,1,1,1
28,4,100,424,9,6,1,1,1
28,8,176,85,11,6,1,1,1
29,4,96,422,11,7,1,1,1
29,8,178,88,11,6,1,1,1
30,4,96,422,11,7,1,1,1
30,8,178,88,11,6,1,1,1
31,4,94,420,10,7,1,1,1
31,8,179,90,12,7,1,1,1
32,4,94,420,10,7,1,1,1
32,8,179,90,12,7,1,1,1
33,4,92,419,10,6,1,1,1
33,8,181,93,12,7,1,1,1
34,4,92,419,10,6,1,1,1
34,8,181,93,12,7,1,1,1
35,4,90,417,10,6,1,1,1
35,8,183,96,12,7,1,1,1
36,4,90,417,10,6,1,1,1
36,8,183,96,12,7,1,1,1
37,4,88,415,9,6,1,1,1
37,8,185,99,12,7,1,1,1
37,39,75,426,11,7,1,1,1
38,4,88,415,9,6,1,1,1
38,8,185,99,12,7,1,1,1
38,39,75,426,11,7,1,1,1
39,4,86,413,9,6,1,1,1
39,8,188,102,11,6,1,1,1
39,39,75,426,11,7,1,1,1
40,4,86,413,9,6,1,1,1
40,8,188,102,11,6,1,1,1
40,39,75,426,11,7,1,1,1
41,4,84,411,9,6,1,1,1
41,8,191,105,10,6,1,1,1
41,39,75,426,10,7,1,1,1
42,4,84,411,9,6,1,1,1
42,8,191,105,10,6,1,1,1
42,39,75,426,10,7,1,1,1
43,4,82,409,9,6,1,1,1
43,8,192,108,12,7,1,1,1
43,39,75,427,10,6,1,1,1
44,4,82,409,9,6,1,1,1
44,8,192,108,12,7,1,1,1
44,39,75,427,10,6,1,1,1
45,4,79,407,10,6,1,1,1
45,8,195,111,11,7,1,1,1
45,39,75,427,10,6,1,1,1
46,4,79,407,10,6,1,1,1
46,8,195,111,11,7,1,1,1
46,39,75,427,10,6,1,1,1
47,4,78,404,10,6,1,1,1
47,8,197,114,12,7,1,1,1
47,39,74,427,10,6,1,1,1
48,4,78,404,10,6,1,1,1
48,8,197,114,12,7,1,1,1
48,39,74,427,10,6,1,1,1
49,4,76,402,10,6,1,1,1
49,8,200,117,11,7,1,1,1
49,39,74,426,11,7,1,1,1
49,54,303,369,9,7,1,1,1
50,4,76,402,10,6,1,1,1
50,8,200,117,11,7,1,1,1
50,39,74,426,11,7,1,1,1
50,54,303,369,9,7,1,1,1
51,4,75,400,10,6,1,1,1
51,8,201,120,12,7,1,1,1
51,39,75,426,11,7,1,1,1
51,54,302,370,9,7,1,1,1
52,4,75,400,10,6,1,1,1
52,8,201,120,12,7,1,1,1
52,39,75,426,11,7,1,1,1
52,54,302,370,9,7,1,1,1
53,4,73,397,10,6,1,1,1
53,8,204,124,11,6,1,1,1
53,39,75,426,11,7,1,1,1
54,4,73,397,10,6,1,1,1
54,8,204,124,11,6,1,1,1
54,39,75,426,11,7,1,1,1
55,4,71,394,11,7,1,1,1
55,8,206,127,11,6,1,1,1
55,39,75,426,11,7,1,1,1
56,4,71,394,11,7,1,1,1
56,8,206,127,11,6,1,1,1
56,39,75,426,11,7,1,1,1
57,4,70,391,11,7,1,1,1
57,8,207,130,12,6,1,1,1
57,39,75,425,11,8,1,1,1
58,4,70,391,11,7,1,1,1
58,8,207,130,12,6,1,1,1
58,39,75,425,11,8,1,1,1
59,1,136,82,10,6,1,1,1
59,4,69,389,10,6,1,1,1
59,8,210,133,11,6,1,1,1
59,39,75,425,11,8,1,1,1
60,1,136,82,10,6,1,1,1
60,4,69,389,10,6,1,1,1
60,8,210,133,11,6,1,1,1
60,39,75,425,11,8,1,1,1
61,1,136,84,9,6,1,1,1
61,4,68,386,10,6,1,1,1
61,8,211,136,12,6,1,1,1
61,39,74,425,12,8,1,1,1
61,64,295,387,11,7,1,1,1
62,1,136,84,9,6,1,1,1
62,4,68,386,10,6,1,1,1
62,8,211,136,12,6,1,1,1
62,39,74,425,12,8,1,1,1
62,64,295,387,11,7,1,1,1
63,4,67,383,10,6,1,1,1
63,8,214,139,11,6,1,1,1
63,39,74,425,12,8,1,1,1
63,64,294,390,11,7,1,1,1
64,4,67,383,10,6,1,1,1
64,8,214,139,11,6,1,1,1
64,39,74,425,12,8,1,1,1
64,64,294,390,11,7,1,1,1
65,4,66,380,10,6,1,1,1
65,8,215,142,11,6,1,1,1
65,39,74,425,12,8,1,1,1
65,64,293,393,10,6,1,1,1
66,4,66,380,10,6,1,1,1
66,8,215,142,11,6,1,1,1
66,39,74,425,12,8,1,1,1
66,64,293,393,10,6,1,1,1
67,4,65,377,10,6,1,1,1
67,8,216,145,12,6,1,1,1
67,39,74,425,12,8,1,1,1
67,64,292,396,10,6,1,1,1
68,4,65,377,10,6,1,1,1
68,8,216,145,12,6,1,1,1
68,39,74,425,12,8,1,1,1
68,64,292,396,10,6,1,1,1
69,4,64,373,11,7,1,1,1
69,8,219,148,11,6,1,1,1
69,39,74,425,12,8,1,1,1
69,64,290,398,10,6,1,1,1
70,4,64,373,11,7,1,1,1
70,8,219,148,11,6,1,1,1
70,39,74,425,12,8,1,1,1
70,64,290,398,10,6,1,1,1
71,4,63,370,11,7,1,1,1
71,8,221,151,10,6,1,1,1
71,39,74,425,12,8,1,1,1
71,64,288,401,10,6,1,1,1
72,4,63,370,11,7,1,1,1
72,8,221,151,10,6,1,1,1
72,39,74,425,12,8,1,1,1
72,64,288,401,10,6,1,1,1
73,4,63,367,10,6,1,1,1
73,5,98,429,10,7,1,1,1
73,8,221,154,12,6,1,1,1
73,39,74,425,12,8,1,1,1
73,64,287,404,9,5,1,1,1
74,4,63,367,10,6,1,1,1
74,5,98,429,10,7,1,1,1
74,8,221,154,12,6,1,1,1
74,39,74,425,12,8,1,1,1
74,64,287,404,9,5,1,1,1
75,4,63,364,10,6,1,1,1
75,5,98,430,11,6,1,1,1
75,8,223,157,11,6,1,1,1
75,39,74,425,12,8,1,1,1
75,64,285,407,9,5,1,1,1
75,71,258,443,10,7,1,1,1
76,4,63,364,10,6,1,1,1
76,5,98,430,11,6,1,1,1
76,8,223,157,11,6,1,1,1
76,39,74,425,12,8,1,1,1
76,64,285,407,9,5,1,1,1
76,71,258,443,10,7,1,1,1
77,4,62,360,10,6,1,1,1
77,5,98,430,11,6,1,1,1
77,8,224,160,12,6,1,1,1
77,64,283,409,10,6,1,1,1
77,71,258,443,10,7,1,1,1
78,4,62,360,10,6,1,1,1
78,5,98,430,11,6,1,1,1
78,8,224,160,12,6,1,1,1
78,64,283,409,10,6,1,1,1
78,71,258,443,10,7,1,1,1
79,4,62,357,10,6,1,1,1
79,5,98,430,12,7,1,1,1
79,8,226,163,12,6,1,1,1
79,64,281,411,10,6,1,1,1
79,71,258,443,10,7,1,1,1
80,4,62,357,10,6,1,1,1
80,5,98,430,12,7,1,1,1
80,8,226,163,12,6,1,1,1
80,64,281,411,10,6,1,1,1
80,71,258,443,10,7,1,1,1
81,4,61,353,11,7,1,1,1
81,5,98,430,12,7,1,1,1
81,8,228,166,11,6,1,1,1
81,64,280,413,10,6,1,1,1
81,71,258,443,10,7,1,1,1
82,4,61,353,11,7,1,1,1
82,5,98,430,12,7,1,1,1
82,8,228,166,11,6,1,1,1
82,64,280,413,10,6,1,1,1
82,71,258,443,10,7,1,1,1
83,4,61,350,10,6,1,1,1
83,5,98,430,12,7,1,1,1
83,8,230,169,10,6,1,1,1
83,64,278,415,10,6,1,1,1
83,71,258,443,10,7,1,1,1
84,4,61,350,10,6,1,1,1
84,5,98,430,12,7,1,1,1
84,8,230,169,10,6,1,1,1
84,64,278,415,10,6,1,1,1
84,71,258,443,10,7,1,1,1
85,4,61,346,10,6,1,1,1
85,5,98,430,12,7,1,1,1
85,8,232,172,10,6,1,1,1
85,64,276,417,10,6,1,1,1
85,71,259,443,8,6,1,1,1
86,4,61,346,10,6,1,1,1
86,5,98,430,12,7,1,1,1
86,8,232,172,10,6,1,1,1
86,64,276,417,10,6,1,1,1
86,71,259,443,8,6,1,1,1
87,4,60,342,11,7,1,1,1
87,5,99,430,10,6,1,1,1
87,8,233,175,10,6,1,1,1
87,64,275,419,10,6,1,1,1
87,71,259,444,9,5,1,1,1
88,4,60,342,11,7,1,1,1
88,5,99,430,10,6,1,1,1
88,8,233,175,10,6,1,1,1
88,64,275,419,10,6,1,1,1
88,71,259,444,9,5,1,1,1
89,4,59,338,12,7,1,1,1
89,5,99,430,10,6,1,1,1
89,8,234,179,11,5,1,1,1
89,64,273,420,10,7,1,1,1
89,71,259,444,9,6,1,1,1
90,4,59,338,12,7,1,1,1
90,5,99,430,10,6,1,1,1
90,8,234,179,11,5,1,1,1
90,64,273,420,10,7,1,1,1
90,71,259,444,9,6,1,1,1
91,4,60,335,10,6,1,1,1
91,8,236,182,10,5,1,1,1
91,64,271,422,11,6,1,1,1
91,71,258,444,10,5,1,1,1
92,4,60,335,10,6,1,1,1
92,8,236,182,10,5,1,1,1
92,64,271,422,11,6,1,1,1
92,71,258,444,10,5,1,1,1
93,4,60,331,10,6,1,1,1
93,8,237,185,10,5,1,1,1
93,64,269,423,11,7,1,1,1
93,71,258,444,10,5,1,1,1
94,4,60,331,10,6,1,1,1
94,8,237,185,10,5,1,1,1
94,64,269,423,11,7,1,1,1
94,71,258,444,10,5,1,1,1
95,4,60,327,10,6,1,1,1
95,8,237,187,12,6,1,1,1
95,64,268,425,11,6,1,1,1
95,71,258,444,10,5,1,1,1
96,4,60,327,10,6,1,1,1
96,8,237,187,12,6,1,1,1
96,64,268,425,11,6,1,1,1
96,71,258,444,10,5,1,1,1
97,4,61,323,10,6,1,1,1
97,8,239,190,11,6,1,1,1
97,64,267,426,10,6,1,1,1
97,71,258,444,10,6,1,1,1
97,84,231,59,10,6,1,1,1
98,4,61,323,10,6,1,1,1
98,8,239,190,11,6,1,1,1
98,64,267,426,10,6,1,1,1
98,71,258,444,10,6,1,1,1
98,84,231,59,10,6,1,1,1
99,4,61,319,10,6,1,1,1
99,8,241,193,10,6,1,1,1
99,64,265,427,10,6,1,1,1
99,71,258,443,10,7,1,1,1
99,84,232,59,10,6,1,1,1
100,4,61,319,10,6,1,1,1
100,8,241,193,10,6,1,1,1
100,64,265,427,10,6,1,1,1
100,71,258,443,10,7,1,1,1
100,84,232,59,10,6,1,1,1
101,4,61,315,11,6,1,1,1
101,8,242,195,10,7,1,1,1
101,64,264,428,9,6,1,1,1
101,71,258,443,10,6,1,1,1
102,4,61,315,11,6,1,1,1
102,8,242,195,10,7,1,1,1
102,64,264,428,9,6,1,1,1
102,71,258,443,10,6,1,1,1
103,4,62,311,10,6,1,1,1
103,8,243,198,10,6,1,1,1
103,64,262,429,10,6,1,1,1
103,71,258,443,10,6,1,1,1
104,4,62,311,10,6,1,1,1
104,8,243,198,10,6,1,1,1
104,64,262,429,10,6,1,1,1
104,71,258,443,10,6,1,1,1
105,4,63,307,10,6,1,1,1
105,8,244,201,11,6,1,1,1
105,64,260,430,10,6,1,1,1
105,71,259,442,10,7,1,1,1
105,87,252,58,10,6,1,1,1
106,4,63,307,10,6,1,1,1
106,8,244,201,11,6,1,1,1
106,64,260,430,10,6,1,1,1
106,71,259,442,10,7,1,1,1
106,87,252,58,10,6,1,1,1
107,4,64,303,10,6,1,1,1
107,8,245,203,12,6,1,1,1
107,64,258,431,10,6,1,1,1
107,71,259,442,10,6,1,1,1
107,87,253,58,10,6,1,1,1
108,4,64,303,10,6,1,1,1
108,8,245,203,12,6,1,1,1
108,64,258,431,10,6,1,1,1
108,71,259,442,10,6,1,1,1
108,87,253,58,10,6,1,1,1
109,4,65,298,10,7,1,1,1
109,8,246,206,11,6,1,1,1
109,64,257,432,10,6,1,1,1
109,71,258,442,12,7,1,1,1
110,4,65,298,10,7,1,1,1
110,8,246,206,11,6,1,1,1
110,64,257,432,10,6,1,1,1
110,71,258,442,12,7,1,1,1
111,4,65,294,11,7,1,1,1
111,8,246,208,12,7,1,1,1
111,64,255,432,10,6,1,1,1
111,71,259,442,11,7,1,1,1
112,4,65,294,11,7,1,1,1
112,8,246,208,12,7,1,1,1
112,64,255,432,10,6,1,1,1
112,71,259,442,11,7,1,1,1
113,4,67,290,10,6,1,1,1
113,8,248,210,11,7,1,1,1
113,64,253,433,10,6,1,1,1
114,4,67,290,10,6,1,1,1
114,8,248,210,11,7,1,1,1
114,64,253,433,10,6,1,1,1
115,4,68,286,10,6,1,1,1
115,8,248,213,12,7,1,1,1
115,64,252,433,9,6,1,1,1
116,4,68,286,10,6,1,1,1
116,8,248,213,12,7,1,1,1
116,64,252,433,9,6,1,1,1
117,4,69,282,10,6,1,1,1
117,8,250,215,11,7,1,1,1
117,64,250,434,9,5,1,1,1
118,4,69,282,10,6,1,1,1
118,8,250,215,11,7,1,1,1
118,64,250,434,9,5,1,1,1
119,4,70,277,11,7,1,1,1
119,8,250,218,11,6,1,1,1
119,64,248,434,10,6,1,1,1
120,4,70,277,11,7,1,1,1
120,8,250,218,11,6,1,1,1
120,64,248,434,10,6,1,1,1
121,4,72,273,10,6,1,1,1
121,8,251,220,11,7,1,1,1
121,64,247,435,9,5,1,1,1
122,4,72,273,10,6,1,1,1
122,8,251,220,11,7,1,1,1
122,64,247,435,9,5,1,1,1
123,4,73,269,10,6,1,1,1
123,8,251,223,12,6,1,1,1
123,64,245,434,9,6,1,1,1
124,4,73,269,10,6,1,1,1
124,8,251,223,12,6,1,1,1
124,64,245,434,9,6,1,1,1
125,4,74,264,11,7,1,1,1
125,8,252,225,11,7,1,1,1
125,64,243,434,10,6,1,1,1
126,4,74,264,11,7,1,1,1
126,8,252,225,11,7,1,1,1
126,64,243,434,10,6,1,1,1
127,4,76,260,10,6,1,1,1
127,8,253,228,11,6,1,1,1
127,64,241,434,10,6,1,1,1
128,4,76,260,10,6,1,1,1
128,8,253,228,11,6,1,1,1
128,64,241,434,10,6,1,1,1
129,4,78,255,10,7,1,1,1
129,8,253,230,12,6,1,1,1
129,64,239,433,10,6,1,1,1
130,4,78,255,10,7,1,1,1
130,8,253,230,12,6,1,1,1
130,64,239,433,10,6,1,1,1
131,4,79,251,10,6,1,1,1
131,8,254,232,11,7,1,1,1
131,64,238,433,8,5,1,1,1
132,4,79,251,10,6,1,1,1
132,8,254,232,11,7,1,1,1
132,64,238,433,8,5,1,1,1
133,4,81,247,10,6,1,1,1
133,8,255,235,11,6,1,1,1
133,64,236,433,9,5,1,1,1
134,4,81,247,10,6,1,1,1
134,8,255,235,11,6,1,1,1
134,64,236,433,9,5,1,1,1
135,4,83,242,10,6,1,1,1
135,8,255,237,12,7,1,1,1
135,64,234,432,10,6,1,1,1
136,4,83,242,10,6,1,1,1
136,8,255,237,12,7,1,1,1
136,64,234,432,10,6,1,1,1
137,4,85,238,10,6,1,1,1
137,8,257,239,10,7,1,1,1
137,64,233,431,9,6,1,1,1
138,4,85,238,10,6,1,1,1
138,8,257,239,10,7,1,1,1
138,64,233,431,9,6,1,1,1
139,4,87,234,10,5,1,1,1
139,8,257,242,11,6,1,1,1
139,64,231,430,10,6,1,1,1
140,4,87,234,10,5,1,1,1
140,8,257,242,11,6,1,1,1
140,64,231,430,10,6,1,1,1
141,4,89,229,11,6,1,1,1
141,8,258,244,10,6,1,1,1
141,64,230,429,10,6,1,1,1
142,4,89,229,11,6,1,1,1
142,8,258,244,10,6,1,1,1
142,64,230,429,10,6,1,1,1
143,4,92,224,10,7,1,1,1
143,8,258,246,11,6,1,1,1
143,64,228,428,10,6,1,1,1
144,4,92,224,10,7,1,1,1
144,8,258,246,11,6,1,1,1
144,64,228,428,10,6,1,1,1
145,4,95,220,10,6,1,1,1
145,8,258,248,12,6,1,1,1
145,64,227,427,10,6,1,1,1
146,4,95,220,10,6,1,1,1
146,8,258,248,12,6,1,1,1
146,64,227,427,10,6,1,1,1
147,4,97,216,10,6,1,1,1
147,8,259,250,11,7,1,1,1
147,64,226,426,10,6,1,1,1
148,4,97,216,10,6,1,1,1
148,8,259,250,11,7,1,1,1
148,64,226,426,10,6,1,1,1
149,4,100,211,10,6,1,1,1
149,8,259,252,11,7,1,1,1
149,64,224,424,11,7,1,1,1
150,4,100,211,10,6,1,1,1
150,8,259,252,11,7,1,1,1
150,64,224,424,11,7,1,1,1
151,4,103,207,10,6,1,1,1
151,8,259,254,12,7,1,1,1
151,64,223,423,10,6,1,1,1
152,4,103,207,10,6,1,1,1
152,8,259,254,12,7,1,1,1
152,64,223,423,10,6,1,1,1
153,4,106,202,10,6,1,1,1
153,8,259,256,12,7,1,1,1
153,64,222,422,10,6,1,1,1
154,4,106,202,10,6,1,1,1
154,8,259,256,12,7,1,1,1
154,64,222,422,10,6,1,1,1
155,4,109,198,11,6,1,1,1
155,8,260,258,11,6,1,1,1
155,64,221,420,9,6,1,1,1
156,4,109,198,11,6,1,1,1
156,8,260,258,11,6,1,1,1
156,64,221,420,9,6,1,1,1
157,4,112,193,11,7,1,1,1
157,8,260,260,11,6,1,1,1
157,64,220,419,9,5,1,1,1
158,4,112,193,11,7,1,1,1
158,8,260,260,11,6,1,1,1
158,64,220,419,9,5,1,1,1
159,4,116,189,10,6,1,1,1
159,8,260,261,11,7,1,1,1
159,64,218,417,10,6,1,1,1
160,4,116,189,10,6,1,1,1
160,8,260,261,11,7,1,1,1
160,64,218,417,10,6,1,1,1
161,4,119,185,11,6,1,1,1
161,8,260,263,11,6,1,1,1
161,64,217,415,9,6,1,1,1
162,4,119,185,11,6,1,1,1
162,8,260,263,11,6,1,1,1
162,64,217,415,9,6,1,1,1
163,4,122,180,10,7,1,1,1
163,8,260,264,12,7,1,1,1
163,64,215,413,10,6,1,1,1
164,4,122,180,10,7,1,1,1
164,8,260,264,12,7,1,1,1
164,64,215,413,10,6,1,1,1
165,4,126,176,10,6,1,1,1
165,8,261,266,10,6,1,1,1
165,64,214,411,10,6,1,1,1
166,4,126,176,10,6,1,1,1
166,8,261,266,10,6,1,1,1
166,64,214,411,10,6,1,1,1
167,4,129,172,10,6,1,1,1
167,8,261,267,11,7,1,1,1
167,64,213,409,10,6,1,1,1
168,4,129,172,10,6,1,1,1
168,8,261,267,11,7,1,1,1
168,64,213,409,10,6,1,1,1
169,4,133,168,10,6,1,1,1
169,8,261,269,10,6,1,1,1
169,64,212,407,10,6,1,1,1
170,4,133,168,10,6,1,1,1
170,8,261,269,10,6,1,1,1
170,64,212,407,10,6,1,1,1
171,4,137,163,10,6,1,1,1
171,8,261,270,10,6,1,1,1
171,64,212,405,10,6,1,1,1
172,4,137,163,10,6,1,1,1
172,8,261,270,10,6,1,1,1
172,64,212,405,10,6,1,1,1
173,4,140,159,10,6,1,1,1
173,8,260,271,12,7,1,1,1
173,64,211,402,10,6,1,1,1
174,4,140,159,10,6,1,1,1
174,8,260,271,12,7,1,1,1
174,64,211,402,10,6,1,1,1
175,4,144,155,10,6,1,1,1
175,8,260,272,12,7,1,1,1
175,64,210,400,10,6,1,1,1
176,4,144,155,10,6,1,1,1
176,8,260,272,12,7,1,1,1
176,64,210,400,10,6,1,1,1
177,4,148,151,10,6,1,1,1
177,8,261,273,10,7,1,1,1
177,64,210,397,10,6,1,1,1
178,4,148,151,10,6,1,1,1
178,8,261,273,10,7,1,1,1
178,64,210,397,10,6,1,1,1
179,4,151,147,10,6,1,1,1
179,8,261,275,10,6,1,1,1
179,64,209,394,10,6,1,1,1
180,4,151,147,10,6,1,1,1
180,8,261,275,10,6,1,1,1
180,64,209,394,10,6,1,1,1
181,4,156,142,10,6,1,1,1
181,8,261,276,10,6,1,1,1
181,64,209,392,10,6,1,1,1
182,4,156,142,10,6,1,1,1
182,8,261,276,10,6,1,1,1
182,64,209,392,10,6,1,1,1
183,4,159,138,10,6,1,1,1
183,8,261,277,10,6,1,1,1
183,64,208,389,10,6,1,1,1
184,4,159,138,10,6,1,1,1
184,8,261,277,10,6,1,1,1
184,64,208,389,10,6,1,1,1
185,4,164,135,9,5,1,1,1
185,8,260,278,11,6,1,1,1
185,64,208,386,10,6,1,1,1
186,4,164,135,9,5,1,1,1
186,8,260,278,11,6,1,1,1
186,64,208,386,10,6,1,1,1
187,4,168,131,10,5,1,1,1
187,8,260,278,11,7,1,1,1
187,64,207,383,10,6,1,1,1
188,4,168,131,10,5,1,1,1
188,8,260,278,11,7,1,1,1
188,64,207,383,10,6,1,1,1
189,4,172,127,10,6,1,1,1
189,8,260,279,11,6,1,1,1
189,64,207,380,10,6,1,1,1
190,4,172,127,10,6,1,1,1
190,8,260,279,11,6,1,1,1
190,64,207,380,10,6,1,1,1
191,4,177,123,10,6,1,1,1
191,8,260,280,11,6,1,1,1
191,64,207,377,10,6,1,1,1
192,4,177,123,10,6,1,1,1
192,8,260,280,11,6,1,1,1
192,64,207,377,10,6,1,1,1
193,4,181,119,11,6,1,1,1
193,8,259,280,12,7,1,1,1
193,64,207,374,10,6,1,1,1
194,4,181,119,11,6,1,1,1
194,8,259,280,12,7,1,1,1
194,64,207,374,10,6,1,1,1
195,4,186,115,10,6,1,1,1
195,8,260,281,11,6,1,1,1
195,64,207,371,10,6,1,1,1
196,4,186,115,10,6,1,1,1
196,8,260,281,11,6,1,1,1
196,64,207,371,10,6,1,1,1
197,4,191,111,10,6,1,1,1
197,8,259,281,11,6,1,1,1
197,64,207,368,10,6,1,1,1
198,4,191,111,10,6,1,1,1
198,8,259,281,11,6,1,1,1
198,64,207,368,10,6,1,1,1
199,4,196,108,9,5,1,1,1
199,8,259,282,11,6,1,1,1
199,64,207,365,9,5,1,1,1
200,4,196,108,9,5,1,1,1
200,8,259,282,11,6,1,1,1
200,64,207,365,9,5,1,1,1
201,4,200,104,10,6,1,1,1
201,8,259,282,11,6,1,1,1
201,64,206,361,11,6,1,1,1
202,4,200,104,10,6,1,1,1
202,8,259,282,11,6,1,1,1
202,64,206,361,11,6,1,1,1
203,4,205,100,10,6,1,1,1
203,8,259,282,10,6,1,1,1
203,64,206,358,10,6,1,1,1
204,4,205,100,10,6,1,1,1
204,8,259,282,10,6,1,1,1
204,64,206,358,10,6,1,1,1
205,4,209,97,11,6,1,1,1
205,8,259,282,10,6,1,1,1
205,64,207,355,9,5,1,1,1
206,4,209,97,11,6,1,1,1
206,8,259,282,10,6,1,1,1
206,64,207,355,9,5,1,1,1
207,4,214,93,11,6,1,1,1
207,8,259,282,10,6,1,1,1
207,64,206,351,10,6,1,1,1
208,4,214,93,11,6,1,1,1
208,8,259,282,10,6,1,1,1
208,64,206,351,10,6,1,1,1
209,4,219,90,10,6,1,1,1
209,8,259,282,10,6,1,1,1
209,64,206,348,10,6,1,1,1
210,4,219,90,10,6,1,1,1
210,8,259,282,10,6,1,1,1
210,64,206,348,10,6,1,1,1
211,4,223,86,11,6,1,1,1
211,8,259,282,10,6,1,1,1
211,64,206,344,10,6,1,1,1
212,4,223,86,11,6,1,1,1
212,8,259,282,10,6,1,1,1
212,64,206,344,10,6,1,1,1
213,4,228,83,10,6,1,1,1
213,8,259,282,10,6,1,1,1
213,64,206,340,10,6,1,1,1
214,4,228,83,10,6,1,1,1
214,8,259,282,10,6,1,1,1
214,64,206,340,10,6,1,1,1
215,4,233,79,11,7,1,1,1
215,8,258,281,12,7,1,1,1
215,64,207,336,11,7,1,1,1
216,4,233,79,11,7,1,1,1
216,8,258,281,12,7,1,1,1
216,64,207,336,11,7,1,1,1
217,4,238,76,10,7,1,1,1
217,8,258,281,11,6,1,1,1
217,64,207,333,10,6,1,1,1
218,4,238,76,10,7,1,1,1
218,8,258,281,11,6,1,1,1
218,64,207,333,10,6,1,1,1
219,4,243,73,10,6,1,1,1
219,8,258,281,10,6,1,1,1
219,64,208,329,10,6,1,1,1
220,4,243,73,10,6,1,1,1
220,8,258,281,10,6,1,1,1
220,64,208,329,10,6,1,1,1
221,4,248,70,10,6,1,1,1
221,8,257,280,12,7,1,1,1
221,64,208,325,10,6,1,1,1
222,4,248,70,10,6,1,1,1
222,8,257,280,12,7,1,1,1
222,64,208,325,10,6,1,1,1
223,4,253,67,10,6,1,1,1
223,8,257,280,11,6,1,1,1
223,64,209,321,10,6,1,1,1
224,4,253,67,10,6,1,1,1
224,8,257,280,11,6,1,1,1
224,64,209,321,10,6,1,1,1
225,4,259,64,10,6,1,1,1
225,8,258,279,10,6,1,1,1
225,64,210,317,10,6,1,1,1
226,4,259,64,10,6,1,1,1
226,8,258,279,10,6,1,1,1
226,64,210,317,10,6,1,1,1
227,4,264,61,10,6,1,1,1
227,8,257,279,11,6,1,1,1
227,64,211,313,10,6,1,1,1
228,4,264,61,10,6,1,1,1
228,8,257,279,11,6,1,1,1
228,64,211,313,10,6,1,1,1
229,4,269,58,10,6,1,1,1
229,8,257,278,11,6,1,1,1
229,64,211,309,10,6,1,1,1
230,4,269,58,10,6,1,1,1
230,8,257,278,11,6,1,1,1
230,64,211,309,10,6,1,1,1
231,4,274,55,10,6,1,1,1
231,8,257,277,10,6,1,1,1
231,64,213,305,10,6,1,1,1
232,4,274,55,10,6,1,1,1
232,8,257,277,10,6,1,1,1
232,64,213,305,10,6,1,1,1
233,4,280,52,10,6,1,1,1
233,8,257,276,10,6,1,1,1
233,64,213,300,11,7,1,1,1
234,4,280,52,10,6,1,1,1
234,8,257,276,10,6,1,1,1
234,64,213,300,11,7,1,1,1
235,4,285,50,10,6,1,1,1
235,8,256,275,12,7,1,1,1
235,64,214,296,12,7,1,1,1
236,4,285,50,10,6,1,1,1
236,8,256,275,12,7,1,1,1
236,64,214,296,12,7,1,1,1
237,4,291,47,10,6,1,1,1
237,8,255,274,13,7,1,1,1
237,64,216,292,10,6,1,1,1
238,4,291,47,10,6,1,1,1
238,8,255,274,13,7,1,1,1
238,64,216,292,10,6,1,1,1
239,4,296,44,10,6,1,1,1
239,8,255,273,12,7,1,1,1
239,64,217,288,10,6,1,1,1
239,87,296,45,11,7,1,1,1
240,4,296,44,10,6,1,1,1
240,8,255,273,12,7,1,1,1
240,64,217,288,10,6,1,1,1
240,87,296,45,11,7,1,1,1
241,4,302,42,10,6,1,1,1
241,8,255,272,12,7,1,1,1
241,64,219,284,10,6,1,1,1
241,87,297,44,11,7,1,1,1
242,4,302,42,10,6,1,1,1
242,8,255,272,12,7,1,1,1
242,64,219,284,10,6,1,1,1
242,87,297,44,11,7,1,1,1
243,4,307,40,10,6,1,1,1
243,8,255,271,11,6,1,1,1
243,64,220,280,10,6,1,1,1
244,4,307,40,10,6,1,1,1
244,8,255,271,11,6,1,1,1
244,64,220,280,10,6,1,1,1
245,4,314,38,9,5,1,1,1
245,8,255,270,11,6,1,1,1
245,64,222,276,9,5,1,1,1
246,4,314,38,9,5,1,1,1
246,8,255,270,11,6,1,1,1
246,64,222,276,9,5,1,1,1
247,4,319,35,9,6,1,1,1
247,8,255,269,10,6,1,1,1
247,64,223,271,9,6,1,1,1
248,4,319,35,9,6,1,1,1
248,8,255,269,10,6,1,1,1
248,64,223,271,9,6,1,1,1
249,4,324,33,10,6,1,1,1
249,8,254,267,11,7,1,1,1
249,64,224,267,10,6,1,1,1
250,4,324,33,10,6,1,1,1
250,8,254,267,11,7,1,1,1
250,64,224,267,10,6,1,1,1
251,4,329,31,10,6,1,1,1
251,8,254,266,11,6,1,1,1
251,64,225,262,11,6,1,1,1
252,4,329,31,10,6,1,1,1
252,8,254,266,11,6,1,1,1
252,64,225,262,11,6,1,1,1
253,4,334,29,10,6,1,1,1
253,8,253,265,11,6,1,1,1
253,64,226,258,11,6,1,1,1
254,4,334,29,10,6,1,1,1
254,8,253,265,11,6,1,1,1
254,64,226,258,11,6,1,1,1
267,189,292,19,9,6,1,1,1
268,189,292,19,9,6,1,1,1
269,189,290,18,8,6,1,1,1
270,189,290,18,8,6,1,1,1
271,189,288,17,9,6,1,1,1
272,189,288,17,9,6,1,1,1
281,217,255,13,11,6,1,1,1
282,217,255,13,11,6,1,1,1
283,217,254,13,11,6,1,1,1
284,217,254,13,11,6,1,1,1
287,229,242,11,12,7,1,1,1
288,229,242,11,12,7,1,1,1
289,217,248,12,11,6,1,1,1
289,229,242,10,12,8,1,1,1
289,231,59,227,11,6,1,1,1
290,217,248,12,11,6,1,1,1
290,229,242,10,12,8,1,1,1
290,231,59,227,11,6,1,1,1
291,217,247,11,10,6,1,1,1
291,231,57,224,12,7,1,1,1
292,217,247,11,10,6,1,1,1
292,231,57,224,12,7,1,1,1
293,231,57,222,10,6,1,1,1
293,237,257,11,10,6,1,1,1
294,231,57,222,10,6,1,1,1
294,237,257,11,10,6,1,1,1
295,189,261,11,11,6,1,1,1
295,231,55,219,12,7,1,1,1
295,237,258,11,10,6,1,1,1
296,189,261,11,11,6,1,1,1
296,231,55,219,12,7,1,1,1
296,237,258,11,10,6,1,1,1
297,189,259,10,11,7,1,1,1
297,231,54,217,11,6,1,1,1
298,189,259,10,11,7,1,1,1
298,231,54,217,11,6,1,1,1
299,231,53,214,11,7,1,1,1
299,243,269,12,10,6,1,1,1
300,231,53,214,11,7,1,1,1
300,243,269,12,10,6,1,1,1
301,231,51,211,13,7,1,1,1
301,243,273,12,9,6,1,1,1
302,231,51,211,13,7,1,1,1
302,243,273,12,9,6,1,1,1
303,231,50,208,11,7,1,1,1
303,243,277,13,10,5,1,1,1
304,231,50,208,11,7,1,1,1
304,243,277,13,10,5,1,1,1
305,231,49,206,12,6,1,1,1
305,243,281,13,10,6,1,1,1
306,231,49,206,12,6,1,1,1
306,243,281,13,10,6,1,1,1
307,231,47,203,13,7,1,1,1
307,243,285,14,10,6,1,1,1
308,231,47,203,13,7,1,1,1
308,243,285,14,10,6,1,1,1
309,231,47,200,11,7,1,1,1
309,243,289,14,10,6,1,1,1
310,231,47,200,11,7,1,1,1
310,243,289,14,10,6,1,1,1
311,231,46,198,11,6,1,1,1
311,243,293,15,10,6,1,1,1
312,231,46,198,11,6,1,1,1
312,243,293,15,10,6,1,1,1
313,231,45,195,11,6,1,1,1
313,243,297,16,10,6,1,1,1
314,231,45,195,11,6,1,1,1
314,243,297,16,10,6,1,1,1
315,231,44,192,11,6,1,1,1
315,243,301,17,10,6,1,1,1
316,231,44,192,11,6,1,1,1
316,243,301,17,10,6,1,1,1
317,231,42,189,12,6,1,1,1
317,243,304,18,11,6,1,1,1
318,231,42,189,12,6,1,1,1
318,243,304,18,11,6,1,1,1
319,231,42,186,11,6,1,1,1
319,243,308,19,10,6,1,1,1
320,231,42,186,11,6,1,1,1
320,243,308,19,10,6,1,1,1
321,231,41,183,11,6,1,1,1
321,243,312,21,10,6,1,1,1
322,231,41,183,11,6,1,1,1
322,243,312,21,10,6,1,1,1
323,231,40,180,11,6,1,1,1
323,243,316,22,10,6,1,1,1
324,231,40,180,11,6,1,1,1
324,243,316,22,10,6,1,1,1
325,231,39,177,11,6,1,1,1
325,243,320,24,10,6,1,1,1
326,231,39,177,11,6,1,1,1
326,243,320,24,10,6,1,1,1
327,231,38,174,11,6,1,1,1
327,243,323,25,10,6,1,1,1
328,231,38,174,11,6,1,1,1
328,243,323,25,10,6,1,1,1
329,231,37,170,12,7,1,1,1
329,243,327,27,10,6,1,1,1
329,273,354,373,10,6,1,1,1
330,231,37,170,12,7,1,1,1
330,243,327,27,10,6,1,1,1
330,273,354,373,10,6,1,1,1
331,231,36,167,13,7,1,1,1
331,243,330,29,10,6,1,1,1
331,273,353,374,10,6,1,1,1
332,231,36,167,13,7,1,1,1
332,243,330,29,10,6,1,1,1
332,273,353,374,10,6,1,1,1
333,231,36,164,11,6,1,1,1
333,243,334,31,10,6,1,1,1
334,231,36,164,11,6,1,1,1
334,243,334,31,10,6,1,1,1
335,231,34,160,13,7,1,1,1
335,243,337,33,10,6,1,1,1
336,231,34,160,13,7,1,1,1
336,243,337,33,10,6,1,1,1
337,231,34,157,12,7,1,1,1
337,243,341,35,10,6,1,1,1
338,231,34,157,12,7,1,1,1
338,243,341,35,10,6,1,1,1
339,231,34,154,11,6,1,1,1
339,243,344,37,10,6,1,1,1
340,231,34,154,11,6,1,1,1
340,243,344,37,10,6,1,1,1
341,231,33,150,12,7,1,1,1
341,243,347,39,10,6,1,1,1
342,231,33,150,12,7,1,1,1
342,243,347,39,10,6,1,1,1
343,231,33,147,12,6,1,1,1
343,243,350,42,10,6,1,1,1
344,231,33,147,12,6,1,1,1
344,243,350,42,10,6,1,1,1
345,231,33,143,12,7,1,1,1
345,243,353,44,11,6,1,1,1
346,231,33,143,12,7,1,1,1
346,243,353,44,11,6,1,1,1
347,231,33,140,12,7,1,1,1
347,243,357,47,10,6,1,1,1
348,231,33,140,12,7,1,1,1
348,243,357,47,10,6,1,1,1
349,231,33,137,12,7,1,1,1
349,243,359,49,10,6,1,1,1
350,231,33,137,12,7,1,1,1
350,243,359,49,10,6,1,1,1
351,231,33,134,12,7,1,1,1
351,243,362,52,10,6,1,1,1
352,231,33,134,12,7,1,1,1
352,243,362,52,10,6,1,1,1
353,231,33,131,12,6,1,1,1
353,243,365,55,10,6,1,1,1
353,286,143,60,11,6,1,1,1
354,231,33,131,12,6,1,1,1
354,243,365,55,10,6,1,1,1
354,286,143,60,11,6,1,1,1
355,231,34,127,11,7,1,1,1
355,243,368,58,10,6,1,1,1
355,286,143,59,11,6,1,1,1
356,231,34,127,11,7,1,1,1
356,243,368,58,10,6,1,1,1
356,286,143,59,11,6,1,1,1
357,231,34,124,11,7,1,1,1
357,243,370,61,10,6,1,1,1
357,287,149,55,11,6,1,1,1
358,231,34,124,11,7,1,1,1
358,243,370,61,10,6,1,1,1
358,287,149,55,11,6,1,1,1
359,231,34,121,12,6,1,1,1
359,243,373,64,10,6,1,1,1
359,287,150,54,11,6,1,1,1
360,231,34,121,12,6,1,1,1
360,243,373,64,10,6,1,1,1
360,287,150,54,11,6,1,1,1
361,231,35,118,11,6,1,1,1
361,243,375,67,10,6,1,1,1
361,288,156,50,10,6,1,1,1
362,231,35,118,11,6,1,1,1
362,243,375,67,10,6,1,1,1
362,288,156,50,10,6,1,1,1
363,231,35,114,12,7,1,1,1
363,243,378,70,10,6,1,1,1
363,288,157,49,10,6,1,1,1
364,231,35,114,12,7,1,1,1
364,243,378,70,10,6,1,1,1
364,288,157,49,10,6,1,1,1
365,231,35,110,12,7,1,1,1
365,243,380,73,10,6,1,1,1
366,231,35,110,12,7,1,1,1
366,243,380,73,10,6,1,1,1
367,231,36,107,12,7,1,1,1
367,243,383,76,10,6,1,1,1
368,231,36,107,12,7,1,1,1
368,243,383,76,10,6,1,1,1
369,231,36,104,12,7,1,1,1
369,243,385,80,10,6,1,1,1
369,291,169,41,10,6,1,1,1
370,231,36,104,12,7,1,1,1
370,243,385,80,10,6,1,1,1
370,291,169,41,10,6,1,1,1
371,231,37,100,12,7,1,1,1
371,243,387,83,11,6,1,1,1
371,291,170,40,10,6,1,1,1
372,231,37,100,12,7,1,1,1
372,243,387,83,11,6,1,1,1
372,291,170,40,10,6,1,1,1
373,231,38,97,11,7,1,1,1
373,243,390,87,9,5,1,1,1
373,292,176,37,10,6,1,1,1
374,231,38,97,11,7,1,1,1
374,243,390,87,9,5,1,1,1
374,292,176,37,10,6,1,1,1
375,231,38,94,11,6,1,1,1
375,243,392,90,10,6,1,1,1
375,292,177,36,10,6,1,1,1
376,231,38,94,11,6,1,1,1
376,243,392,90,10,6,1,1,1
376,292,177,36,10,6,1,1,1
377,231,38,91,12,6,1,1,1
377,243,394,93,10,6,1,1,1
377,293,183,33,11,7,1,1,1
378,231,38,91,12,6,1,1,1
378,243,394,93,10,6,1,1,1
378,293,183,33,11,7,1,1,1
379,231,39,87,12,7,1,1,1
379,243,396,97,10,6,1,1,1
379,293,186,32,11,6,1,1,1
380,231,39,87,12,7,1,1,1
380,243,396,97,10,6,1,1,1
380,293,186,32,11,6,1,1,1
381,231,41,84,11,7,1,1,1
381,243,398,101,10,6,1,1,1
381,293,190,30,10,6,1,1,1
382,231,41,84,11,7,1,1,1
382,243,398,101,10,6,1,1,1
382,293,190,30,10,6,1,1,1
383,229,195,28,10,6,1,1,1
383,231,41,81,12,6,1,1,1
383,243,400,105,10,6,1,1,1
383,293,192,29,10,6,1,1,1
384,229,195,28,10,6,1,1,1
384,231,41,81,12,6,1,1,1
384,243,400,105,10,6,1,1,1
384,293,192,29,10,6,1,1,1
385,229,193,29,10,6,1,1,1
385,231,41,77,12,7,1,1,1
385,243,402,108,10,6,1,1,1
386,229,193,29,10,6,1,1,1
386,231,41,77,12,7,1,1,1
386,243,402,108,10,6,1,1,1
387,231,42,74,12,7,1,1,1
387,243,403,112,11,6,1,1,1
387,294,200,25,13,7,1,1,1
388,231,42,74,12,7,1,1,1
388,243,403,112,11,6,1,1,1
388,294,200,25,13,7,1,1,1
389,231,43,71,12,7,1,1,1
389,243,405,116,10,6,1,1,1
389,294,204,24,11,6,1,1,1
390,231,43,71,12,7,1,1,1
390,243,405,116,10,6,1,1,1
390,294,204,24,11,6,1,1,1
391,231,44,68,12,7,1,1,1
391,243,407,120,10,6,1,1,1
391,294,208,23,11,6,1,1,1
392,231,44,68,12,7,1,1,1
392,243,407,120,10,6,1,1,1
392,294,208,23,11,6,1,1,1
393,231,46,65,12,7,1,1,1
393,243,408,124,10,6,1,1,1
393,294,212,22,11,6,1,1,1
394,231,46,65,12,7,1,1,1
394,243,408,124,10,6,1,1,1
394,294,212,22,11,6,1,1,1
395,231,48,62,11,7,1,1,1
395,243,410,128,10,6,1,1,1
395,294,216,21,11,6,1,1,1
396,231,48,62,11,7,1,1,1
396,243,410,128,10,6,1,1,1
396,294,216,21,11,6,1,1,1
397,231,48,59,12,6,1,1,1
397,243,411,132,10,6,1,1,1
397,294,220,20,11,6,1,1,1
398,231,48,59,12,6,1,1,1
398,243,411,132,10,6,1,1,1
398,294,220,20,11,6,1,1,1
399,231,50,55,12,7,1,1,1
399,243,413,136,9,6,1,1,1
399,294,224,19,11,5,1,1,1
400,231,50,55,12,7,1,1,1
400,243,413,136,9,6,1,1,1
400,294,224,19,11,5,1,1,1
401,231,51,53,11,6,1,1,1
401,243,414,140,10,6,1,1,1
401,294,228,18,10,5,1,1,1
402,231,51,53,11,6,1,1,1
402,243,414,140,10,6,1,1,1
402,294,228,18,10,5,1,1,1
403,231,52,50,12,6,1,1,1
403,243,415,144,10,6,1,1,1
403,294,231,17,11,6,1,1,1
404,231,52,50,12,6,1,1,1
404,243,415,144,10,6,1,1,1
404,294,231,17,11,6,1,1,1
405,231,54,47,12,7,1,1,1
405,243,416,148,10,6,1,1,1
405,294,235,16,11,6,1,1,1
406,231,54,47,12,7,1,1,1
406,243,416,148,10,6,1,1,1
406,294,235,16,11,6,1,1,1
407,231,55,44,13,7,1,1,1
407,243,417,152,11,6,1,1,1
407,294,239,16,11,6,1,1,1
408,231,55,44,13,7,1,1,1
408,243,417,152,11,6,1,1,1
408,294,239,16,11,6,1,1,1
409,231,57,41,12,7,1,1,1
409,243,419,156,10,6,1,1,1
409,294,244,16,9,5,1,1,1
410,231,57,41,12,7,1,1,1
410,243,419,156,10,6,1,1,1
410,294,244,16,9,5,1,1,1
411,231,59,38,12,7,1,1,1
411,243,420,160,10,6,1,1,1
411,294,247,15,10,6,1,1,1
412,231,59,38,12,7,1,1,1
412,243,420,160,10,6,1,1,1
412,294,247,15,10,6,1,1,1
413,231,60,36,12,7,1,1,1
413,243,421,164,10,6,1,1,1
413,294,251,15,10,6,1,1,1
413,295,212,410,10,6,1,1,1
414,231,60,36,12,7,1,1,1
414,243,421,164,10,6,1,1,1
414,294,251,15,10,6,1,1,1
414,295,212,410,10,6,1,1,1
415,231,62,33,12,7,1,1,1
415,243,422,169,10,6,1,1,1
415,294,254,15,11,6,1,1,1
415,295,209,409,10,6,1,1,1
416,231,62,33,12,7,1,1,1
416,243,422,169,10,6,1,1,1
416,294,254,15,11,6,1,1,1
416,295,209,409,10,6,1,1,1
417,231,64,31,11,6,1,1,1
417,243,423,173,10,6,1,1,1
417,294,258,15,11,6,1,1,1
417,295,206,408,10,6,1,1,1
418,231,64,31,11,6,1,1,1
418,243,423,173,10,6,1,1,1
418,294,258,15,11,6,1,1,1
418,295,206,408,10,6,1,1,1
419,231,65,28,12,7,1,1,1
419,243,424,177,10,6,1,1,1
419,294,262,15,11,6,1,1,1
419,295,202,407,10,6,1,1,1
420,231,65,28,12,7,1,1,1
420,243,424,177,10,6,1,1,1
420,294,262,15,11,6,1,1,1
420,295,202,407,10,6,1,1,1
421,231,68,26,11,6,1,1,1
421,243,425,182,9,5,1,1,1
421,294,266,15,11,6,1,1,1
421,295,198,406,10,6,1,1,1
422,231,68,26,11,6,1,1,1
422,243,425,182,9,5,1,1,1
422,294,266,15,11,6,1,1,1
422,295,198,406,10,6,1,1,1
423,231,70,24,11,6,1,1,1
423,243,425,186,10,6,1,1,1
423,294,271,16,9,5,1,1,1
423,295,195,405,10,6,1,1,1
424,231,70,24,11,6,1,1,1
424,243,425,186,10,6,1,1,1
424,294,271,16,9,5,1,1,1
424,295,195,405,10,6,1,1,1
425,231,71,21,12,7,1,1,1
425,243,425,191,11,6,1,1,1
425,294,275,16,9,5,1,1,1
425,295,191,403,11,7,1,1,1
426,231,71,21,12,7,1,1,1
426,243,425,191,11,6,1,1,1
426,294,275,16,9,5,1,1,1
426,295,191,403,11,7,1,1,1
427,231,73,19,12,7,1,1,1
427,237,279,16,10,6,1,1,1
427,243,426,195,10,6,1,1,1
427,294,279,16,9,5,1,1,1
427,295,188,402,11,6,1,1,1
428,231,73,19,12,7,1,1,1
428,237,279,16,10,6,1,1,1
428,243,426,195,10,6,1,1,1
428,294,279,16,9,5,1,1,1
428,295,188,402,11,6,1,1,1
429,231,76,17,11,7,1,1,1
429,237,281,17,10,6,1,1,1
429,243,426,199,11,7,1,1,1
429,295,185,401,10,6,1,1,1
430,231,76,17,11,7,1,1,1
430,237,281,17,10,6,1,1,1
430,243,426,199,11,7,1,1,1
430,295,185,401,10,6,1,1,1
431,231,78,15,11,6,1,1,1
431,237,285,17,10,6,1,1,1
431,243,427,204,10,6,1,1,1
431,295,182,399,11,7,1,1,1
432,231,78,15,11,6,1,1,1
432,237,285,17,10,6,1,1,1
432,243,427,204,10,6,1,1,1
432,295,182,399,11,7,1,1,1
433,189,81,12,10,7,1,1,1
433,231,80,13,11,6,1,1,1
433,237,289,18,10,6,1,1,1
433,243,427,208,10,7,1,1,1
433,295,179,398,10,6,1,1,1
434,189,81,12,10,7,1,1,1
434,231,80,13,11,6,1,1,1
434,237,289,18,10,6,1,1,1
434,243,427,208,10,7,1,1,1
434,295,179,398,10,6,1,1,1
435,189,78,13,10,7,1,1,1
435,237,293,19,10,6,1,1,1
435,243,428,213,10,6,1,1,1
435,295,176,396,9,6,1,1,1
436,189,78,13,10,7,1,1,1
436,237,293,19,10,6,1,1,1
436,243,428,213,10,6,1,1,1
436,295,176,396,9,6,1,1,1
437,237,297,20,9,6,1,1,1
437,243,428,218,10,6,1,1,1
437,295,172,394,11,7,1,1,1
437,296,85,9,11,7,1,1,1
438,237,297,20,9,6,1,1,1
438,243,428,218,10,6,1,1,1
438,295,172,394,11,7,1,1,1
438,296,85,9,11,7,1,1,1
439,237,301,21,9,6,1,1,1
439,243,428,222,9,6,1,1,1
439,295,169,393,11,6,1,1,1
439,296,87,7,11,7,1,1,1
440,237,301,21,9,6,1,1,1
440,243,428,222,9,6,1,1,1
440,295,169,393,11,6,1,1,1
440,296,87,7,11,7,1,1,1
441,237,305,22,9,6,1,1,1
441,243,428,227,9,6,1,1,1
441,295,167,391,9,6,1,1,1
441,296,89,5,11,7,1,1,1
442,237,305,22,9,6,1,1,1
442,243,428,227,9,6,1,1,1
442,295,167,391,9,6,1,1,1
442,296,89,5,11,7,1,1,1
443,237,308,23,9,6,1,1,1
443,243,427,231,10,6,1,1,1
443,295,164,389,9,6,1,1,1
443,296,92,3,11,7,1,1,1
444,237,308,23,9,6,1,1,1
444,243,427,231,10,6,1,1,1
444,295,164,389,9,6,1,1,1
444,296,92,3,11,7,1,1,1
445,237,311,24,10,6,1,1,1
445,243,427,236,10,6,1,1,1
445,295,161,387,9,6,1,1,1
445,296,94,1,11,7,1,1,1
446,237,311,24,10,6,1,1,1
446,243,427,236,10,6,1,1,1
446,295,161,387,9,6,1,1,1
446,296,94,1,11,7,1,1,1
447,237,315,25,10,6,1,1,1
447,243,426,240,10,6,1,1,1
447,295,157,384,11,7,1,1,1
447,296,97,0,10,6,1,1,1
448,237,315,25,10,6,1,1,1
448,243,426,240,10,6,1,1,1
448,295,157,384,11,7,1,1,1
448,296,97,0,10,6,1,1,1
449,237,318,27,10,6,1,1,1
449,243,426,244,10,7,1,1,1
449,295,154,382,11,6,1,1,1
449,296,100,0,9,4,1,1,1
450,237,318,27,10,6,1,1,1
450,243,426,244,10,7,1,1,1
450,295,154,382,11,6,1,1,1
450,296,100,0,9,4,1,1,1
451,237,321,28,11,6,1,1,1
451,243,425,249,10,6,1,1,1
451,295,152,380,10,6,1,1,1
451,296,102,0,9,3,1,1,1
452,237,321,28,11,6,1,1,1
452,243,425,249,10,6,1,1,1
452,295,152,380,10,6,1,1,1
452,296,102,0,9,3,1,1,1
453,237,325,30,10,6,1,1,1
453,243,425,253,9,6,1,1,1
453,295,149,377,11,7,1,1,1
454,237,325,30,10,6,1,1,1
454,243,425,253,9,6,1,1,1
454,295,149,377,11,7,1,1,1
455,237,328,32,11,6,1,1,1
455,243,424,258,10,5,1,1,1
455,295,146,375,10,6,1,1,1
456,237,328,32,11,6,1,1,1
456,243,424,258,10,5,1,1,1
456,295,146,375,10,6,1,1,1
457,237,332,34,9,5,1,1,1
457,243,423,262,9,6,1,1,1
457,295,144,372,11,7,1,1,1
458,237,332,34,9,5,1,1,1
458,243,423,262,9,6,1,1,1
458,295,144,372,11,7,1,1,1
459,237,336,36,9,5,1,1,1
459,243,422,267,9,5,1,1,1
459,295,141,370,10,6,1,1,1
460,237,336,36,9,5,1,1,1
460,243,422,267,9,5,1,1,1
460,295,141,370,10,6,1,1,1
461,237,339,38,9,6,1,1,1
461,243,420,271,10,6,1,1,1
461,295,139,367,10,6,1,1,1
462,237,339,38,9,6,1,1,1
462,243,420,271,10,6,1,1,1
462,295,139,367,10,6,1,1,1
463,237,342,40,10,6,1,1,1
463,243,419,275,10,6,1,1,1
463,295,136,364,10,6,1,1,1
464,237,342,40,10,6,1,1,1
464,243,419,275,10,6,1,1,1
464,295,136,364,10,6,1,1,1
465,237,345,42,10,6,1,1,1
465,243,417,279,11,7,1,1,1
465,295,134,362,10,6,1,1,1
466,237,345,42,10,6,1,1,1
466,243,417,279,11,7,1,1,1
466,295,134,362,10,6,1,1,1
467,237,348,44,11,6,1,1,1
467,243,416,283,10,7,1,1,1
467,295,132,359,10,6,1,1,1
468,237,348,44,11,6,1,1,1
468,243,416,283,10,7,1,1,1
468,295,132,359,10,6,1,1,1
469,237,352,47,9,5,1,1,1
469,243,415,288,10,6,1,1,1
469,295,130,356,9,6,1,1,1
470,237,352,47,9,5,1,1,1
470,243,415,288,10,6,1,1,1
470,295,130,356,9,6,1,1,1
471,237,355,49,10,6,1,1,1
471,243,413,292,10,6,1,1,1
471,295,127,353,10,6,1,1,1
472,237,355,49,10,6,1,1,1
472,243,413,292,10,6,1,1,1
472,295,127,353,10,6,1,1,1
473,237,357,51,11,6,1,1,1
473,243,411,296,10,6,1,1,1
473,295,125,350,10,6,1,1,1
474,237,357,51,11,6,1,1,1
474,243,411,296,10,6,1,1,1
474,295,125,350,10,6,1,1,1
475,237,360,54,11,6,1,1,1
475,243,409,300,11,7,1,1,1
475,295,123,346,11,7,1,1,1
476,237,360,54,11,6,1,1,1
476,243,409,300,11,7,1,1,1
476,295,123,346,11,7,1,1,1
477,237,363,57,11,6,1,1,1
477,243,407,304,11,7,1,1,1
477,295,121,343,10,6,1,1,1
478,237,363,57,11,6,1,1,1
478,243,407,304,11,7,1,1,1
478,295,121,343,10,6,1,1,1
479,237,366,59,11,6,1,1,1
479,243,405,308,10,7,1,1,1
479,295,119,340,10,6,1,1,1
480,237,366,59,11,6,1,1,1
480,243,405,308,10,7,1,1,1
480,295,119,340,10,6,1,1,1
481,237,369,62,11,6,1,1,1
481,243,403,313,9,6,1,1,1
481,295,117,336,11,7,1,1,1
482,237,369,62,11,6,1,1,1
482,243,403,313,9,6,1,1,1
482,295,117,336,11,7,1,1,1
483,237,372,65,11,6,1,1,1
483,243,400,317,10,6,1,1,1
483,295,116,333,10,6,1,1,1
484,237,372,65,11,6,1,1,1
484,243,400,317,10,6,1,1,1
484,295,116,333,10,6,1,1,1
485,237,375,68,10,6,1,1,1
485,243,398,320,10,7,1,1,1
485,295,114,329,11,7,1,1,1
486,237,375,68,10,6,1,1,1
486,243,398,320,10,7,1,1,1
486,295,114,329,11,7,1,1,1
487,237,378,71,10,6,1,1,1
487,243,395,324,10,7,1,1,1
487,295,113,326,10,6,1,1,1
488,237,378,71,10,6,1,1,1
488,243,395,324,10,7,1,1,1
488,295,113,326,10,6,1,1,1
489,237,380,74,10,6,1,1,1
489,243,392,328,11,7,1,1,1
489,295,111,323,10,6,1,1,1
490,237,380,74,10,6,1,1,1
490,243,392,328,11,7,1,1,1
490,295,111,323,10,6,1,1,1
491,237,383,77,10,6,1,1,1
491,243,390,332,10,6,1,1,1
491,295,110,319,10,6,1,1,1
492,237,383,77,10,6,1,1,1
492,243,390,332,10,6,1,1,1
492,295,110,319,10,6,1,1,1
493,237,385,80,11,7,1,1,1
493,243,388,336,10,6,1,1,1
493,295,109,316,9,6,1,1,1
494,237,385,80,11,7,1,1,1
494,243,388,336,10,6,1,1,1
494,295,109,316,9,6,1,1,1
495,237,387,84,11,6,1,1,1
495,243,385,339,11,7,1,1,1
495,295,107,312,10,6,1,1,1
496,237,387,84,11,6,1,1,1
496,243,385,339,11,7,1,1,1
496,295,107,312,10,6,1,1,1
497,237,390,87,10,6,1,1,1
497,243,382,343,11,6,1,1,1
497,295,106,308,10,7,1,1,1
498,237,390,87,10,6,1,1,1
498,243,382,343,11,6,1,1,1
498,295,106,308,10,7,1,1,1
499,237,392,90,11,7,1,1,1
499,243,379,346,11,7,1,1,1
499,295,105,305,10,6,1,1,1
500,237,392,90,11,7,1,1,1
500,243,379,346,11,7,1,1,1
500,295,105,305,10,6,1,1,1
501,237,395,94,10,6,1,1,1
501,243,377,350,10,6,1,1,1
501,295,104,301,9,6,1,1,1
502,237,395,94,10,6,1,1,1
502,243,377,350,10,6,1,1,1
502,295,104,301,9,6,1,1,1
503,237,397,97,11,6,1,1,1
503,243,374,353,10,6,1,1,1
503,295,102,297,10,6,1,1,1
504,237,397,97,11,6,1,1,1
504,243,374,353,10,6,1,1,1
504,295,102,297,10,6,1,1,1
505,237,400,101,10,6,1,1,1
505,243,371,356,11,7,1,1,1
505,295,101,293,11,6,1,1,1
506,237,400,101,10,6,1,1,1
506,243,371,356,11,7,1,1,1
506,295,101,293,11,6,1,1,1
507,237,402,104,10,6,1,1,1
507,243,368,359,11,7,1,1,1
507,295,100,289,10,7,1,1,1
508,237,402,104,10,6,1,1,1
508,243,368,359,11,7,1,1,1
508,295,100,289,10,7,1,1,1
509,237,404,108,11,6,1,1,1
509,243,365,362,11,7,1,1,1
509,295,99,286,10,6,1,1,1
510,237,404,108,11,6,1,1,1
510,243,365,362,11,7,1,1,1
510,295,99,286,10,6,1,1,1
511,237,406,111,11,7,1,1,1
511,243,363,365,10,7,1,1,1
511,295,98,282,10,6,1,1,1
512,237,406,111,11,7,1,1,1
512,243,363,365,10,7,1,1,1
512,295,98,282,10,6,1,1,1
513,237,409,115,10,6,1,1,1
513,243,360,369,10,6,1,1,1
513,295,98,278,9,6,1,1,1
514,237,409,115,10,6,1,1,1
514,243,360,369,10,6,1,1,1
514,295,98,278,9,6,1,1,1
515,237,411,119,11,6,1,1,1
515,243,357,372,9,6,1,1,1
515,295,97,274,10,6,1,1,1
516,237,411,119,11,6,1,1,1
516,243,357,372,9,6,1,1,1
516,295,97,274,10,6,1,1,1
517,237,414,123,10,6,1,1,1
517,243,353,375,10,6,1,1,1
517,295,96,270,10,7,1,1,1
518,237,414,123,10,6,1,1,1
518,243,353,375,10,6,1,1,1
518,295,96,270,10,7,1,1,1
519,237,416,127,10,6,1,1,1
519,243,351,378,9,6,1,1,1
519,295,96,267,10,6,1,1,1
520,237,416,127,10,6,1,1,1
520,243,351,378,9,6,1,1,1
520,295,96,267,10,6,1,1,1
521,237,417,131,10,6,1,1,1
521,295,95,263,10,6,1,1,1
522,237,417,131,10,6,1,1,1
522,295,95,263,10,6,1,1,1
523,237,419,135,10,6,1,1,1
523,295,95,259,10,6,1,1,1
524,237,419,135,10,6,1,1,1
524,295,95,259,10,6,1,1,1
525,237,420,139,10,6,1,1,1
525,295,94,255,10,6,1,1,1
526,237,420,139,10,6,1,1,1
526,295,94,255,10,6,1,1,1
527,237,421,144,10,6,1,1,1
527,295,95,251,8,6,1,1,1
528,237,421,144,10,6,1,1,1
528,295,95,251,8,6,1,1,1
529,237,421,148,10,6,1,1,1
529,295,95,248,8,5,1,1,1
530,237,421,148,10,6,1,1,1
530,295,95,248,8,5,1,1,1
531,237,422,152,10,6,1,1,1
531,295,94,244,9,5,1,1,1
532,237,422,152,10,6,1,1,1
532,295,94,244,9,5,1,1,1
533,237,423,156,10,6,1,1,1
533,295,94,240,9,5,1,1,1
534,237,423,156,10,6,1,1,1
534,295,94,240,9,5,1,1,1
535,237,424,161,9,5,1,1,1
535,295,94,236,9,5,1,1,1
536,237,424,161,9,5,1,1,1
536,295,94,236,9,5,1,1,1
537,237,424,165,9,5,1,1,1
537,295,95,232,8,5,1,1,1
538,237,424,165,9,5,1,1,1
538,295,95,232,8,5,1,1,1
539,237,424,169,10,6,1,1,1
539,295,95,228,8,5,1,1,1
540,237,424,169,10,6,1,1,1
540,295,95,228,8,5,1,1,1
541,237,425,173,10,6,1,1,1
541,295,94,223,10,6,1,1,1
542,237,425,173,10,6,1,1,1
542,295,94,223,10,6,1,1,1
543,237,425,177,10,6,1,1,1
543,295,95,219,10,6,1,1,1
544,237,425,177,10,6,1,1,1
544,295,95,219,10,6,1,1,1
545,237,426,182,10,6,1,1,1
545,295,95,215,10,6,1,1,1
546,237,426,182,10,6,1,1,1
546,295,95,215,10,6,1,1,1
547,237,426,186,10,6,1,1,1
547,295,96,211,10,6,1,1,1
548,237,426,186,10,6,1,1,1
548,295,96,211,10,6,1,1,1
549,237,427,190,10,6,1,1,1
549,295,96,207,10,6,1,1,1
550,237,427,190,10,6,1,1,1
550,295,96,207,10,6,1,1,1
551,237,427,195,10,6,1,1,1
551,295,97,203,10,6,1,1,1
552,237,427,195,10,6,1,1,1
552,295,97,203,10,6,1,1,1
553,237,427,199,11,6,1,1,1
553,295,97,199,10,6,1,1,1
554,237,427,199,11,6,1,1,1
554,295,97,199,10,6,1,1,1
555,237,428,203,10,6,1,1,1
555,295,98,194,10,7,1,1,1
556,237,428,203,10,6,1,1,1
556,295,98,194,10,7,1,1,1
557,237,428,208,10,6,1,1,1
557,295,99,190,10,7,1,1,1
557,298,243,0,15,4,1,1,1
558,237,428,208,10,6,1,1,1
558,295,99,190,10,7,1,1,1
558,298,243,0,15,4,1,1,1
559,237,429,212,10,6,1,1,1
559,295,100,186,10,7,1,1,1
559,298,244,0,17,6,1,1,1
560,237,429,212,10,6,1,1,1
560,295,100,186,10,7,1,1,1
560,298,244,0,17,6,1,1,1
561,237,429,217,10,6,1,1,1
561,295,101,182,10,7,1,1,1
561,298,246,1,19,7,1,1,1
562,237,429,217,10,6,1,1,1
562,295,101,182,10,7,1,1,1
562,298,246,1,19,7,1,1,1
563,237,429,222,9,6,1,1,1
563,295,102,179,9,6,1,1,1
563,298,247,3,21,7,1,1,1
564,237,429,222,9,6,1,1,1
564,295,102,179,9,6,1,1,1
564,298,247,3,21,7,1,1,1
565,237,429,227,9,5,1,1,1
565,295,103,175,10,6,1,1,1
565,298,250,5,20,7,1,1,1
566,237,429,227,9,5,1,1,1
566,295,103,175,10,6,1,1,1
566,298,250,5,20,7,1,1,1
567,237,428,231,9,6,1,1,1
567,295,105,171,9,6,1,1,1
567,298,253,7,18,6,1,1,1
568,237,428,231,9,6,1,1,1
568,295,105,171,9,6,1,1,1
568,298,253,7,18,6,1,1,1
569,237,428,236,10,5,1,1,1
569,295,105,167,10,6,1,1,1
569,298,255,9,19,7,1,1,1
570,237,428,236,10,5,1,1,1
570,295,105,167,10,6,1,1,1
570,298,255,9,19,7,1,1,1
571,237,427,240,10,6,1,1,1
571,295,107,164,10,5,1,1,1
571,298,258,11,18,7,1,1,1
572,237,427,240,10,6,1,1,1
572,295,107,164,10,5,1,1,1
572,298,258,11,18,7,1,1,1
573,237,426,245,10,6,1,1,1
573,295,108,160,10,6,1,1,1
573,298,260,13,18,7,1,1,1
574,237,426,245,10,6,1,1,1
574,295,108,160,10,6,1,1,1
574,298,260,13,18,7,1,1,1
575,237,426,249,10,6,1,1,1
575,295,110,156,9,6,1,1,1
575,298,263,16,16,6,1,1,1
576,237,426,249,10,6,1,1,1
576,295,110,156,9,6,1,1,1
576,298,263,16,16,6,1,1,1
577,237,425,254,10,6,1,1,1
577,295,111,152,10,6,1,1,1
577,298,265,18,17,7,1,1,1
578,237,425,254,10,6,1,1,1
578,295,111,152,10,6,1,1,1
578,298,265,18,17,7,1,1,1
579,237,424,258,10,6,1,1,1
579,295,112,149,10,5,1,1,1
579,298,268,21,15,6,1,1,1
580,237,424,258,10,6,1,1,1
580,295,112,149,10,5,1,1,1
580,298,268,21,15,6,1,1,1
581,237,422,263,11,6,1,1,1
581,295,114,145,10,6,1,1,1
581,298,270,23,15,6,1,1,1
582,237,422,263,11,6,1,1,1
582,295,114,145,10,6,1,1,1
582,298,270,23,15,6,1,1,1
583,237,422,267,10,7,1,1,1
583,295,116,141,10,6,1,1,1
583,298,272,25,15,7,1,1,1
584,237,422,267,10,7,1,1,1
584,295,116,141,10,6,1,1,1
584,298,272,25,15,7,1,1,1
585,237,421,272,10,6,1,1,1
585,295,117,138,10,6,1,1,1
585,298,274,28,16,7,1,1,1
586,237,421,272,10,6,1,1,1
586,295,117,138,10,6,1,1,1
586,298,274,28,16,7,1,1,1
587,237,419,276,11,6,1,1,1
587,295,119,134,10,7,1,1,1
587,298,277,31,14,6,1,1,1
588,237,419,276,11,6,1,1,1
588,295,119,134,10,7,1,1,1
588,298,277,31,14,6,1,1,1
589,237,419,280,10,7,1,1,1
589,295,121,131,10,6,1,1,1
589,298,279,33,14,7,1,1,1
590,237,419,280,10,7,1,1,1
590,295,121,131,10,6,1,1,1
590,298,279,33,14,7,1,1,1
591,237,417,285,10,6,1,1,1
591,295,124,128,9,6,1,1,1
591,298,281,36,14,7,1,1,1
592,237,417,285,10,6,1,1,1
592,295,124,128,9,6,1,1,1
592,298,281,36,14,7,1,1,1
593,237,416,289,9,6,1,1,1
593,295,125,125,10,5,1,1,1
593,298,283,39,14,6,1,1,1
593,312,209,417,12,7,1,1,1
594,237,416,289,9,6,1,1,1
594,295,125,125,10,5,1,1,1
594,298,283,39,14,6,1,1,1
594,312,209,417,12,7,1,1,1
595,237,414,294,10,5,1,1,1
595,295,127,121,10,6,1,1,1
595,298,285,41,13,7,1,1,1
595,312,207,416,10,7,1,1,1
596,237,414,294,10,5,1,1,1
596,295,127,121,10,6,1,1,1
596,298,285,41,13,7,1,1,1
596,312,207,416,10,7,1,1,1
597,237,412,298,10,6,1,1,1
597,295,129,118,10,6,1,1,1
597,298,287,45,12,6,1,1,1
597,312,203,416,11,6,1,1,1
598,237,412,298,10,6,1,1,1
598,295,129,118,10,6,1,1,1
598,298,287,45,12,6,1,1,1
598,312,203,416,11,6,1,1,1
599,237,410,302,11,6,1,1,1
599,295,132,115,9,6,1,1,1
599,298,288,47,13,7,1,1,1
599,312,200,415,10,7,1,1,1
600,237,410,302,11,6,1,1,1
600,295,132,115,9,6,1,1,1
600,298,288,47,13,7,1,1,1
600,312,200,415,10,7,1,1,1
601,237,409,306,11,7,1,1,1
601,295,134,112,10,5,1,1,1
601,298,289,50,13,7,1,1,1
601,312,196,415,10,6,1,1,1
602,237,409,306,11,7,1,1,1
602,295,134,112,10,5,1,1,1
602,298,289,50,13,7,1,1,1
602,312,196,415,10,6,1,1,1
603,237,407,311,11,6,1,1,1
603,295,136,108,10,6,1,1,1
603,298,291,54,12,6,1,1,1
603,312,192,414,10,6,1,1,1
604,237,407,311,11,6,1,1,1
604,295,136,108,10,6,1,1,1
604,298,291,54,12,6,1,1,1
604,312,192,414,10,6,1,1,1
605,237,406,315,10,6,1,1,1
605,295,138,105,10,6,1,1,1
605,298,293,57,11,6,1,1,1
605,312,188,413,10,6,1,1,1
606,237,406,315,10,6,1,1,1
606,295,138,105,10,6,1,1,1
606,298,293,57,11,6,1,1,1
606,312,188,413,10,6,1,1,1
607,237,404,319,10,6,1,1,1
607,295,140,102,11,6,1,1,1
607,298,294,60,12,6,1,1,1
607,312,185,412,10,6,1,1,1
608,237,404,319,10,6,1,1,1
608,295,140,102,11,6,1,1,1
608,298,294,60,12,6,1,1,1
608,312,185,412,10,6,1,1,1
609,237,402,323,10,6,1,1,1
609,295,143,100,10,5,1,1,1
609,298,296,63,11,6,1,1,1
609,312,181,411,10,6,1,1,1
610,237,402,323,10,6,1,1,1
610,295,143,100,10,5,1,1,1
610,298,296,63,11,6,1,1,1
610,312,181,411,10,6,1,1,1
611,237,400,327,10,6,1,1,1
611,295,145,97,10,6,1,1,1
611,298,296,66,13,7,1,1,1
611,312,178,409,9,6,1,1,1
612,237,400,327,10,6,1,1,1
612,295,145,97,10,6,1,1,1
612,298,296,66,13,7,1,1,1
612,312,178,409,9,6,1,1,1
613,237,398,331,10,6,1,1,1
613,295,148,94,10,6,1,1,1
613,298,298,69,11,7,1,1,1
613,312,174,408,10,6,1,1,1
614,237,398,331,10,6,1,1,1
614,295,148,94,10,6,1,1,1
614,298,298,69,11,7,1,1,1
614,312,174,408,10,6,1,1,1
615,237,395,334,11,7,1,1,1
615,295,150,91,10,6,1,1,1
615,298,299,72,11,6,1,1,1
615,312,170,406,10,6,1,1,1
616,237,395,334,11,7,1,1,1
616,295,150,91,10,6,1,1,1
616,298,299,72,11,6,1,1,1
616,312,170,406,10,6,1,1,1
617,237,394,338,10,6,1,1,1
617,295,152,88,12,7,1,1,1
617,298,299,75,13,7,1,1,1
617,312,166,405,10,6,1,1,1
618,237,394,338,10,6,1,1,1
618,295,152,88,12,7,1,1,1
618,298,299,75,13,7,1,1,1
618,312,166,405,10,6,1,1,1
619,237,391,342,10,6,1,1,1
619,295,155,86,11,6,1,1,1
619,298,300,78,13,7,1,1,1
619,312,163,403,9,6,1,1,1
620,237,391,342,10,6,1,1,1
620,295,155,86,11,6,1,1,1
620,298,300,78,13,7,1,1,1
620,312,163,403,9,6,1,1,1
621,237,389,345,11,7,1,1,1
621,295,158,84,10,5,1,1,1
621,298,301,81,13,7,1,1,1
621,312,159,401,10,6,1,1,1
622,237,389,345,11,7,1,1,1
622,295,158,84,10,5,1,1,1
622,298,301,81,13,7,1,1,1
622,312,159,401,10,6,1,1,1
623,237,387,349,10,6,1,1,1
623,295,160,81,11,6,1,1,1
623,298,302,84,13,7,1,1,1
623,312,155,399,10,6,1,1,1
624,237,387,349,10,6,1,1,1
624,295,160,81,11,6,1,1,1
624,298,302,84,13,7,1,1,1
624,312,155,399,10,6,1,1,1
625,237,384,352,10,6,1,1,1
625,295,163,79,10,6,1,1,1
625,298,303,87,12,7,1,1,1
625,312,151,397,10,6,1,1,1
626,237,384,352,10,6,1,1,1
626,295,163,79,10,6,1,1,1
626,298,303,87,12,7,1,1,1
626,312,151,397,10,6,1,1,1
627,237,382,356,10,6,1,1,1
627,295,166,76,10,6,1,1,1
627,298,303,91,12,7,1,1,1
627,312,148,395,10,6,1,1,1
628,237,382,356,10,6,1,1,1
628,295,166,76,10,6,1,1,1
628,298,303,91,12,7,1,1,1
628,312,148,395,10,6,1,1,1
629,237,379,359,10,6,1,1,1
629,295,169,74,10,6,1,1,1
629,298,303,94,13,7,1,1,1
629,312,144,392,11,7,1,1,1
630,237,379,359,10,6,1,1,1
630,295,169,74,10,6,1,1,1
630,298,303,94,13,7,1,1,1
630,312,144,392,11,7,1,1,1
631,237,376,362,10,7,1,1,1
631,295,172,72,10,6,1,1,1
631,298,303,97,13,7,1,1,1
631,312,140,390,11,6,1,1,1
632,237,376,362,10,7,1,1,1
632,295,172,72,10,6,1,1,1
632,298,303,97,13,7,1,1,1
632,312,140,390,11,6,1,1,1
633,237,372,365,12,7,1,1,1
633,295,175,70,10,6,1,1,1
633,298,304,101,11,7,1,1,1
633,312,137,388,10,6,1,1,1
634,237,372,365,12,7,1,1,1
634,295,175,70,10,6,1,1,1
634,298,304,101,11,7,1,1,1
634,312,137,388,10,6,1,1,1
635,237,370,369,10,6,1,1,1
635,295,178,68,10,6,1,1,1
635,298,304,104,12,7,1,1,1
635,312,134,385,10,6,1,1,1
636,237,370,369,10,6,1,1,1
636,295,178,68,10,6,1,1,1
636,298,304,104,12,7,1,1,1
636,312,134,385,10,6,1,1,1
637,237,367,372,10,6,1,1,1
637,295,181,66,10,6,1,1,1
637,298,305,108,11,6,1,1,1
637,312,130,382,11,7,1,1,1
638,237,367,372,10,6,1,1,1
638,295,181,66,10,6,1,1,1
638,298,305,108,11,6,1,1,1
638,312,130,382,11,7,1,1,1
639,237,364,375,9,6,1,1,1
639,295,184,64,10,6,1,1,1
639,298,305,111,11,7,1,1,1
639,312,127,380,10,6,1,1,1
640,237,364,375,9,6,1,1,1
640,295,184,64,10,6,1,1,1
640,298,305,111,11,7,1,1,1
640,312,127,380,10,6,1,1,1
641,237,361,378,9,6,1,1,1
641,295,188,62,10,6,1,1,1
641,298,305,115,12,6,1,1,1
641,312,124,377,10,6,1,1,1
642,237,361,378,9,6,1,1,1
642,295,188,62,10,6,1,1,1
642,298,305,115,12,6,1,1,1
642,312,124,377,10,6,1,1,1
643,237,358,381,10,6,1,1,1
643,295,191,61,9,5,1,1,1
643,298,306,118,11,6,1,1,1
643,312,121,374,10,6,1,1,1
644,237,358,381,10,6,1,1,1
644,295,191,61,9,5,1,1,1
644,298,306,118,11,6,1,1,1
644,312,121,374,10,6,1,1,1
645,295,194,59,10,6,1,1,1
645,298,305,121,12,7,1,1,1
645,312,118,371,10,6,1,1,1
646,295,194,59,10,6,1,1,1
646,298,305,121,12,7,1,1,1
646,312,118,371,10,6,1,1,1
647,295,197,57,10,6,1,1,1
647,298,306,125,11,7,1,1,1
647,312,116,368,10,6,1,1,1
648,295,197,57,10,6,1,1,1
648,298,306,125,11,7,1,1,1
648,312,116,368,10,6,1,1,1
649,295,201,56,10,6,1,1,1
649,298,306,129,11,6,1,1,1
649,312,114,365,9,5,1,1,1
650,295,201,56,10,6,1,1,1
650,298,306,129,11,6,1,1,1
650,312,114,365,9,5,1,1,1
651,295,205,55,9,5,1,1,1
651,298,305,132,12,6,1,1,1
651,312,110,361,11,7,1,1,1
652,295,205,55,9,5,1,1,1
652,298,305,132,12,6,1,1,1
652,312,110,361,11,7,1,1,1
653,295,207,53,10,6,1,1,1
653,298,306,135,11,7,1,1,1
653,312,107,358,11,6,1,1,1
654,295,207,53,10,6,1,1,1
654,298,306,135,11,7,1,1,1
654,312,107,358,11,6,1,1,1
655,295,211,52,10,6,1,1,1
655,298,305,139,12,6,1,1,1
655,312,105,355,11,6,1,1,1
656,295,211,52,10,6,1,1,1
656,298,305,139,12,6,1,1,1
656,312,105,355,11,6,1,1,1
657,295,214,51,11,6,1,1,1
657,298,304,142,12,7,1,1,1
657,312,103,351,10,6,1,1,1
658,295,214,51,11,6,1,1,1
658,298,304,142,12,7,1,1,1
658,312,103,351,10,6,1,1,1
659,295,218,50,9,5,1,1,1
659,298,304,145,11,7,1,1,1
659,312,101,348,10,6,1,1,1
660,295,218,50,9,5,1,1,1
660,298,304,145,11,7,1,1,1
660,312,101,348,10,6,1,1,1
661,295,221,49,10,6,1,1,1
661,298,303,149,11,6,1,1,1
661,312,99,345,10,5,1,1,1
662,295,221,49,10,6,1,1,1
662,298,303,149,11,6,1,1,1
662,312,99,345,10,5,1,1,1
663,295,225,48,10,5,1,1,1
663,298,302,152,11,6,1,1,1
663,312,97,341,10,6,1,1,1
664,295,225,48,10,5,1,1,1
664,298,302,152,11,6,1,1,1
664,312,97,341,10,6,1,1,1
665,295,229,47,9,5,1,1,1
665,298,301,155,11,7,1,1,1
665,312,96,338,9,5,1,1,1
666,295,229,47,9,5,1,1,1
666,298,301,155,11,7,1,1,1
666,312,96,338,9,5,1,1,1
667,295,232,46,10,6,1,1,1
667,298,300,158,11,7,1,1,1
667,312,93,334,10,6,1,1,1
668,295,232,46,10,6,1,1,1
668,298,300,158,11,7,1,1,1
668,312,93,334,10,6,1,1,1
669,295,235,45,10,6,1,1,1
669,298,299,162,11,6,1,1,1
669,312,91,330,10,6,1,1,1
670,295,235,45,10,6,1,1,1
670,298,299,162,11,6,1,1,1
670,312,91,330,10,6,1,1,1
671,295,239,45,9,5,1,1,1
671,298,298,165,11,6,1,1,1
671,312,89,326,11,7,1,1,1
672,295,239,45,9,5,1,1,1
672,298,298,165,11,6,1,1,1
672,312,89,326,11,7,1,1,1
673,295,242,44,10,6,1,1,1
673,298,297,168,11,6,1,1,1
673,312,87,323,11,6,1,1,1
674,295,242,44,10,6,1,1,1
674,298,297,168,11,6,1,1,1
674,312,87,323,11,6,1,1,1
675,295,245,44,10,6,1,1,1
675,298,296,171,12,7,1,1,1
675,312,85,319,10,6,1,1,1
676,295,245,44,10,6,1,1,1
676,298,296,171,12,7,1,1,1
676,312,85,319,10,6,1,1,1
677,295,249,43,10,6,1,1,1
677,298,296,174,11,6,1,1,1
677,312,83,315,10,6,1,1,1
678,295,249,43,10,6,1,1,1
678,298,296,174,11,6,1,1,1
678,312,83,315,10,6,1,1,1
679,295,252,43,11,6,1,1,1
679,298,294,177,12,6,1,1,1
679,312,81,311,11,6,1,1,1
680,295,252,43,11,6,1,1,1
680,298,294,177,12,6,1,1,1
680,312,81,311,11,6,1,1,1
681,295,256,43,10,6,1,1,1
681,298,293,180,12,7,1,1,1
681,312,79,307,11,7,1,1,1
682,295,256,43,10,6,1,1,1
682,298,293,180,12,7,1,1,1
682,312,79,307,11,7,1,1,1
683,295,259,43,11,6,1,1,1
683,298,292,183,12,7,1,1,1
683,312,78,303,10,7,1,1,1
684,295,259,43,11,6,1,1,1
684,298,292,183,12,7,1,1,1
684,312,78,303,10,7,1,1,1
685,295,263,43,10,6,1,1,1
685,298,292,186,11,7,1,1,1
685,312,76,300,10,6,1,1,1
686,295,263,43,10,6,1,1,1
686,298,292,186,11,7,1,1,1
686,312,76,300,10,6,1,1,1
687,295,266,43,11,6,1,1,1
687,298,291,189,10,7,1,1,1
687,312,75,296,10,6,1,1,1
688,295,266,43,11,6,1,1,1
688,298,291,189,10,7,1,1,1
688,312,75,296,10,6,1,1,1
689,295,270,43,10,6,1,1,1
689,298,289,192,12,7,1,1,1
689,312,73,292,10,6,1,1,1
690,295,270,43,10,6,1,1,1
690,298,289,192,12,7,1,1,1
690,312,73,292,10,6,1,1,1
691,295,274,43,10,6,1,1,1
691,298,289,195,11,7,1,1,1
691,312,72,288,9,5,1,1,1
692,295,274,43,10,6,1,1,1
692,298,289,195,11,7,1,1,1
692,312,72,288,9,5,1,1,1
693,295,277,43,10,6,1,1,1
693,298,288,198,10,7,1,1,1
693,312,70,284,10,5,1,1,1
694,295,277,43,10,6,1,1,1
694,298,288,198,10,7,1,1,1
694,312,70,284,10,5,1,1,1
695,295,281,44,9,5,1,1,1
695,298,286,201,11,7,1,1,1
695,312,70,280,9,5,1,1,1
696,295,281,44,9,5,1,1,1
696,298,286,201,11,7,1,1,1
696,312,70,280,9,5,1,1,1
697,295,284,44,10,6,1,1,1
697,298,284,204,12,7,1,1,1
697,312,68,275,10,6,1,1,1
698,295,284,44,10,6,1,1,1
698,298,284,204,12,7,1,1,1
698,312,68,275,10,6,1,1,1
699,295,288,45,9,5,1,1,1
699,298,283,207,11,6,1,1,1
699,312,67,271,11,6,1,1,1
700,295,288,45,9,5,1,1,1
700,298,283,207,11,6,1,1,1
700,312,67,271,11,6,1,1,1
701,295,291,45,10,6,1,1,1
701,298,281,210,11,6,1,1,1
701,312,66,267,11,6,1,1,1
702,295,291,45,10,6,1,1,1
702,298,281,210,11,6,1,1,1
702,312,66,267,11,6,1,1,1
703,295,294,46,11,6,1,1,1
703,298,279,213,11,6,1,1,1
703,312,65,262,12,7,1,1,1
704,295,294,46,11,6,1,1,1
704,298,279,213,11,6,1,1,1
704,312,65,262,12,7,1,1,1
705,295,298,47,9,5,1,1,1
705,298,278,216,10,5,1,1,1
705,312,65,258,11,6,1,1,1
706,295,298,47,9,5,1,1,1
706,298,278,216,10,5,1,1,1
706,312,65,258,11,6,1,1,1
707,295,302,48,9,5,1,1,1
707,298,275,218,12,6,1,1,1
707,312,65,254,10,6,1,1,1
708,295,302,48,9,5,1,1,1
708,298,275,218,12,6,1,1,1
708,312,65,254,10,6,1,1,1
709,295,305,49,9,5,1,1,1
709,298,273,221,11,6,1,1,1
709,312,64,249,11,6,1,1,1
710,295,305,49,9,5,1,1,1
710,298,273,221,11,6,1,1,1
710,312,64,249,11,6,1,1,1
711,295,309,50,8,5,1,1,1
711,298,270,223,12,7,1,1,1
711,312,64,245,10,6,1,1,1
712,295,309,50,8,5,1,1,1
712,298,270,223,12,7,1,1,1
712,312,64,245,10,6,1,1,1
713,295,311,51,10,6,1,1,1
713,298,269,226,11,6,1,1,1
713,312,64,240,10,6,1,1,1
714,295,311,51,10,6,1,1,1
714,298,269,226,11,6,1,1,1
714,312,64,240,10,6,1,1,1
715,295,314,52,11,6,1,1,1
715,298,266,228,12,7,1,1,1
715,312,64,236,10,6,1,1,1
716,295,314,52,11,6,1,1,1
716,298,266,228,12,7,1,1,1
716,312,64,236,10,6,1,1,1
717,295,317,53,11,6,1,1,1
717,298,264,231,11,6,1,1,1
717,312,64,232,10,6,1,1,1
718,295,317,53,11,6,1,1,1
718,298,264,231,11,6,1,1,1
718,312,64,232,10,6,1,1,1
719,295,321,55,10,5,1,1,1
719,298,262,233,12,7,1,1,1
719,312,64,227,10,6,1,1,1
720,295,321,55,10,5,1,1,1
720,298,262,233,12,7,1,1,1
720,312,64,227,10,6,1,1,1
721,295,324,56,10,6,1,1,1
721,298,260,235,12,7,1,1,1
721,312,64,223,10,6,1,1,1
722,295,324,56,10,6,1,1,1
722,298,260,235,12,7,1,1,1
722,312,64,223,10,6,1,1,1
723,295,327,58,10,5,1,1,1
723,298,258,238,11,6,1,1,1
723,312,64,218,11,6,1,1,1
724,295,327,58,10,5,1,1,1
724,298,258,238,11,6,1,1,1
724,312,64,218,11,6,1,1,1
725,295,331,60,9,5,1,1,1
725,298,256,240,11,6,1,1,1
725,312,64,213,10,7,1,1,1
725,328,205,424,9,6,1,1,1
726,295,331,60,9,5,1,1,1
726,298,256,240,11,6,1,1,1
726,312,64,213,10,7,1,1,1
726,328,205,424,9,6,1,1,1
727,295,334,61,10,6,1,1,1
727,298,254,242,10,6,1,1,1
727,312,64,209,11,6,1,1,1
727,328,202,423,9,6,1,1,1
728,295,334,61,10,6,1,1,1
728,298,254,242,10,6,1,1,1
728,312,64,209,11,6,1,1,1
728,328,202,423,9,6,1,1,1
729,295,337,63,9,5,1,1,1
729,298,252,244,10,6,1,1,1
729,312,65,205,10,6,1,1,1
729,328,198,422,8,5,1,1,1
730,295,337,63,9,5,1,1,1
730,298,252,244,10,6,1,1,1
730,312,65,205,10,6,1,1,1
730,328,198,422,8,5,1,1,1
731,295,340,65,10,6,1,1,1
731,298,249,246,11,6,1,1,1
731,312,65,200,10,6,1,1,1
731,328,193,420,9,6,1,1,1
732,295,340,65,10,6,1,1,1
732,298,249,246,11,6,1,1,1
732,312,65,200,10,6,1,1,1
732,328,193,420,9,6,1,1,1
733,295,342,67,11,6,1,1,1
733,298,246,248,12,6,1,1,1
733,312,65,196,10,6,1,1,1
733,328,190,419,9,6,1,1,1
734,295,342,67,11,6,1,1,1
734,298,246,248,12,6,1,1,1
734,312,65,196,10,6,1,1,1
734,328,190,419,9,6,1,1,1
735,295,345,69,11,6,1,1,1
735,298,244,250,12,6,1,1,1
735,312,65,192,11,6,1,1,1
735,328,186,417,10,6,1,1,1
736,295,345,69,11,6,1,1,1
736,298,244,250,12,6,1,1,1
736,312,65,192,11,6,1,1,1
736,328,186,417,10,6,1,1,1
737,295,348,71,11,6,1,1,1
737,298,242,252,11,6,1,1,1
737,312,65,187,12,7,1,1,1
737,328,182,416,10,6,1,1,1
738,295,348,71,11,6,1,1,1
738,298,242,252,11,6,1,1,1
738,312,65,187,12,7,1,1,1
738,328,182,416,10,6,1,1,1
739,295,351,73,10,6,1,1,1
739,298,239,254,11,6,1,1,1
739,312,67,183,10,7,1,1,1
739,328,178,414,9,6,1,1,1
740,295,351,73,10,6,1,1,1
740,298,239,254,11,6,1,1,1
740,312,67,183,10,7,1,1,1
740,328,178,414,9,6,1,1,1
741,295,354,75,10,6,1,1,1
741,298,237,256,11,6,1,1,1
741,312,68,179,10,6,1,1,1
741,328,174,412,10,7,1,1,1
742,295,354,75,10,6,1,1,1
742,298,237,256,11,6,1,1,1
742,312,68,179,10,6,1,1,1
742,328,174,412,10,7,1,1,1
743,295,357,78,9,5,1,1,1
743,298,234,257,11,6,1,1,1
743,312,69,175,10,6,1,1,1
743,328,171,411,9,6,1,1,1
744,295,357,78,9,5,1,1,1
744,298,234,257,11,6,1,1,1
744,312,69,175,10,6,1,1,1
744,328,171,411,9,6,1,1,1
745,295,360,80,10,6,1,1,1
745,298,232,259,11,6,1,1,1
745,312,70,171,10,6,1,1,1
745,328,168,409,9,6,1,1,1
746,295,360,80,10,6,1,1,1
746,298,232,259,11,6,1,1,1
746,312,70,171,10,6,1,1,1
746,328,168,409,9,6,1,1,1
747,295,363,83,9,5,1,1,1
747,298,228,260,12,7,1,1,1
747,312,71,166,10,6,1,1,1
747,328,164,407,9,6,1,1,1
748,295,363,83,9,5,1,1,1
748,298,228,260,12,7,1,1,1
748,312,71,166,10,6,1,1,1
748,328,164,407,9,6,1,1,1
749,295,365,85,10,6,1,1,1
749,298,226,262,11,6,1,1,1
749,312,72,162,10,6,1,1,1
749,328,161,405,9,6,1,1,1
750,295,365,85,10,6,1,1,1
750,298,226,262,11,6,1,1,1
750,312,72,162,10,6,1,1,1
750,328,161,405,9,6,1,1,1
