1,3,203,497,7,7,1,1,1
1,4,231,497,7,8,1,1,1
1,5,216,482,8,7,1,1,1
1,6,225,479,8,7,1,1,1
2,3,203,497,7,7,1,1,1
2,4,231,497,7,8,1,1,1
2,5,216,482,8,7,1,1,1
2,6,225,479,8,7,1,1,1
3,1,203,498,6,6,1,1,1
3,2,231,498,7,6,1,1,1
3,3,217,482,5,6,1,1,1
3,4,225,479,6,6,1,1,1
4,1,203,498,6,6,1,1,1
4,2,231,498,7,6,1,1,1
4,3,217,482,5,6,1,1,1
4,4,225,479,6,6,1,1,1
5,1,203,499,5,4,1,1,1
5,2,232,498,6,5,1,1,1
5,3,216,482,6,5,1,1,1
5,4,225,480,6,5,1,1,1
6,1,203,499,5,4,1,1,1
6,2,232,498,6,5,1,1,1
6,3,216,482,6,5,1,1,1
6,4,225,480,6,5,1,1,1
7,1,202,499,5,4,1,1,1
7,2,232,498,6,5,1,1,1
7,3,216,482,5,5,1,1,1
7,4,224,480,6,6,1,1,1
8,1,202,499,5,4,1,1,1
8,2,232,498,6,5,1,1,1
8,3,216,482,5,5,1,1,1
8,4,224,480,6,6,1,1,1
9,1,200,498,6,5,1,1,1
9,2,232,498,6,5,1,1,1
9,3,216,482,4,5,1,1,1
9,4,223,480,7,6,1,1,1
10,1,200,498,6,5,1,1,1
10,2,232,498,6,5,1,1,1
10,3,216,482,4,5,1,1,1
10,4,223,480,7,6,1,1,1
11,1,200,498,5,5,1,1,1
11,2,233,498,6,5,1,1,1
11,3,215,483,4,4,1,1,1
11,4,223,480,6,6,1,1,1
12,1,200,498,5,5,1,1,1
12,2,233,498,6,5,1,1,1
12,3,215,483,4,4,1,1,1
12,4,223,480,6,6,1,1,1
13,1,199,498,5,5,1,1,1
13,2,234,499,5,4,1,1,1
13,3,214,483,5,4,1,1,1
13,4,222,480,7,6,1,1,1
14,1,199,498,5,5,1,1,1
14,2,234,499,5,4,1,1,1
14,3,214,483,5,4,1,1,1
14,4,222,480,7,6,1,1,1
15,1,198,498,5,5,1,1,1
15,2,234,499,5,4,1,1,1
15,3,213,483,6,5,1,1,1
15,4,222,480,6,6,1,1,1
16,1,198,498,5,5,1,1,1
16,2,234,499,5,4,1,1,1
16,3,213,483,6,5,1,1,1
16,4,222,480,6,6,1,1,1
17,1,197,499,5,4,1,1,1
17,2,234,499,6,4,1,1,1
17,3,212,483,6,6,1,1,1
17,4,222,480,6,6,1,1,1
18,1,197,499,5,4,1,1,1
18,2,234,499,6,4,1,1,1
18,3,212,483,6,6,1,1,1
18,4,222,480,6,6,1,1,1
19,1,196,499,5,4,1,1,1
19,2,235,499,5,4,1,1,1
19,3,211,484,6,5,1,1,1
19,4,221,481,6,5,1,1,1
20,1,196,499,5,4,1,1,1
20,2,235,499,5,4,1,1,1
20,3,211,484,6,5,1,1,1
20,4,221,481,6,5,1,1,1
21,1,195,499,5,4,1,1,1
21,2,235,499,6,4,1,1,1
21,3,211,485,5,5,1,1,1
21,4,220,481,6,6,1,1,1
22,1,195,499,5,4,1,1,1
22,2,235,499,6,4,1,1,1
22,3,211,485,5,5,1,1,1
22,4,220,481,6,6,1,1,1
23,1,193,499,6,4,1,1,1
23,2,235,498,6,5,1,1,1
23,3,210,486,6,5,1,1,1
23,4,220,481,6,6,1,1,1
24,1,193,499,6,4,1,1,1
24,2,235,498,6,5,1,1,1
24,3,210,486,6,5,1,1,1
24,4,220,481,6,6,1,1,1
25,1,193,499,5,4,1,1,1
25,2,236,498,6,5,1,1,1
25,3,209,486,6,6,1,1,1
25,4,219,481,6,6,1,1,1
26,1,193,499,5,4,1,1,1
26,2,236,498,6,5,1,1,1
26,3,209,486,6,6,1,1,1
26,4,219,481,6,6,1,1,1
27,1,191,499,6,4,1,1,1
27,2,236,498,7,5,1,1,1
27,3,208,486,6,6,1,1,1
27,4,218,482,7,6,1,1,1
28,1,191,499,6,4,1,1,1
28,2,236,498,7,5,1,1,1
28,3,208,486,6,6,1,1,1
28,4,218,482,7,6,1,1,1
29,1,191,499,6,4,1,1,1
29,2,236,498,7,5,1,1,1
29,3,207,487,6,6,1,1,1
29,4,218,483,6,6,1,1,1
30,1,191,499,6,4,1,1,1
30,2,236,498,7,5,1,1,1
30,3,207,487,6,6,1,1,1
30,4,218,483,6,6,1,1,1
31,1,190,499,6,4,1,1,1
31,2,236,498,8,5,1,1,1
31,3,207,488,5,5,1,1,1
31,4,217,484,7,5,1,1,1
32,1,190,499,6,4,1,1,1
32,2,236,498,8,5,1,1,1
32,3,207,488,5,5,1,1,1
32,4,217,484,7,5,1,1,1
33,1,189,499,6,4,1,1,1
33,2,237,497,7,6,1,1,1
33,3,206,489,5,5,1,1,1
33,4,217,484,6,6,1,1,1
34,1,189,499,6,4,1,1,1
34,2,237,497,7,6,1,1,1
34,3,206,489,5,5,1,1,1
34,4,217,484,6,6,1,1,1
35,1,189,499,6,4,1,1,1
35,2,237,497,7,6,1,1,1
35,3,205,490,6,5,1,1,1
35,4,216,485,6,6,1,1,1
36,1,189,499,6,4,1,1,1
36,2,237,497,7,6,1,1,1
36,3,205,490,6,5,1,1,1
36,4,216,485,6,6,1,1,1
37,1,189,499,6,4,1,1,1
37,2,237,497,7,6,1,1,1
37,3,204,491,6,5,1,1,1
37,4,216,486,6,6,1,1,1
38,1,189,499,6,4,1,1,1
38,2,237,497,7,6,1,1,1
38,3,204,491,6,5,1,1,1
38,4,216,486,6,6,1,1,1
39,1,189,499,6,4,1,1,1
39,2,238,497,6,6,1,1,1
39,3,204,492,6,5,1,1,1
39,4,216,487,5,5,1,1,1
40,1,189,499,6,4,1,1,1
40,2,238,497,6,6,1,1,1
40,3,204,492,6,5,1,1,1
40,4,216,487,5,5,1,1,1
41,1,188,498,7,5,1,1,1
41,2,238,497,6,5,1,1,1
41,3,203,493,6,5,1,1,1
41,4,215,488,6,5,1,1,1
42,1,188,498,7,5,1,1,1
42,2,238,497,6,5,1,1,1
42,3,203,493,6,5,1,1,1
42,4,215,488,6,5,1,1,1
43,1,188,498,7,5,1,1,1
43,2,238,497,6,5,1,1,1
43,3,203,494,6,5,1,1,1
43,4,214,488,7,6,1,1,1
43,5,233,505,9,6,1,1,1
43,6,219,505,9,6,1,1,1
44,1,188,498,7,5,1,1,1
44,2,238,497,6,5,1,1,1
44,3,203,494,6,5,1,1,1
44,4,214,488,7,6,1,1,1
44,5,233,505,9,6,1,1,1
44,6,219,505,9,6,1,1,1
45,1,188,498,7,5,1,1,1
45,2,239,497,6,5,1,1,1
45,3,202,495,6,5,1,1,1
45,4,214,489,6,6,1,1,1
45,5,233,504,9,6,1,1,1
45,6,220,504,8,5,1,1,1
46,1,188,498,7,5,1,1,1
46,2,239,497,6,5,1,1,1
46,3,202,495,6,5,1,1,1
46,4,214,489,6,6,1,1,1
46,5,233,504,9,6,1,1,1
46,6,220,504,8,5,1,1,1
47,1,188,497,7,6,1,1,1
47,2,238,497,7,5,1,1,1
47,3,202,496,6,5,1,1,1
47,4,214,490,6,6,1,1,1
47,5,235,503,7,5,1,1,1
47,6,221,503,7,5,1,1,1
48,1,188,497,7,6,1,1,1
48,2,238,497,7,5,1,1,1
48,3,202,496,6,5,1,1,1
48,4,214,490,6,6,1,1,1
48,5,235,503,7,5,1,1,1
48,6,221,503,7,5,1,1,1
49,1,188,497,7,6,1,1,1
49,2,239,497,6,5,1,1,1
49,3,201,497,7,6,1,1,1
49,4,213,491,7,5,1,1,1
49,5,235,501,8,6,1,1,1
49,6,221,501,7,5,1,1,1
50,1,188,497,7,6,1,1,1
50,2,239,497,6,5,1,1,1
50,3,201,497,7,6,1,1,1
50,4,213,491,7,5,1,1,1
50,5,235,501,8,6,1,1,1
50,6,221,501,7,5,1,1,1
51,1,188,497,7,6,1,1,1
51,3,201,498,7,6,1,1,1
51,4,213,491,7,6,1,1,1
51,5,236,498,9,7,1,1,1
51,6,220,499,8,6,1,1,1
52,1,188,497,7,6,1,1,1
52,3,201,498,7,6,1,1,1
52,4,213,491,7,6,1,1,1
52,5,236,498,9,7,1,1,1
52,6,220,499,8,6,1,1,1
53,1,188,497,8,6,1,1,1
53,3,201,499,7,6,1,1,1
53,4,213,492,7,6,1,1,1
53,5,236,497,9,6,1,1,1
53,6,220,498,8,5,1,1,1
54,1,188,497,8,6,1,1,1
54,3,201,499,7,6,1,1,1
54,4,213,492,7,6,1,1,1
54,5,236,497,9,6,1,1,1
54,6,220,498,8,5,1,1,1
55,1,189,497,7,6,1,1,1
55,3,201,501,6,5,1,1,1
55,4,213,493,7,6,1,1,1
55,5,236,496,8,6,1,1,1
55,6,220,496,8,6,1,1,1
56,1,189,497,7,6,1,1,1
56,3,201,501,6,5,1,1,1
56,4,213,493,7,6,1,1,1
56,5,236,496,8,6,1,1,1
56,6,220,496,8,6,1,1,1
57,1,189,497,8,6,1,1,1
57,2,237,496,7,6,1,1,1
57,3,201,502,7,6,1,1,1
57,4,212,494,8,6,1,1,1
57,5,237,495,8,6,1,1,1
57,6,220,494,8,6,1,1,1
58,1,189,497,8,6,1,1,1
58,2,237,496,7,6,1,1,1
58,3,201,502,7,6,1,1,1
58,4,212,494,8,6,1,1,1
58,5,237,495,8,6,1,1,1
58,6,220,494,8,6,1,1,1
59,1,190,497,7,6,1,1,1
59,2,237,495,7,6,1,1,1
59,3,200,503,8,6,1,1,1
59,4,213,495,6,6,1,1,1
59,6,220,493,8,6,1,1,1
60,1,190,497,7,6,1,1,1
60,2,237,495,7,6,1,1,1
60,3,200,503,8,6,1,1,1
60,4,213,495,6,6,1,1,1
60,6,220,493,8,6,1,1,1
61,1,190,497,7,6,1,1,1
61,2,236,497,7,5,1,1,1
61,3,201,505,7,5,1,1,1
61,4,213,496,6,5,1,1,1
61,6,220,491,8,6,1,1,1
62,1,190,497,7,6,1,1,1
62,2,236,497,7,5,1,1,1
62,3,201,505,7,5,1,1,1
62,4,213,496,6,5,1,1,1
62,6,220,491,8,6,1,1,1
63,1,191,497,7,6,1,1,1
63,2,236,497,6,5,1,1,1
63,3,201,506,7,5,1,1,1
63,4,213,497,7,5,1,1,1
63,5,236,491,8,6,1,1,1
63,6,220,490,7,6,1,1,1
64,1,191,497,7,6,1,1,1
64,2,236,497,6,5,1,1,1
64,3,201,506,7,5,1,1,1
64,4,213,497,7,5,1,1,1
64,5,236,491,8,6,1,1,1
64,6,220,490,7,6,1,1,1
65,1,192,498,7,5,1,1,1
65,2,235,497,6,5,1,1,1
65,3,201,508,7,3,1,1,1
65,4,213,497,7,6,1,1,1
65,5,235,489,8,6,1,1,1
65,6,219,489,8,5,1,1,1
66,1,192,498,7,5,1,1,1
66,2,235,497,6,5,1,1,1
66,3,201,508,7,3,1,1,1
66,4,213,497,7,6,1,1,1
66,5,235,489,8,6,1,1,1
66,6,219,489,8,5,1,1,1
67,1,193,498,7,5,1,1,1
67,2,234,497,7,5,1,1,1
67,4,213,498,7,6,1,1,1
67,5,235,488,8,6,1,1,1
67,6,218,487,8,6,1,1,1
68,1,193,498,7,5,1,1,1
68,2,234,497,7,5,1,1,1
68,4,213,498,7,6,1,1,1
68,5,235,488,8,6,1,1,1
68,6,218,487,8,6,1,1,1
69,1,194,498,7,5,1,1,1
69,2,233,498,8,5,1,1,1
69,4,214,498,6,6,1,1,1
69,5,235,487,7,6,1,1,1
69,6,219,486,7,6,1,1,1
70,1,194,498,7,5,1,1,1
70,2,233,498,8,5,1,1,1
70,4,214,498,6,6,1,1,1
70,5,235,487,7,6,1,1,1
70,6,219,486,7,6,1,1,1
71,1,195,498,7,5,1,1,1
71,2,232,498,8,5,1,1,1
71,4,214,499,7,6,1,1,1
71,5,235,486,6,5,1,1,1
71,6,218,485,7,6,1,1,1
72,1,195,498,7,5,1,1,1
72,2,232,498,8,5,1,1,1
72,4,214,499,7,6,1,1,1
72,5,235,486,6,5,1,1,1
72,6,218,485,7,6,1,1,1
73,1,196,498,7,5,1,1,1
73,2,233,498,6,5,1,1,1
73,4,214,499,7,6,1,1,1
73,5,234,485,7,6,1,1,1
73,6,217,484,7,6,1,1,1
74,1,196,498,7,5,1,1,1
74,2,233,498,6,5,1,1,1
74,4,214,499,7,6,1,1,1
74,5,234,485,7,6,1,1,1
74,6,217,484,7,6,1,1,1
75,1,197,498,6,5,1,1,1
75,2,232,498,7,5,1,1,1
75,4,214,500,8,5,1,1,1
75,5,233,484,7,6,1,1,1
75,6,216,483,8,6,1,1,1
76,1,197,498,6,5,1,1,1
76,2,232,498,7,5,1,1,1
76,4,214,500,8,5,1,1,1
76,5,233,484,7,6,1,1,1
76,6,216,483,8,6,1,1,1
77,1,197,498,7,5,1,1,1
77,2,232,498,6,5,1,1,1
77,4,215,500,7,6,1,1,1
77,5,231,483,8,6,1,1,1
77,6,216,482,7,6,1,1,1
78,1,197,498,7,5,1,1,1
78,2,232,498,6,5,1,1,1
78,4,215,500,7,6,1,1,1
78,5,231,483,8,6,1,1,1
78,6,216,482,7,6,1,1,1
79,1,198,498,7,5,1,1,1
79,2,232,498,6,5,1,1,1
79,4,216,500,7,6,1,1,1
79,5,230,483,8,6,1,1,1
79,6,215,481,7,6,1,1,1
80,1,198,498,7,5,1,1,1
80,2,232,498,6,5,1,1,1
80,4,216,500,7,6,1,1,1
80,5,230,483,8,6,1,1,1
80,6,215,481,7,6,1,1,1
81,1,199,498,7,5,1,1,1
81,2,232,498,6,5,1,1,1
81,4,216,501,8,6,1,1,1
81,5,229,482,7,6,1,1,1
81,6,215,481,6,5,1,1,1
82,1,199,498,7,5,1,1,1
82,2,232,498,6,5,1,1,1
82,4,216,501,8,6,1,1,1
82,5,229,482,7,6,1,1,1
82,6,215,481,6,5,1,1,1
83,1,200,498,6,5,1,1,1
83,2,231,498,8,5,1,1,1
83,4,217,501,7,6,1,1,1
83,5,228,482,7,6,1,1,1
83,6,214,480,7,6,1,1,1
84,1,200,498,6,5,1,1,1
84,2,231,498,8,5,1,1,1
84,4,217,501,7,6,1,1,1
84,5,228,482,7,6,1,1,1
84,6,214,480,7,6,1,1,1
85,1,200,498,7,5,1,1,1
85,2,231,498,8,5,1,1,1
85,4,218,502,7,6,1,1,1
85,5,227,482,7,6,1,1,1
85,6,213,480,7,6,1,1,1
86,1,200,498,7,5,1,1,1
86,2,231,498,8,5,1,1,1
86,4,218,502,7,6,1,1,1
86,5,227,482,7,6,1,1,1
86,6,213,480,7,6,1,1,1
87,1,201,498,6,5,1,1,1
87,2,231,498,8,6,1,1,1
87,4,219,502,7,6,1,1,1
87,5,226,482,7,6,1,1,1
87,6,212,480,7,6,1,1,1
88,1,201,498,6,5,1,1,1
88,2,231,498,8,6,1,1,1
88,4,219,502,7,6,1,1,1
88,5,226,482,7,6,1,1,1
88,6,212,480,7,6,1,1,1
89,1,201,498,6,5,1,1,1
89,2,231,498,8,6,1,1,1
89,4,220,503,7,5,1,1,1
89,5,224,482,7,6,1,1,1
89,6,211,480,7,6,1,1,1
90,1,201,498,6,5,1,1,1
90,2,231,498,8,6,1,1,1
90,4,220,503,7,5,1,1,1
90,5,224,482,7,6,1,1,1
90,6,211,480,7,6,1,1,1
91,1,201,498,6,5,1,1,1
91,2,231,498,8,6,1,1,1
91,4,221,503,8,6,1,1,1
91,5,224,483,6,5,1,1,1
91,6,210,480,7,6,1,1,1
92,1,201,498,6,5,1,1,1
92,2,231,498,8,6,1,1,1
92,4,221,503,8,6,1,1,1
92,5,224,483,6,5,1,1,1
92,6,210,480,7,6,1,1,1
93,1,201,499,7,4,1,1,1
93,2,231,498,8,6,1,1,1
93,4,223,503,7,6,1,1,1
93,5,222,483,7,6,1,1,1
93,6,209,480,7,6,1,1,1
94,1,201,499,7,4,1,1,1
94,2,231,498,8,6,1,1,1
94,4,223,503,7,6,1,1,1
94,5,222,483,7,6,1,1,1
94,6,209,480,7,6,1,1,1
95,1,201,499,7,4,1,1,1
95,2,231,498,8,6,1,1,1
95,4,224,504,7,6,1,1,1
95,5,221,483,7,6,1,1,1
95,6,208,481,6,5,1,1,1
96,1,201,499,7,4,1,1,1
96,2,231,498,8,6,1,1,1
96,4,224,504,7,6,1,1,1
96,5,221,483,7,6,1,1,1
96,6,208,481,6,5,1,1,1
97,1,201,499,7,4,1,1,1
97,2,232,498,7,6,1,1,1
97,4,225,504,7,6,1,1,1
97,5,219,484,7,6,1,1,1
97,6,207,481,7,6,1,1,1
98,1,201,499,7,4,1,1,1
98,2,232,498,7,6,1,1,1
98,4,225,504,7,6,1,1,1
98,5,219,484,7,6,1,1,1
98,6,207,481,7,6,1,1,1
99,1,201,499,6,4,1,1,1
99,2,232,498,7,6,1,1,1
99,4,227,505,7,6,1,1,1
99,5,218,485,7,6,1,1,1
99,6,205,482,8,6,1,1,1
100,1,201,499,6,4,1,1,1
100,2,232,498,7,6,1,1,1
100,4,227,505,7,6,1,1,1
100,5,218,485,7,6,1,1,1
100,6,205,482,8,6,1,1,1
101,1,200,499,7,4,1,1,1
101,2,232,498,7,6,1,1,1
101,4,228,505,7,6,1,1,1
101,5,217,486,6,5,1,1,1
101,6,205,483,7,5,1,1,1
102,1,200,499,7,4,1,1,1
102,2,232,498,7,6,1,1,1
102,4,228,505,7,6,1,1,1
102,5,217,486,6,5,1,1,1
102,6,205,483,7,5,1,1,1
103,1,200,499,7,4,1,1,1
103,2,232,498,7,6,1,1,1
103,4,229,505,7,6,1,1,1
103,5,216,486,6,6,1,1,1
103,6,204,483,8,6,1,1,1
104,1,200,499,7,4,1,1,1
104,2,232,498,7,6,1,1,1
104,4,229,505,7,6,1,1,1
104,5,216,486,6,6,1,1,1
104,6,204,483,8,6,1,1,1
105,1,200,499,6,4,1,1,1
105,4,230,505,7,5,1,1,1
105,5,215,487,6,6,1,1,1
105,6,203,484,7,6,1,1,1
106,1,200,499,6,4,1,1,1
106,4,230,505,7,5,1,1,1
106,5,215,487,6,6,1,1,1
106,6,203,484,7,6,1,1,1
107,1,199,498,7,5,1,1,1
107,4,230,504,8,6,1,1,1
107,5,213,488,7,6,1,1,1
107,6,202,486,7,6,1,1,1
108,1,199,498,7,5,1,1,1
108,4,230,504,8,6,1,1,1
108,5,213,488,7,6,1,1,1
108,6,202,486,7,6,1,1,1
109,1,198,498,7,5,1,1,1
109,2,231,498,8,6,1,1,1
109,4,231,503,7,6,1,1,1
109,5,213,490,6,5,1,1,1
109,6,201,487,8,6,1,1,1
110,1,198,498,7,5,1,1,1
110,2,231,498,8,6,1,1,1
110,4,231,503,7,6,1,1,1
110,5,213,490,6,5,1,1,1
110,6,201,487,8,6,1,1,1
111,1,198,498,7,5,1,1,1
111,2,231,498,8,6,1,1,1
111,4,232,503,6,5,1,1,1
111,5,212,491,6,5,1,1,1
111,6,201,488,7,6,1,1,1
112,1,198,498,7,5,1,1,1
112,2,231,498,8,6,1,1,1
112,4,232,503,6,5,1,1,1
112,5,212,491,6,5,1,1,1
112,6,201,488,7,6,1,1,1
113,1,197,498,7,5,1,1,1
113,2,231,499,8,7,1,1,1
113,4,233,503,6,5,1,1,1
113,5,211,492,6,5,1,1,1
113,6,200,489,7,6,1,1,1
114,1,197,498,7,5,1,1,1
114,2,231,499,8,7,1,1,1
114,4,233,503,6,5,1,1,1
114,5,211,492,6,5,1,1,1
114,6,200,489,7,6,1,1,1
115,1,196,498,7,5,1,1,1
115,2,231,499,9,7,1,1,1
115,5,210,493,6,6,1,1,1
115,6,200,491,6,5,1,1,1
115,8,458,240,8,7,1,1,1
116,1,196,498,7,5,1,1,1
116,2,231,499,9,7,1,1,1
116,5,210,493,6,6,1,1,1
116,6,200,491,6,5,1,1,1
116,8,458,240,8,7,1,1,1
117,1,196,499,6,4,1,1,1
117,2,232,498,8,7,1,1,1
117,5,209,495,7,5,1,1,1
117,6,199,492,7,6,1,1,1
117,8,458,240,7,6,1,1,1
117,9,220,506,7,5,1,1,1
118,1,196,499,6,4,1,1,1
118,2,232,498,8,7,1,1,1
118,5,209,495,7,5,1,1,1
118,6,199,492,7,6,1,1,1
118,8,458,240,7,6,1,1,1
118,9,220,506,7,5,1,1,1
119,1,195,499,7,4,1,1,1
119,2,232,498,8,6,1,1,1
119,5,209,496,7,6,1,1,1
119,6,198,494,7,6,1,1,1
119,8,458,240,7,6,1,1,1
119,9,221,505,7,6,1,1,1
120,1,195,499,7,4,1,1,1
120,2,232,498,8,6,1,1,1
120,5,209,496,7,6,1,1,1
120,6,198,494,7,6,1,1,1
120,8,458,240,7,6,1,1,1
120,9,221,505,7,6,1,1,1
121,2,233,498,6,5,1,1,1
121,5,208,497,8,6,1,1,1
121,6,197,495,7,6,1,1,1
121,8,458,240,7,6,1,1,1
121,9,222,503,7,5,1,1,1
122,2,233,498,6,5,1,1,1
122,5,208,497,8,6,1,1,1
122,6,197,495,7,6,1,1,1
122,8,458,240,7,6,1,1,1
122,9,222,503,7,5,1,1,1
123,1,193,498,8,5,1,1,1
123,2,233,497,6,6,1,1,1
123,5,209,498,7,6,1,1,1
123,8,457,240,9,6,1,1,1
123,9,222,501,7,6,1,1,1
124,1,193,498,8,5,1,1,1
124,2,233,497,6,6,1,1,1
124,5,209,498,7,6,1,1,1
124,8,457,240,9,6,1,1,1
124,9,222,501,7,6,1,1,1
125,1,192,498,7,5,1,1,1
125,2,233,497,7,5,1,1,1
125,5,209,500,7,6,1,1,1
125,8,457,240,9,7,1,1,1
125,9,223,499,7,6,1,1,1
125,11,198,499,6,5,1,1,1
126,1,192,498,7,5,1,1,1
126,2,233,497,7,5,1,1,1
126,5,209,500,7,6,1,1,1
126,8,457,240,9,7,1,1,1
126,9,223,499,7,6,1,1,1
126,11,198,499,6,5,1,1,1
127,1,191,497,7,6,1,1,1
127,2,234,497,7,5,1,1,1
127,5,209,502,7,5,1,1,1
127,8,457,240,9,7,1,1,1
127,9,223,498,6,5,1,1,1
127,11,197,501,7,6,1,1,1
128,1,191,497,7,6,1,1,1
128,2,234,497,7,5,1,1,1
128,5,209,502,7,5,1,1,1
128,8,457,240,9,7,1,1,1
128,9,223,498,6,5,1,1,1
128,11,197,501,7,6,1,1,1
129,1,190,497,7,6,1,1,1
129,2,235,497,7,5,1,1,1
129,5,210,503,6,5,1,1,1
129,8,458,240,7,6,1,1,1
129,9,223,496,6,5,1,1,1
129,11,197,502,7,6,1,1,1
130,1,190,497,7,6,1,1,1
130,2,235,497,7,5,1,1,1
130,5,210,503,6,5,1,1,1
130,8,458,240,7,6,1,1,1
130,9,223,496,6,5,1,1,1
130,11,197,502,7,6,1,1,1
131,1,190,497,7,6,1,1,1
131,2,236,497,6,5,1,1,1
131,5,210,504,7,6,1,1,1
131,8,458,240,7,6,1,1,1
131,9,223,494,6,5,1,1,1
131,11,197,504,6,6,1,1,1
131,12,232,492,6,5,1,1,1
132,1,190,497,7,6,1,1,1
132,2,236,497,6,5,1,1,1
132,5,210,504,7,6,1,1,1
132,8,458,240,7,6,1,1,1
132,9,223,494,6,5,1,1,1
132,11,197,504,6,6,1,1,1
132,12,232,492,6,5,1,1,1
133,1,190,497,6,6,1,1,1
133,2,237,497,6,5,1,1,1
133,5,210,506,7,5,1,1,1
133,8,458,240,7,5,1,1,1
133,9,223,493,7,5,1,1,1
133,11,197,506,6,5,1,1,1
133,12,232,491,6,5,1,1,1
134,1,190,497,6,6,1,1,1
134,2,237,497,6,5,1,1,1
134,5,210,506,7,5,1,1,1
134,8,458,240,7,5,1,1,1
134,9,223,493,7,5,1,1,1
134,11,197,506,6,5,1,1,1
134,12,232,491,6,5,1,1,1
135,1,189,497,7,6,1,1,1
135,2,237,497,7,5,1,1,1
135,5,210,507,7,4,1,1,1
135,8,458,240,7,5,1,1,1
135,9,223,491,7,6,1,1,1
135,11,197,507,6,4,1,1,1
135,12,231,490,6,6,1,1,1
136,1,189,497,7,6,1,1,1
136,2,237,497,7,5,1,1,1
136,5,210,507,7,4,1,1,1
136,8,458,240,7,5,1,1,1
136,9,223,491,7,6,1,1,1
136,11,197,507,6,4,1,1,1
136,12,231,490,6,6,1,1,1
137,1,188,497,8,6,1,1,1
137,2,238,497,7,5,1,1,1
137,8,458,240,7,5,1,1,1
137,9,223,489,7,6,1,1,1
137,11,197,508,6,3,1,1,1
137,12,231,489,6,6,1,1,1
138,1,188,497,8,6,1,1,1
138,2,238,497,7,5,1,1,1
138,8,458,240,7,5,1,1,1
138,9,223,489,7,6,1,1,1
138,11,197,508,6,3,1,1,1
138,12,231,489,6,6,1,1,1
139,1,188,497,7,6,1,1,1
139,2,239,497,6,5,1,1,1
139,8,458,240,7,6,1,1,1
139,9,222,488,8,6,1,1,1
139,12,230,489,6,5,1,1,1
140,1,188,497,7,6,1,1,1
140,2,239,497,6,5,1,1,1
140,8,458,240,7,6,1,1,1
140,9,222,488,8,6,1,1,1
140,12,230,489,6,5,1,1,1
141,1,188,497,7,6,1,1,1
141,2,239,497,7,5,1,1,1
141,8,457,240,9,6,1,1,1
141,9,222,487,7,6,1,1,1
141,12,229,488,7,6,1,1,1
142,1,188,497,7,6,1,1,1
142,2,239,497,7,5,1,1,1
142,8,457,240,9,6,1,1,1
142,9,222,487,7,6,1,1,1
142,12,229,488,7,6,1,1,1
143,1,188,497,7,7,1,1,1
143,2,239,497,8,5,1,1,1
143,8,457,240,8,6,1,1,1
143,9,222,486,6,5,1,1,1
143,12,229,487,6,6,1,1,1
144,1,188,497,7,7,1,1,1
144,2,239,497,8,5,1,1,1
144,8,457,240,8,6,1,1,1
144,9,222,486,6,5,1,1,1
144,12,229,487,6,6,1,1,1
145,1,188,497,7,7,1,1,1
145,2,240,496,7,6,1,1,1
145,8,457,240,8,7,1,1,1
145,9,220,485,7,6,1,1,1
145,12,227,486,7,6,1,1,1
146,1,188,497,7,7,1,1,1
146,2,240,496,7,6,1,1,1
146,8,457,240,8,7,1,1,1
146,9,220,485,7,6,1,1,1
146,12,227,486,7,6,1,1,1
147,1,188,497,7,7,1,1,1
147,2,240,496,7,6,1,1,1
147,9,220,485,6,5,1,1,1
147,12,227,485,6,7,1,1,1
148,1,188,497,7,7,1,1,1
148,2,240,496,7,6,1,1,1
148,9,220,485,6,5,1,1,1
148,12,227,485,6,7,1,1,1
149,1,188,497,7,7,1,1,1
149,2,240,496,7,6,1,1,1
149,9,218,484,7,6,1,1,1
149,12,226,485,6,6,1,1,1
150,1,188,497,7,7,1,1,1
150,2,240,496,7,6,1,1,1
150,9,218,484,7,6,1,1,1
150,12,226,485,6,6,1,1,1
151,1,189,497,7,7,1,1,1
151,2,240,496,7,6,1,1,1
151,9,217,484,7,5,1,1,1
151,12,225,485,6,5,1,1,1
152,1,189,497,7,7,1,1,1
152,2,240,496,7,6,1,1,1
152,9,217,484,7,5,1,1,1
152,12,225,485,6,5,1,1,1
153,1,189,497,7,7,1,1,1
153,2,240,496,7,6,1,1,1
153,9,216,483,7,6,1,1,1
153,12,224,484,6,6,1,1,1
154,1,189,497,7,7,1,1,1
154,2,240,496,7,6,1,1,1
154,9,216,483,7,6,1,1,1
154,12,224,484,6,6,1,1,1
155,1,190,497,7,7,1,1,1
155,2,240,496,6,6,1,1,1
155,9,215,483,7,6,1,1,1
155,12,223,484,6,6,1,1,1
156,1,190,497,7,7,1,1,1
156,2,240,496,6,6,1,1,1
156,9,215,483,7,6,1,1,1
156,12,223,484,6,6,1,1,1
157,1,190,497,7,7,1,1,1
157,2,240,496,6,6,1,1,1
157,9,213,483,8,6,1,1,1
157,12,222,484,6,6,1,1,1
158,1,190,497,7,7,1,1,1
158,2,240,496,6,6,1,1,1
158,9,213,483,8,6,1,1,1
158,12,222,484,6,6,1,1,1
159,1,191,497,7,7,1,1,1
159,2,239,496,7,6,1,1,1
159,9,211,483,9,7,1,1,1
159,12,221,484,6,6,1,1,1
160,1,191,497,7,7,1,1,1
160,2,239,496,7,6,1,1,1
160,9,211,483,9,7,1,1,1
160,12,221,484,6,6,1,1,1
161,1,192,497,7,7,1,1,1
161,2,239,496,6,6,1,1,1
161,9,211,484,7,6,1,1,1
161,12,219,484,7,7,1,1,1
162,1,192,497,7,7,1,1,1
162,2,239,496,6,6,1,1,1
162,9,211,484,7,6,1,1,1
162,12,219,484,7,7,1,1,1
163,1,192,497,7,7,1,1,1
163,2,238,496,7,6,1,1,1
163,9,209,485,8,6,1,1,1
163,12,218,485,7,6,1,1,1
164,1,192,497,7,7,1,1,1
164,2,238,496,7,6,1,1,1
164,9,209,485,8,6,1,1,1
164,12,218,485,7,6,1,1,1
165,1,193,497,7,7,1,1,1
165,2,238,496,7,6,1,1,1
165,9,208,485,7,6,1,1,1
165,12,217,485,8,7,1,1,1
166,1,193,497,7,7,1,1,1
166,2,238,496,7,6,1,1,1
166,9,208,485,7,6,1,1,1
166,12,217,485,8,7,1,1,1
167,1,194,497,6,6,1,1,1
167,2,237,496,7,6,1,1,1
167,9,206,486,8,6,1,1,1
167,12,216,486,8,6,1,1,1
168,1,194,497,6,6,1,1,1
168,2,237,496,7,6,1,1,1
168,9,206,486,8,6,1,1,1
168,12,216,486,8,6,1,1,1
169,1,195,497,6,6,1,1,1
169,2,236,496,7,6,1,1,1
169,9,205,487,7,5,1,1,1
169,12,216,487,7,6,1,1,1
170,1,195,497,6,6,1,1,1
170,2,236,496,7,6,1,1,1
170,9,205,487,7,5,1,1,1
170,12,216,487,7,6,1,1,1
171,1,195,497,6,6,1,1,1
171,2,236,496,6,6,1,1,1
171,9,204,488,7,6,1,1,1
171,12,215,488,7,6,1,1,1
172,1,195,497,6,6,1,1,1
172,2,236,496,6,6,1,1,1
172,9,204,488,7,6,1,1,1
172,12,215,488,7,6,1,1,1
173,1,196,497,6,6,1,1,1
173,2,235,496,7,6,1,1,1
173,9,202,489,8,6,1,1,1
173,12,214,489,7,6,1,1,1
174,1,196,497,6,6,1,1,1
174,2,235,496,7,6,1,1,1
174,9,202,489,8,6,1,1,1
174,12,214,489,7,6,1,1,1
175,1,196,498,7,5,1,1,1
175,2,234,496,7,6,1,1,1
175,9,202,491,6,5,1,1,1
175,12,214,490,7,6,1,1,1
176,1,196,498,7,5,1,1,1
176,2,234,496,7,6,1,1,1
176,9,202,491,6,5,1,1,1
176,12,214,490,7,6,1,1,1
177,1,197,498,6,5,1,1,1
177,2,233,496,7,6,1,1,1
177,9,200,491,8,6,1,1,1
177,12,214,492,7,5,1,1,1
178,1,197,498,6,5,1,1,1
178,2,233,496,7,6,1,1,1
178,9,200,491,8,6,1,1,1
178,12,214,492,7,5,1,1,1
179,1,197,498,6,6,1,1,1
179,2,232,496,8,7,1,1,1
179,9,199,492,7,6,1,1,1
179,12,214,493,6,6,1,1,1
180,1,197,498,6,6,1,1,1
180,2,232,496,8,7,1,1,1
180,9,199,492,7,6,1,1,1
180,12,214,493,6,6,1,1,1
181,2,232,496,7,7,1,1,1
181,12,213,494,7,6,1,1,1
182,2,232,496,7,7,1,1,1
182,12,213,494,7,6,1,1,1
183,1,197,498,8,6,1,1,1
183,2,231,496,7,7,1,1,1
183,12,213,496,7,5,1,1,1
184,1,197,498,8,6,1,1,1
184,2,231,496,7,7,1,1,1
184,12,213,496,7,5,1,1,1
185,1,198,498,7,6,1,1,1
185,2,230,496,8,7,1,1,1
185,12,213,497,7,6,1,1,1
186,1,198,498,7,6,1,1,1
186,2,230,496,8,7,1,1,1
186,12,213,497,7,6,1,1,1
187,1,198,498,7,6,1,1,1
187,2,230,496,7,7,1,1,1
187,12,213,498,7,6,1,1,1
188,1,198,498,7,6,1,1,1
188,2,230,496,7,7,1,1,1
188,12,213,498,7,6,1,1,1
189,1,197,498,8,7,1,1,1
189,2,230,496,7,7,1,1,1
189,12,212,499,7,6,1,1,1
190,1,197,498,8,7,1,1,1
190,2,230,496,7,7,1,1,1
190,12,212,499,7,6,1,1,1
191,1,197,498,8,7,1,1,1
192,1,197,498,8,7,1,1,1
193,1,197,498,8,6,1,1,1
193,16,213,503,6,6,1,1,1
193,17,196,504,6,5,1,1,1
193,18,231,498,6,5,1,1,1
194,1,197,498,8,6,1,1,1
194,16,213,503,6,6,1,1,1
194,17,196,504,6,5,1,1,1
194,18,231,498,6,5,1,1,1
195,1,198,498,6,6,1,1,1
195,16,214,504,6,6,1,1,1
195,17,195,505,7,5,1,1,1
195,18,230,497,8,5,1,1,1
196,1,198,498,6,6,1,1,1
196,16,214,504,6,6,1,1,1
196,17,195,505,7,5,1,1,1
196,18,230,497,8,5,1,1,1
197,1,198,498,6,6,1,1,1
197,16,214,505,7,6,1,1,1
197,17,194,505,7,6,1,1,1
197,18,230,496,8,6,1,1,1
197,19,218,495,7,6,1,1,1
198,1,198,498,6,6,1,1,1
198,16,214,505,7,6,1,1,1
198,17,194,505,7,6,1,1,1
198,18,230,496,8,6,1,1,1
198,19,218,495,7,6,1,1,1
199,1,198,498,6,6,1,1,1
199,16,214,506,6,5,1,1,1
199,18,230,495,9,6,1,1,1
199,19,218,494,6,5,1,1,1
200,1,198,498,6,6,1,1,1
200,16,214,506,6,5,1,1,1
200,18,230,495,9,6,1,1,1
200,19,218,494,6,5,1,1,1
201,1,198,499,6,5,1,1,1
201,2,230,497,7,6,1,1,1
201,16,214,507,6,4,1,1,1
201,19,218,492,6,6,1,1,1
202,1,198,499,6,5,1,1,1
202,2,230,497,7,6,1,1,1
202,16,214,507,6,4,1,1,1
202,19,218,492,6,6,1,1,1
203,1,197,499,6,4,1,1,1
203,2,230,498,6,5,1,1,1
203,19,217,491,7,6,1,1,1
204,1,197,499,6,4,1,1,1
204,2,230,498,6,5,1,1,1
204,19,217,491,7,6,1,1,1
205,1,197,499,6,4,1,1,1
205,2,230,498,7,5,1,1,1
205,19,217,489,7,6,1,1,1
205,20,232,490,6,6,1,1,1
206,1,197,499,6,4,1,1,1
206,2,230,498,7,5,1,1,1
206,19,217,489,7,6,1,1,1
206,20,232,490,6,6,1,1,1
207,1,196,499,6,4,1,1,1
207,2,230,498,7,5,1,1,1
207,19,216,488,8,6,1,1,1
207,20,232,489,6,6,1,1,1
208,1,196,499,6,4,1,1,1
208,2,230,498,7,5,1,1,1
208,19,216,488,8,6,1,1,1
208,20,232,489,6,6,1,1,1
209,1,195,499,7,4,1,1,1
209,2,230,497,8,6,1,1,1
209,18,230,488,8,6,1,1,1
209,19,216,486,7,6,1,1,1
210,1,195,499,7,4,1,1,1
210,2,230,497,8,6,1,1,1
210,18,230,488,8,6,1,1,1
210,19,216,486,7,6,1,1,1
211,1,194,498,7,5,1,1,1
211,2,230,497,8,5,1,1,1
211,18,229,487,8,6,1,1,1
211,19,215,485,7,6,1,1,1
212,1,194,498,7,5,1,1,1
212,2,230,497,8,5,1,1,1
212,18,229,487,8,6,1,1,1
212,19,215,485,7,6,1,1,1
213,1,193,498,7,5,1,1,1
213,2,230,497,8,5,1,1,1
213,18,228,485,9,7,1,1,1
213,19,215,484,7,6,1,1,1
214,1,193,498,7,5,1,1,1
214,2,230,497,8,5,1,1,1
214,18,228,485,9,7,1,1,1
214,19,215,484,7,6,1,1,1
215,1,192,498,7,5,1,1,1
215,2,231,496,8,6,1,1,1
215,18,228,485,8,6,1,1,1
215,19,214,484,6,5,1,1,1
216,1,192,498,7,5,1,1,1
216,2,231,496,8,6,1,1,1
216,18,228,485,8,6,1,1,1
216,19,214,484,6,5,1,1,1
217,1,190,497,8,6,1,1,1
217,2,232,497,7,5,1,1,1
217,18,228,484,8,6,1,1,1
217,19,213,483,6,5,1,1,1
218,1,190,497,8,6,1,1,1
218,2,232,497,7,5,1,1,1
218,18,228,484,8,6,1,1,1
218,19,213,483,6,5,1,1,1
219,1,189,497,8,6,1,1,1
219,2,232,497,8,5,1,1,1
219,18,227,483,8,7,1,1,1
219,19,212,482,6,5,1,1,1
220,1,189,497,8,6,1,1,1
220,2,232,497,8,5,1,1,1
220,18,227,483,8,7,1,1,1
220,19,212,482,6,5,1,1,1
221,1,189,497,7,6,1,1,1
221,2,233,497,7,5,1,1,1
221,18,226,483,8,6,1,1,1
221,19,211,481,7,6,1,1,1
222,1,189,497,7,6,1,1,1
222,2,233,497,7,5,1,1,1
222,18,226,483,8,6,1,1,1
222,19,211,481,7,6,1,1,1
223,1,188,497,7,6,1,1,1
223,2,234,497,7,5,1,1,1
223,18,226,483,7,6,1,1,1
223,19,210,481,7,6,1,1,1
224,1,188,497,7,6,1,1,1
224,2,234,497,7,5,1,1,1
224,18,226,483,7,6,1,1,1
224,19,210,481,7,6,1,1,1
225,1,188,497,6,6,1,1,1
225,2,235,497,6,5,1,1,1
225,18,225,482,7,6,1,1,1
225,19,209,481,6,5,1,1,1
226,1,188,497,6,6,1,1,1
226,2,235,497,6,5,1,1,1
226,18,225,482,7,6,1,1,1
226,19,209,481,6,5,1,1,1
227,1,187,497,7,6,1,1,1
227,2,235,498,7,4,1,1,1
227,18,224,482,7,6,1,1,1
227,19,208,480,7,6,1,1,1
228,1,187,497,7,6,1,1,1
228,2,235,498,7,4,1,1,1
228,18,224,482,7,6,1,1,1
228,19,208,480,7,6,1,1,1
229,1,186,497,8,6,1,1,1
229,2,236,498,6,4,1,1,1
229,18,223,482,7,6,1,1,1
229,19,206,480,8,6,1,1,1
230,1,186,497,8,6,1,1,1
230,2,236,498,6,4,1,1,1
230,18,223,482,7,6,1,1,1
230,19,206,480,8,6,1,1,1
231,1,186,497,7,6,1,1,1
231,2,236,498,7,4,1,1,1
231,18,222,482,7,6,1,1,1
231,19,205,480,8,6,1,1,1
232,1,186,497,7,6,1,1,1
232,2,236,498,7,4,1,1,1
232,18,222,482,7,6,1,1,1
232,19,205,480,8,6,1,1,1
233,1,186,497,7,6,1,1,1
233,2,237,498,6,4,1,1,1
233,18,220,482,8,6,1,1,1
233,19,204,480,8,6,1,1,1
234,1,186,497,7,6,1,1,1
234,2,237,498,6,4,1,1,1
234,18,220,482,8,6,1,1,1
234,19,204,480,8,6,1,1,1
235,1,186,498,6,6,1,1,1
235,2,236,497,8,5,1,1,1
235,18,220,483,6,5,1,1,1
235,19,203,480,8,6,1,1,1
236,1,186,498,6,6,1,1,1
236,2,236,497,8,5,1,1,1
236,18,220,483,6,5,1,1,1
236,19,203,480,8,6,1,1,1
237,1,186,498,6,6,1,1,1
237,2,237,497,7,5,1,1,1
237,18,219,483,6,5,1,1,1
237,19,202,480,8,6,1,1,1
238,1,186,498,6,6,1,1,1
238,2,237,497,7,5,1,1,1
238,18,219,483,6,5,1,1,1
238,19,202,480,8,6,1,1,1
239,1,186,498,6,6,1,1,1
239,2,237,497,7,5,1,1,1
239,18,217,483,7,6,1,1,1
239,19,202,480,7,6,1,1,1
240,1,186,498,6,6,1,1,1
240,2,237,497,7,5,1,1,1
240,18,217,483,7,6,1,1,1
240,19,202,480,7,6,1,1,1
241,1,187,499,6,5,1,1,1
241,2,237,497,7,5,1,1,1
241,18,216,484,7,5,1,1,1
241,19,202,481,6,5,1,1,1
242,1,187,499,6,5,1,1,1
242,2,237,497,7,5,1,1,1
242,18,216,484,7,5,1,1,1
242,19,202,481,6,5,1,1,1
243,1,187,499,6,5,1,1,1
243,2,237,497,7,5,1,1,1
243,18,215,485,7,5,1,1,1
243,19,201,481,6,5,1,1,1
244,1,187,499,6,5,1,1,1
244,2,237,497,7,5,1,1,1
244,18,215,485,7,5,1,1,1
244,19,201,481,6,5,1,1,1
245,1,188,499,6,5,1,1,1
245,2,237,498,7,4,1,1,1
245,18,214,485,7,6,1,1,1
245,19,200,481,7,6,1,1,1
246,1,188,499,6,5,1,1,1
246,2,237,498,7,4,1,1,1
246,18,214,485,7,6,1,1,1
246,19,200,481,7,6,1,1,1
247,1,188,499,7,5,1,1,1
247,2,237,498,6,4,1,1,1
247,18,213,486,6,5,1,1,1
247,19,200,482,7,5,1,1,1
248,1,188,499,7,5,1,1,1
248,2,237,498,6,4,1,1,1
248,18,213,486,6,5,1,1,1
248,19,200,482,7,5,1,1,1
249,1,188,498,7,6,1,1,1
249,2,237,498,6,4,1,1,1
249,18,211,487,6,5,1,1,1
249,19,200,482,7,6,1,1,1
250,1,188,498,7,6,1,1,1
250,2,237,498,6,4,1,1,1
250,18,211,487,6,5,1,1,1
250,19,200,482,7,6,1,1,1
251,1,190,498,6,6,1,1,1
251,2,237,498,6,4,1,1,1
251,18,210,488,6,5,1,1,1
251,19,200,483,6,5,1,1,1
252,1,190,498,6,6,1,1,1
252,2,237,498,6,4,1,1,1
252,18,210,488,6,5,1,1,1
252,19,200,483,6,5,1,1,1
253,1,191,498,6,6,1,1,1
253,2,236,498,7,4,1,1,1
253,18,209,488,7,6,1,1,1
253,19,200,484,6,5,1,1,1
254,1,191,498,6,6,1,1,1
254,2,236,498,7,4,1,1,1
254,18,209,488,7,6,1,1,1
254,19,200,484,6,5,1,1,1
255,1,192,498,6,6,1,1,1
255,2,236,498,7,4,1,1,1
255,18,208,489,7,6,1,1,1
255,19,199,484,7,6,1,1,1
256,1,192,498,6,6,1,1,1
256,2,236,498,7,4,1,1,1
256,18,208,489,7,6,1,1,1
256,19,199,484,7,6,1,1,1
257,1,193,499,6,5,1,1,1
257,2,236,498,7,4,1,1,1
257,18,207,490,7,6,1,1,1
257,19,199,485,7,5,1,1,1
258,1,193,499,6,5,1,1,1
258,2,236,498,7,4,1,1,1
258,18,207,490,7,6,1,1,1
258,19,199,485,7,5,1,1,1
259,1,194,499,6,5,1,1,1
259,2,236,498,6,4,1,1,1
259,18,207,491,7,6,1,1,1
259,19,199,486,6,5,1,1,1
260,1,194,499,6,5,1,1,1
260,2,236,498,6,4,1,1,1
260,18,207,491,7,6,1,1,1
260,19,199,486,6,5,1,1,1
261,1,195,499,6,5,1,1,1
261,2,236,498,6,4,1,1,1
261,18,207,492,6,5,1,1,1
261,19,198,486,7,6,1,1,1
262,1,195,499,6,5,1,1,1
262,2,236,498,6,4,1,1,1
262,18,207,492,6,5,1,1,1
262,19,198,486,7,6,1,1,1
263,1,196,499,6,5,1,1,1
263,2,235,498,7,4,1,1,1
263,18,206,493,7,6,1,1,1
263,19,198,487,6,6,1,1,1
264,1,196,499,6,5,1,1,1
264,2,235,498,7,4,1,1,1
264,18,206,493,7,6,1,1,1
264,19,198,487,6,6,1,1,1
265,1,197,499,6,5,1,1,1
265,2,235,498,6,4,1,1,1
265,18,206,494,6,6,1,1,1
265,19,197,488,7,5,1,1,1
266,1,197,499,6,5,1,1,1
266,2,235,498,6,4,1,1,1
266,18,206,494,6,6,1,1,1
266,19,197,488,7,5,1,1,1
267,1,197,499,7,5,1,1,1
267,2,234,498,7,4,1,1,1
267,18,206,495,6,5,1,1,1
267,19,197,489,6,5,1,1,1
268,1,197,499,7,5,1,1,1
268,2,234,498,7,4,1,1,1
268,18,206,495,6,5,1,1,1
268,19,197,489,6,5,1,1,1
269,1,198,499,6,5,1,1,1
269,2,234,498,7,4,1,1,1
269,18,205,496,7,5,1,1,1
269,19,196,490,7,5,1,1,1
270,1,198,499,6,5,1,1,1
270,2,234,498,7,4,1,1,1
270,18,205,496,7,5,1,1,1
270,19,196,490,7,5,1,1,1
271,1,199,499,6,5,1,1,1
271,2,234,498,6,4,1,1,1
271,18,205,496,7,6,1,1,1
271,19,196,490,7,6,1,1,1
272,1,199,499,6,5,1,1,1
272,2,234,498,6,4,1,1,1
272,18,205,496,7,6,1,1,1
272,19,196,490,7,6,1,1,1
273,1,199,499,6,5,1,1,1
273,2,233,498,7,4,1,1,1
273,18,205,497,7,6,1,1,1
273,19,196,491,6,5,1,1,1
273,21,217,507,6,4,1,1,1
274,1,199,499,6,5,1,1,1
274,2,233,498,7,4,1,1,1
274,18,205,497,7,6,1,1,1
274,19,196,491,6,5,1,1,1
274,21,217,507,6,4,1,1,1
275,1,200,499,6,5,1,1,1
275,2,233,498,6,4,1,1,1
275,18,205,498,7,6,1,1,1
275,19,195,492,6,5,1,1,1
275,21,217,506,6,5,1,1,1
276,1,200,499,6,5,1,1,1
276,2,233,498,6,4,1,1,1
276,18,205,498,7,6,1,1,1
276,19,195,492,6,5,1,1,1
276,21,217,506,6,5,1,1,1
277,1,200,499,6,5,1,1,1
277,2,233,498,6,4,1,1,1
277,18,205,499,6,5,1,1,1
277,19,194,493,7,5,1,1,1
277,21,216,505,7,5,1,1,1
278,1,200,499,6,5,1,1,1
278,2,233,498,6,4,1,1,1
278,18,205,499,6,5,1,1,1
278,19,194,493,7,5,1,1,1
278,21,216,505,7,5,1,1,1
279,1,201,499,6,5,1,1,1
279,18,205,500,6,5,1,1,1
279,19,194,494,6,5,1,1,1
279,21,216,504,7,6,1,1,1
280,1,201,499,6,5,1,1,1
280,18,205,500,6,5,1,1,1
280,19,194,494,6,5,1,1,1
280,21,216,504,7,6,1,1,1
281,1,201,499,7,5,1,1,1
281,18,204,500,7,5,1,1,1
281,19,193,495,6,5,1,1,1
281,20,206,499,6,6,1,1,1
281,21,216,503,7,6,1,1,1
282,1,201,499,7,5,1,1,1
282,18,204,500,7,5,1,1,1
282,19,193,495,6,5,1,1,1
282,20,206,499,6,6,1,1,1
282,21,216,503,7,6,1,1,1
283,1,202,499,6,5,1,1,1
283,19,193,496,6,5,1,1,1
283,20,206,500,6,6,1,1,1
283,21,217,503,6,5,1,1,1
284,1,202,499,6,5,1,1,1
284,19,193,496,6,5,1,1,1
284,20,206,500,6,6,1,1,1
284,21,217,503,6,5,1,1,1
285,19,193,497,6,5,1,1,1
285,20,206,501,6,6,1,1,1
285,21,217,502,6,5,1,1,1
286,19,193,497,6,5,1,1,1
286,20,206,501,6,6,1,1,1
286,21,217,502,6,5,1,1,1
287,19,192,498,7,5,1,1,1
287,20,205,502,7,5,1,1,1
287,21,217,502,6,5,1,1,1
287,23,232,498,8,7,1,1,1
288,19,192,498,7,5,1,1,1
288,20,205,502,7,5,1,1,1
288,21,217,502,6,5,1,1,1
288,23,232,498,8,7,1,1,1
289,17,206,503,6,5,1,1,1
289,19,192,499,7,5,1,1,1
289,20,205,502,7,6,1,1,1
289,21,217,501,7,5,1,1,1
289,23,232,498,8,6,1,1,1
290,17,206,503,6,5,1,1,1
290,19,192,499,7,5,1,1,1
290,20,205,502,7,6,1,1,1
290,21,217,501,7,5,1,1,1
290,23,232,498,8,6,1,1,1
291,2,233,498,7,5,1,1,1
291,17,206,502,7,5,1,1,1
291,19,192,500,7,4,1,1,1
291,21,217,500,7,6,1,1,1
291,23,233,497,6,6,1,1,1
292,2,233,498,7,5,1,1,1
292,17,206,502,7,5,1,1,1
292,19,192,500,7,4,1,1,1
292,21,217,500,7,6,1,1,1
292,23,233,497,6,6,1,1,1
293,2,233,497,8,6,1,1,1
293,17,207,502,6,5,1,1,1
293,19,193,500,6,5,1,1,1
293,21,217,499,7,6,1,1,1
294,2,233,497,8,6,1,1,1
294,17,207,502,6,5,1,1,1
294,19,193,500,6,5,1,1,1
294,21,217,499,7,6,1,1,1
295,2,233,497,8,6,1,1,1
295,17,207,503,6,5,1,1,1
295,19,192,501,7,5,1,1,1
295,21,218,499,7,6,1,1,1
295,23,234,497,7,6,1,1,1
296,2,233,497,8,6,1,1,1
296,17,207,503,6,5,1,1,1
296,19,192,501,7,5,1,1,1
296,21,218,499,7,6,1,1,1
296,23,234,497,7,6,1,1,1
297,17,207,503,6,5,1,1,1
297,19,192,501,8,6,1,1,1
297,21,218,498,7,6,1,1,1
297,23,235,496,6,6,1,1,1
297,24,199,499,8,5,1,1,1
298,17,207,503,6,5,1,1,1
298,19,192,501,8,6,1,1,1
298,21,218,498,7,6,1,1,1
298,23,235,496,6,6,1,1,1
298,24,199,499,8,5,1,1,1
299,17,207,504,6,5,1,1,1
299,19,193,502,7,6,1,1,1
299,21,219,498,7,5,1,1,1
299,23,234,496,8,6,1,1,1
299,24,199,499,8,5,1,1,1
300,17,207,504,6,5,1,1,1
300,19,193,502,7,6,1,1,1
300,21,219,498,7,5,1,1,1
300,23,234,496,8,6,1,1,1
300,24,199,499,8,5,1,1,1
301,17,207,504,7,5,1,1,1
301,19,193,503,8,6,1,1,1
301,21,220,497,6,6,1,1,1
301,23,234,495,8,7,1,1,1
301,24,199,499,8,5,1,1,1
302,17,207,504,7,5,1,1,1
302,19,193,503,8,6,1,1,1
302,21,220,497,6,6,1,1,1
302,23,234,495,8,7,1,1,1
302,24,199,499,8,5,1,1,1
303,17,207,504,8,5,1,1,1
303,19,194,503,7,6,1,1,1
303,21,220,497,6,5,1,1,1
303,23,235,495,7,7,1,1,1
303,24,198,498,9,5,1,1,1
304,17,207,504,8,5,1,1,1
304,19,194,503,7,6,1,1,1
304,21,220,497,6,5,1,1,1
304,23,235,495,7,7,1,1,1
304,24,198,498,9,5,1,1,1
305,17,208,504,7,6,1,1,1
305,19,195,504,6,6,1,1,1
305,21,220,497,7,5,1,1,1
305,23,236,495,7,6,1,1,1
305,24,197,498,9,6,1,1,1
306,17,208,504,7,6,1,1,1
306,19,195,504,6,6,1,1,1
306,21,220,497,7,5,1,1,1
306,23,236,495,7,6,1,1,1
306,24,197,498,9,6,1,1,1
307,17,209,504,6,6,1,1,1
307,19,195,505,7,5,1,1,1
307,21,221,496,7,6,1,1,1
307,24,196,497,9,7,1,1,1
308,17,209,504,6,6,1,1,1
308,19,195,505,7,5,1,1,1
308,21,221,496,7,6,1,1,1
308,24,196,497,9,7,1,1,1
309,2,236,497,8,6,1,1,1
309,17,208,505,8,5,1,1,1
309,19,195,505,8,6,1,1,1
309,21,222,496,6,5,1,1,1
309,24,195,497,8,6,1,1,1
309,25,235,492,9,6,1,1,1
310,2,236,497,8,6,1,1,1
310,17,208,505,8,5,1,1,1
310,19,195,505,8,6,1,1,1
310,21,222,496,6,5,1,1,1
310,24,195,497,8,6,1,1,1
310,25,235,492,9,6,1,1,1
311,2,236,497,8,7,1,1,1
311,17,209,505,7,6,1,1,1
311,19,195,505,8,6,1,1,1
311,20,197,506,6,5,1,1,1
311,21,222,496,6,5,1,1,1
311,24,194,497,8,6,1,1,1
311,25,235,491,9,7,1,1,1
312,2,236,497,8,7,1,1,1
312,17,209,505,7,6,1,1,1
312,19,195,505,8,6,1,1,1
312,20,197,506,6,5,1,1,1
312,21,222,496,6,5,1,1,1
312,24,194,497,8,6,1,1,1
312,25,235,491,9,7,1,1,1
313,2,237,498,7,6,1,1,1
313,17,210,505,6,6,1,1,1
313,20,197,506,6,5,1,1,1
313,21,223,495,6,5,1,1,1
313,23,236,492,7,6,1,1,1
313,24,193,497,7,5,1,1,1
313,25,235,491,9,7,1,1,1
314,2,237,498,7,6,1,1,1
314,17,210,505,6,6,1,1,1
314,20,197,506,6,5,1,1,1
314,21,223,495,6,5,1,1,1
314,23,236,492,7,6,1,1,1
314,24,193,497,7,5,1,1,1
314,25,235,491,9,7,1,1,1
315,2,237,498,7,6,1,1,1
315,17,210,506,6,5,1,1,1
315,20,197,506,7,5,1,1,1
315,21,223,495,7,5,1,1,1
315,23,237,491,6,6,1,1,1
315,24,192,497,7,5,1,1,1
315,25,235,491,8,6,1,1,1
316,2,237,498,7,6,1,1,1
316,17,210,506,6,5,1,1,1
316,20,197,506,7,5,1,1,1
316,21,223,495,7,5,1,1,1
316,23,237,491,6,6,1,1,1
316,24,192,497,7,5,1,1,1
316,25,235,491,8,6,1,1,1
317,2,237,498,8,6,1,1,1
317,17,210,506,7,5,1,1,1
317,20,198,506,6,5,1,1,1
317,21,223,494,8,6,1,1,1
317,24,191,497,7,5,1,1,1
317,25,235,490,8,6,1,1,1
318,2,237,498,8,6,1,1,1
318,17,210,506,7,5,1,1,1
318,20,198,506,6,5,1,1,1
318,21,223,494,8,6,1,1,1
318,24,191,497,7,5,1,1,1
318,25,235,490,8,6,1,1,1
319,2,238,498,7,6,1,1,1
319,17,211,506,6,5,1,1,1
319,20,199,507,6,4,1,1,1
319,21,224,494,6,6,1,1,1
319,24,189,497,8,5,1,1,1
319,25,236,490,6,5,1,1,1
320,2,238,498,7,6,1,1,1
320,17,211,506,6,5,1,1,1
320,20,199,507,6,4,1,1,1
320,21,224,494,6,6,1,1,1
320,24,189,497,8,5,1,1,1
320,25,236,490,6,5,1,1,1
321,2,238,498,7,6,1,1,1
321,17,211,507,6,4,1,1,1
321,20,199,507,6,4,1,1,1
321,21,224,494,6,5,1,1,1
321,24,188,497,8,6,1,1,1
321,25,235,490,7,5,1,1,1
322,2,238,498,7,6,1,1,1
322,17,211,507,6,4,1,1,1
322,20,199,507,6,4,1,1,1
322,21,224,494,6,5,1,1,1
322,24,188,497,8,6,1,1,1
322,25,235,490,7,5,1,1,1
323,2,238,498,7,6,1,1,1
323,17,212,507,5,4,1,1,1
323,21,224,494,7,5,1,1,1
323,23,235,489,7,6,1,1,1
323,24,187,497,8,6,1,1,1
323,25,235,490,7,5,1,1,1
324,2,238,498,7,6,1,1,1
324,17,212,507,5,4,1,1,1
324,21,224,494,7,5,1,1,1
324,23,235,489,7,6,1,1,1
324,24,187,497,8,6,1,1,1
324,25,235,490,7,5,1,1,1
325,2,239,497,6,6,1,1,1
325,17,212,507,6,4,1,1,1
325,21,224,493,6,6,1,1,1
325,23,235,489,7,6,1,1,1
325,24,186,497,8,6,1,1,1
325,25,235,490,6,5,1,1,1
326,2,239,497,6,6,1,1,1
326,17,212,507,6,4,1,1,1
326,21,224,493,6,6,1,1,1
326,23,235,489,7,6,1,1,1
326,24,186,497,8,6,1,1,1
326,25,235,490,6,5,1,1,1
327,2,239,497,6,6,1,1,1
327,17,212,507,6,4,1,1,1
327,21,224,493,6,5,1,1,1
327,24,186,498,7,5,1,1,1
327,25,235,489,6,5,1,1,1
328,2,239,497,6,6,1,1,1
328,17,212,507,6,4,1,1,1
328,21,224,493,6,5,1,1,1
328,24,186,498,7,5,1,1,1
328,25,235,489,6,5,1,1,1
329,2,239,497,6,6,1,1,1
329,17,212,507,7,4,1,1,1
329,21,224,493,6,5,1,1,1
329,24,186,498,7,5,1,1,1
329,25,234,489,7,5,1,1,1
330,2,239,497,6,6,1,1,1
330,17,212,507,7,4,1,1,1
330,21,224,493,6,5,1,1,1
330,24,186,498,7,5,1,1,1
330,25,234,489,7,5,1,1,1
331,2,239,497,6,5,1,1,1
331,17,213,507,6,4,1,1,1
331,21,224,493,6,5,1,1,1
331,24,186,498,7,5,1,1,1
331,25,234,489,7,5,1,1,1
332,2,239,497,6,5,1,1,1
332,17,213,507,6,4,1,1,1
332,21,224,493,6,5,1,1,1
332,24,186,498,7,5,1,1,1
332,25,234,489,7,5,1,1,1
333,2,239,497,6,5,1,1,1
333,17,213,507,6,4,1,1,1
333,21,224,493,6,5,1,1,1
333,24,186,499,7,5,1,1,1
333,25,233,489,8,6,1,1,1
334,2,239,497,6,5,1,1,1
334,17,213,507,6,4,1,1,1
334,21,224,493,6,5,1,1,1
334,24,186,499,7,5,1,1,1
334,25,233,489,8,6,1,1,1
335,2,239,497,6,5,1,1,1
335,17,213,507,7,4,1,1,1
335,21,223,493,7,6,1,1,1
335,24,186,499,7,5,1,1,1
335,25,232,489,8,6,1,1,1
336,2,239,497,6,5,1,1,1
336,17,213,507,7,4,1,1,1
336,21,223,493,7,6,1,1,1
336,24,186,499,7,5,1,1,1
336,25,232,489,8,6,1,1,1
337,2,239,497,7,5,1,1,1
337,17,214,507,6,4,1,1,1
337,21,223,493,7,6,1,1,1
337,24,186,499,7,5,1,1,1
337,25,232,489,8,6,1,1,1
338,2,239,497,7,5,1,1,1
338,17,214,507,6,4,1,1,1
338,21,223,493,7,6,1,1,1
338,24,186,499,7,5,1,1,1
338,25,232,489,8,6,1,1,1
339,2,239,497,7,5,1,1,1
339,17,214,507,7,4,1,1,1
339,21,222,494,7,5,1,1,1
339,24,186,499,7,5,1,1,1
339,25,232,490,7,5,1,1,1
340,2,239,497,7,5,1,1,1
340,17,214,507,7,4,1,1,1
340,21,222,494,7,5,1,1,1
340,24,186,499,7,5,1,1,1
340,25,232,490,7,5,1,1,1
341,2,239,497,7,5,1,1,1
341,17,215,507,7,4,1,1,1
341,21,222,494,7,5,1,1,1
341,24,187,499,6,5,1,1,1
341,25,231,490,7,5,1,1,1
341,28,202,507,6,4,1,1,1
342,2,239,497,7,5,1,1,1
342,17,215,507,7,4,1,1,1
342,21,222,494,7,5,1,1,1
342,24,187,499,6,5,1,1,1
342,25,231,490,7,5,1,1,1
342,28,202,507,6,4,1,1,1
343,2,239,497,7,5,1,1,1
343,17,215,507,7,4,1,1,1
343,21,222,494,6,5,1,1,1
343,24,187,498,7,6,1,1,1
343,25,231,490,6,5,1,1,1
343,28,202,507,6,4,1,1,1
344,2,239,497,7,5,1,1,1
344,17,215,507,7,4,1,1,1
344,21,222,494,6,5,1,1,1
344,24,187,498,7,6,1,1,1
344,25,231,490,6,5,1,1,1
344,28,202,507,6,4,1,1,1
345,2,239,497,7,5,1,1,1
345,17,216,506,7,5,1,1,1
345,21,221,494,7,6,1,1,1
345,24,187,498,7,6,1,1,1
345,25,230,490,7,6,1,1,1
345,28,202,507,6,4,1,1,1
346,2,239,497,7,5,1,1,1
346,17,216,506,7,5,1,1,1
346,21,221,494,7,6,1,1,1
346,24,187,498,7,6,1,1,1
346,25,230,490,7,6,1,1,1
346,28,202,507,6,4,1,1,1
347,2,240,497,6,5,1,1,1
347,17,216,506,7,5,1,1,1
347,21,220,495,7,5,1,1,1
347,24,187,498,7,6,1,1,1
347,25,229,491,7,5,1,1,1
347,28,202,507,5,4,1,1,1
348,2,240,497,6,5,1,1,1
348,17,216,506,7,5,1,1,1
348,21,220,495,7,5,1,1,1
348,24,187,498,7,6,1,1,1
348,25,229,491,7,5,1,1,1
348,28,202,507,5,4,1,1,1
349,2,240,497,6,5,1,1,1
349,17,217,506,7,5,1,1,1
349,21,220,495,6,5,1,1,1
349,24,187,497,7,7,1,1,1
349,25,229,491,6,5,1,1,1
349,28,201,506,7,5,1,1,1
350,2,240,497,6,5,1,1,1
350,17,217,506,7,5,1,1,1
350,21,220,495,6,5,1,1,1
350,24,187,497,7,7,1,1,1
350,25,229,491,6,5,1,1,1
350,28,201,506,7,5,1,1,1
351,2,240,497,6,5,1,1,1
351,17,217,505,8,6,1,1,1
351,21,219,495,6,6,1,1,1
351,24,187,497,7,7,1,1,1
351,25,228,491,7,6,1,1,1
351,28,201,506,6,5,1,1,1
352,2,240,497,6,5,1,1,1
352,17,217,505,8,6,1,1,1
352,21,219,495,6,6,1,1,1
352,24,187,497,7,7,1,1,1
352,25,228,491,7,6,1,1,1
352,28,201,506,6,5,1,1,1
353,2,240,497,6,5,1,1,1
353,17,218,505,7,5,1,1,1
353,21,218,496,6,5,1,1,1
353,24,187,497,7,7,1,1,1
353,25,226,492,8,5,1,1,1
353,28,201,505,6,6,1,1,1
354,2,240,497,6,5,1,1,1
354,17,218,505,7,5,1,1,1
354,21,218,496,6,5,1,1,1
354,24,187,497,7,7,1,1,1
354,25,226,492,8,5,1,1,1
354,28,201,505,6,6,1,1,1
355,2,240,497,6,5,1,1,1
355,17,219,504,7,6,1,1,1
355,21,217,496,7,5,1,1,1
355,24,187,497,8,7,1,1,1
355,25,225,492,8,6,1,1,1
355,28,200,505,8,5,1,1,1
356,2,240,497,6,5,1,1,1
356,17,219,504,7,6,1,1,1
356,21,217,496,7,5,1,1,1
356,24,187,497,8,7,1,1,1
356,25,225,492,8,6,1,1,1
356,28,200,505,8,5,1,1,1
357,2,240,497,6,5,1,1,1
357,17,220,504,8,5,1,1,1
357,21,217,497,6,5,1,1,1
357,24,188,497,7,7,1,1,1
357,25,224,492,8,6,1,1,1
357,28,200,504,7,6,1,1,1
358,2,240,497,6,5,1,1,1
358,17,220,504,8,5,1,1,1
358,21,217,497,6,5,1,1,1
358,24,188,497,7,7,1,1,1
358,25,224,492,8,6,1,1,1
358,28,200,504,7,6,1,1,1
359,2,240,497,6,5,1,1,1
359,17,221,504,7,5,1,1,1
359,21,216,497,6,5,1,1,1
359,24,188,497,7,7,1,1,1
359,25,224,493,7,6,1,1,1
359,28,200,504,7,6,1,1,1
360,2,240,497,6,5,1,1,1
360,17,221,504,7,5,1,1,1
360,21,216,497,6,5,1,1,1
360,24,188,497,7,7,1,1,1
360,25,224,493,7,6,1,1,1
360,28,200,504,7,6,1,1,1
361,2,240,497,6,5,1,1,1
361,17,222,503,7,6,1,1,1
361,21,215,498,6,5,1,1,1
361,24,189,497,6,6,1,1,1
361,25,223,493,7,6,1,1,1
361,28,199,503,7,6,1,1,1
362,2,240,497,6,5,1,1,1
362,17,222,503,7,6,1,1,1
362,21,215,498,6,5,1,1,1
362,24,189,497,6,6,1,1,1
362,25,223,493,7,6,1,1,1
362,28,199,503,7,6,1,1,1
363,2,240,497,6,5,1,1,1
363,17,222,503,8,5,1,1,1
363,21,214,498,7,5,1,1,1
363,24,189,497,6,6,1,1,1
363,25,222,494,6,6,1,1,1
363,28,199,503,6,6,1,1,1
364,2,240,497,6,5,1,1,1
364,17,222,503,8,5,1,1,1
364,21,214,498,7,5,1,1,1
364,24,189,497,6,6,1,1,1
364,25,222,494,6,6,1,1,1
364,28,199,503,6,6,1,1,1
365,2,240,497,6,5,1,1,1
365,17,223,503,7,5,1,1,1
365,21,213,499,7,5,1,1,1
365,24,189,497,6,6,1,1,1
365,25,221,494,7,6,1,1,1
365,28,198,503,6,5,1,1,1
366,2,240,497,6,5,1,1,1
366,17,223,503,7,5,1,1,1
366,21,213,499,7,5,1,1,1
366,24,189,497,6,6,1,1,1
366,25,221,494,7,6,1,1,1
366,28,198,503,6,5,1,1,1
367,2,240,497,6,5,1,1,1
367,17,224,502,7,6,1,1,1
367,21,213,499,6,5,1,1,1
367,24,189,497,6,6,1,1,1
367,25,220,495,8,5,1,1,1
367,28,198,502,6,5,1,1,1
368,2,240,497,6,5,1,1,1
368,17,224,502,7,6,1,1,1
368,21,213,499,6,5,1,1,1
368,24,189,497,6,6,1,1,1
368,25,220,495,8,5,1,1,1
368,28,198,502,6,5,1,1,1
369,2,240,497,6,5,1,1,1
369,17,224,502,8,5,1,1,1
369,21,212,499,6,5,1,1,1
369,24,189,497,6,5,1,1,1
369,25,220,495,6,6,1,1,1
369,28,197,502,7,5,1,1,1
370,2,240,497,6,5,1,1,1
370,17,224,502,8,5,1,1,1
370,21,212,499,6,5,1,1,1
370,24,189,497,6,5,1,1,1
370,25,220,495,6,6,1,1,1
370,28,197,502,7,5,1,1,1
371,2,240,497,6,5,1,1,1
371,17,225,501,7,6,1,1,1
371,21,211,499,7,5,1,1,1
371,24,190,497,5,5,1,1,1
371,25,219,496,6,5,1,1,1
371,28,197,502,6,5,1,1,1
372,2,240,497,6,5,1,1,1
372,17,225,501,7,6,1,1,1
372,21,211,499,7,5,1,1,1
372,24,190,497,5,5,1,1,1
372,25,219,496,6,5,1,1,1
372,28,197,502,6,5,1,1,1
373,2,240,497,6,5,1,1,1
373,17,226,501,6,6,1,1,1
373,21,211,500,6,5,1,1,1
373,24,189,497,6,5,1,1,1
373,25,219,496,6,5,1,1,1
373,28,196,501,6,5,1,1,1
374,2,240,497,6,5,1,1,1
374,17,226,501,6,6,1,1,1
374,21,211,500,6,5,1,1,1
374,24,189,497,6,5,1,1,1
374,25,219,496,6,5,1,1,1
374,28,196,501,6,5,1,1,1
375,2,240,497,7,5,1,1,1
375,17,226,501,7,5,1,1,1
375,21,210,500,7,5,1,1,1
375,24,189,497,6,5,1,1,1
375,25,218,496,7,5,1,1,1
375,28,195,501,7,5,1,1,1
376,2,240,497,7,5,1,1,1
376,17,226,501,7,5,1,1,1
376,21,210,500,7,5,1,1,1
376,24,189,497,6,5,1,1,1
376,25,218,496,7,5,1,1,1
376,28,195,501,7,5,1,1,1
377,2,240,497,7,5,1,1,1
377,17,226,501,8,5,1,1,1
377,21,209,500,8,5,1,1,1
377,24,189,497,6,5,1,1,1
377,25,217,496,8,6,1,1,1
377,28,194,500,8,6,1,1,1
378,2,240,497,7,5,1,1,1
378,17,226,501,8,5,1,1,1
378,21,209,500,8,5,1,1,1
378,24,189,497,6,5,1,1,1
378,25,217,496,8,6,1,1,1
378,28,194,500,8,6,1,1,1
379,2,240,497,8,6,1,1,1
379,17,227,500,7,6,1,1,1
379,21,209,500,8,6,1,1,1
379,24,189,497,7,5,1,1,1
379,25,217,496,7,6,1,1,1
379,28,193,500,8,6,1,1,1
380,2,240,497,8,6,1,1,1
380,17,227,500,7,6,1,1,1
380,21,209,500,8,6,1,1,1
380,24,189,497,7,5,1,1,1
380,25,217,496,7,6,1,1,1
380,28,193,500,8,6,1,1,1
381,2,240,497,8,6,1,1,1
381,17,227,500,8,6,1,1,1
381,21,208,500,8,6,1,1,1
381,24,189,497,6,5,1,1,1
381,25,217,496,7,6,1,1,1
381,28,193,500,8,6,1,1,1
382,2,240,497,8,6,1,1,1
382,17,227,500,8,6,1,1,1
382,21,208,500,8,6,1,1,1
382,24,189,497,6,5,1,1,1
382,25,217,496,7,6,1,1,1
382,28,193,500,8,6,1,1,1
383,2,240,497,8,6,1,1,1
383,17,228,500,7,6,1,1,1
383,21,208,500,8,6,1,1,1
383,24,188,497,7,5,1,1,1
383,25,217,496,6,6,1,1,1
383,28,193,500,7,6,1,1,1
384,2,240,497,8,6,1,1,1
384,17,228,500,7,6,1,1,1
384,21,208,500,8,6,1,1,1
384,24,188,497,7,5,1,1,1
384,25,217,496,6,6,1,1,1
384,28,193,500,7,6,1,1,1
385,2,241,497,8,7,1,1,1
385,17,228,500,7,6,1,1,1
385,21,208,500,8,6,1,1,1
385,24,188,497,6,5,1,1,1
385,25,217,497,6,5,1,1,1
385,28,193,500,7,6,1,1,1
386,2,241,497,8,7,1,1,1
386,17,228,500,7,6,1,1,1
386,21,208,500,8,6,1,1,1
386,24,188,497,6,5,1,1,1
386,25,217,497,6,5,1,1,1
386,28,193,500,7,6,1,1,1
387,2,241,497,7,6,1,1,1
387,17,228,500,7,6,1,1,1
387,21,208,500,7,6,1,1,1
387,24,188,497,6,5,1,1,1
387,25,217,497,6,5,1,1,1
387,28,194,500,6,5,1,1,1
388,2,241,497,7,6,1,1,1
388,17,228,500,7,6,1,1,1
388,21,208,500,7,6,1,1,1
388,24,188,497,6,5,1,1,1
388,25,217,497,6,5,1,1,1
388,28,194,500,6,5,1,1,1
389,2,242,497,6,6,1,1,1
389,17,229,500,6,5,1,1,1
389,21,208,500,6,6,1,1,1
389,24,188,497,6,5,1,1,1
389,25,216,497,7,5,1,1,1
389,28,194,500,6,5,1,1,1
390,2,242,497,6,6,1,1,1
390,17,229,500,6,5,1,1,1
390,21,208,500,6,6,1,1,1
390,24,188,497,6,5,1,1,1
390,25,216,497,7,5,1,1,1
390,28,194,500,6,5,1,1,1
391,2,242,497,6,6,1,1,1
391,17,229,500,6,5,1,1,1
391,21,208,501,6,5,1,1,1
391,24,188,497,6,5,1,1,1
391,25,216,497,7,5,1,1,1
391,28,194,500,7,5,1,1,1
392,2,242,497,6,6,1,1,1
392,17,229,500,6,5,1,1,1
392,21,208,501,6,5,1,1,1
392,24,188,497,6,5,1,1,1
392,25,216,497,7,5,1,1,1
392,28,194,500,7,5,1,1,1
393,2,242,497,7,6,1,1,1
393,17,229,500,6,5,1,1,1
393,21,208,501,6,5,1,1,1
393,24,187,497,7,5,1,1,1
393,25,216,497,8,5,1,1,1
393,28,194,499,7,6,1,1,1
394,2,242,497,7,6,1,1,1
394,17,229,500,6,5,1,1,1
394,21,208,501,6,5,1,1,1
394,24,187,497,7,5,1,1,1
394,25,216,497,8,5,1,1,1
394,28,194,499,7,6,1,1,1
395,2,243,497,6,5,1,1,1
395,17,228,500,7,5,1,1,1
395,21,208,501,6,5,1,1,1
395,24,187,497,7,5,1,1,1
395,25,216,497,8,5,1,1,1
395,28,195,499,7,6,1,1,1
396,2,243,497,6,5,1,1,1
396,17,228,500,7,5,1,1,1
396,21,208,501,6,5,1,1,1
396,24,187,497,7,5,1,1,1
396,25,216,497,8,5,1,1,1
396,28,195,499,7,6,1,1,1
397,2,243,497,6,5,1,1,1
397,17,228,500,7,5,1,1,1
397,21,208,501,6,5,1,1,1
397,24,187,497,7,6,1,1,1
397,25,216,497,8,6,1,1,1
397,28,195,499,7,6,1,1,1
398,2,243,497,6,5,1,1,1
398,17,228,500,7,5,1,1,1
398,21,208,501,6,5,1,1,1
398,24,187,497,7,6,1,1,1
398,25,216,497,8,6,1,1,1
398,28,195,499,7,6,1,1,1
399,2,243,497,6,5,1,1,1
399,17,228,499,7,6,1,1,1
399,21,208,501,6,5,1,1,1
399,24,187,497,7,6,1,1,1
399,25,216,497,8,6,1,1,1
399,28,196,499,6,6,1,1,1
400,2,243,497,6,5,1,1,1
400,17,228,499,7,6,1,1,1
400,21,208,501,6,5,1,1,1
400,24,187,497,7,6,1,1,1
400,25,216,497,8,6,1,1,1
400,28,196,499,6,6,1,1,1
401,2,243,497,7,5,1,1,1
401,17,228,499,7,6,1,1,1
401,21,208,501,6,5,1,1,1
401,24,187,497,7,6,1,1,1
401,25,217,497,7,6,1,1,1
401,28,196,499,6,5,1,1,1
402,2,243,497,7,5,1,1,1
402,17,228,499,7,6,1,1,1
402,21,208,501,6,5,1,1,1
402,24,187,497,7,6,1,1,1
402,25,217,497,7,6,1,1,1
402,28,196,499,6,5,1,1,1
403,2,243,497,8,5,1,1,1
403,17,228,499,7,6,1,1,1
403,21,208,501,6,5,1,1,1
403,24,187,497,8,7,1,1,1
403,25,217,497,8,6,1,1,1
403,28,197,499,6,5,1,1,1
404,2,243,497,8,5,1,1,1
404,17,228,499,7,6,1,1,1
404,21,208,501,6,5,1,1,1
404,24,187,497,8,7,1,1,1
404,25,217,497,8,6,1,1,1
404,28,197,499,6,5,1,1,1
405,2,243,497,8,5,1,1,1
405,17,228,500,7,5,1,1,1
405,21,208,501,6,5,1,1,1
405,24,188,498,6,6,1,1,1
405,25,217,497,8,6,1,1,1
405,28,196,499,7,5,1,1,1
406,2,243,497,8,5,1,1,1
406,17,228,500,7,5,1,1,1
406,21,208,501,6,5,1,1,1
406,24,188,498,6,6,1,1,1
406,25,217,497,8,6,1,1,1
406,28,196,499,7,5,1,1,1
407,2,243,497,8,5,1,1,1
407,17,229,500,6,5,1,1,1
407,21,208,501,6,5,1,1,1
407,24,188,498,7,6,1,1,1
407,25,218,497,7,6,1,1,1
407,28,197,499,7,5,1,1,1
408,2,243,497,8,5,1,1,1
408,17,229,500,6,5,1,1,1
408,21,208,501,6,5,1,1,1
408,24,188,498,7,6,1,1,1
408,25,218,497,7,6,1,1,1
408,28,197,499,7,5,1,1,1
409,2,243,496,8,6,1,1,1
409,17,229,500,6,5,1,1,1
409,21,208,501,6,5,1,1,1
409,24,188,498,7,6,1,1,1
409,25,218,497,7,6,1,1,1
409,28,197,498,7,6,1,1,1
410,2,243,496,8,6,1,1,1
410,17,229,500,6,5,1,1,1
410,21,208,501,6,5,1,1,1
410,24,188,498,7,6,1,1,1
410,25,218,497,7,6,1,1,1
410,28,197,498,7,6,1,1,1
411,2,243,496,8,6,1,1,1
411,17,229,500,6,5,1,1,1
411,21,208,501,6,5,1,1,1
411,24,188,499,7,5,1,1,1
411,25,219,497,6,6,1,1,1
411,28,198,498,6,6,1,1,1
412,2,243,496,8,6,1,1,1
412,17,229,500,6,5,1,1,1
412,21,208,501,6,5,1,1,1
412,24,188,499,7,5,1,1,1
412,25,219,497,6,6,1,1,1
412,28,198,498,6,6,1,1,1
413,2,243,496,7,6,1,1,1
413,17,229,500,6,5,1,1,1
413,21,208,501,6,5,1,1,1
413,24,188,499,7,5,1,1,1
413,25,219,498,6,5,1,1,1
413,28,198,498,6,6,1,1,1
414,2,243,496,7,6,1,1,1
414,17,229,500,6,5,1,1,1
414,21,208,501,6,5,1,1,1
414,24,188,499,7,5,1,1,1
414,25,219,498,6,5,1,1,1
414,28,198,498,6,6,1,1,1
415,2,242,496,8,6,1,1,1
415,17,229,500,6,5,1,1,1
415,21,208,501,6,5,1,1,1
415,24,188,499,7,5,1,1,1
415,25,219,498,6,5,1,1,1
415,28,198,498,7,5,1,1,1
416,2,242,496,8,6,1,1,1
416,17,229,500,6,5,1,1,1
416,21,208,501,6,5,1,1,1
416,24,188,499,7,5,1,1,1
416,25,219,498,6,5,1,1,1
416,28,198,498,7,5,1,1,1
417,2,242,496,7,6,1,1,1
417,17,229,500,6,5,1,1,1
417,21,208,501,6,5,1,1,1
417,24,188,499,7,5,1,1,1
417,25,219,497,7,6,1,1,1
417,28,199,498,6,5,1,1,1
418,2,242,496,7,6,1,1,1
418,17,229,500,6,5,1,1,1
418,21,208,501,6,5,1,1,1
418,24,188,499,7,5,1,1,1
418,25,219,497,7,6,1,1,1
418,28,199,498,6,5,1,1,1
419,2,242,496,7,6,1,1,1
419,17,228,500,7,5,1,1,1
419,21,208,501,6,5,1,1,1
419,24,188,499,7,5,1,1,1
419,25,219,497,7,6,1,1,1
419,28,199,498,7,5,1,1,1
420,2,242,496,7,6,1,1,1
420,17,228,500,7,5,1,1,1
420,21,208,501,6,5,1,1,1
420,24,188,499,7,5,1,1,1
420,25,219,497,7,6,1,1,1
420,28,199,498,7,5,1,1,1
421,2,242,496,7,6,1,1,1
421,17,229,500,6,5,1,1,1
421,21,207,501,8,5,1,1,1
421,24,188,499,7,5,1,1,1
421,25,220,497,6,6,1,1,1
421,28,200,498,6,5,1,1,1
422,2,242,496,7,6,1,1,1
422,17,229,500,6,5,1,1,1
422,21,207,501,8,5,1,1,1
422,24,188,499,7,5,1,1,1
422,25,220,497,6,6,1,1,1
422,28,200,498,6,5,1,1,1
423,2,241,496,8,6,1,1,1
423,17,229,500,6,5,1,1,1
423,21,207,501,8,5,1,1,1
423,24,188,499,7,5,1,1,1
423,25,220,498,6,5,1,1,1
423,28,200,498,6,5,1,1,1
424,2,241,496,8,6,1,1,1
424,17,229,500,6,5,1,1,1
424,21,207,501,8,5,1,1,1
424,24,188,499,7,5,1,1,1
424,25,220,498,6,5,1,1,1
424,28,200,498,6,5,1,1,1
425,2,241,496,7,6,1,1,1
425,17,229,500,6,5,1,1,1
425,21,207,501,8,6,1,1,1
425,24,189,499,6,5,1,1,1
425,25,220,498,6,5,1,1,1
425,28,201,498,6,5,1,1,1
426,2,241,496,7,6,1,1,1
426,17,229,500,6,5,1,1,1
426,21,207,501,8,6,1,1,1
426,24,189,499,6,5,1,1,1
426,25,220,498,6,5,1,1,1
426,28,201,498,6,5,1,1,1
427,2,241,496,7,6,1,1,1
427,17,228,500,8,5,1,1,1
427,21,207,501,8,6,1,1,1
427,24,189,499,6,5,1,1,1
427,25,220,498,7,5,1,1,1
427,28,201,498,6,5,1,1,1
428,2,241,496,7,6,1,1,1
428,17,228,500,8,5,1,1,1
428,21,207,501,8,6,1,1,1
428,24,189,499,6,5,1,1,1
428,25,220,498,7,5,1,1,1
428,28,201,498,6,5,1,1,1
429,2,241,496,7,6,1,1,1
429,17,228,499,8,6,1,1,1
429,21,207,501,8,6,1,1,1
429,24,189,499,6,5,1,1,1
429,25,221,498,6,5,1,1,1
429,28,201,498,6,5,1,1,1
430,2,241,496,7,6,1,1,1
430,17,228,499,8,6,1,1,1
430,21,207,501,8,6,1,1,1
430,24,189,499,6,5,1,1,1
430,25,221,498,6,5,1,1,1
430,28,201,498,6,5,1,1,1
431,2,240,496,7,6,1,1,1
431,17,228,499,8,6,1,1,1
431,21,207,501,8,6,1,1,1
431,24,189,498,7,6,1,1,1
431,25,221,498,6,5,1,1,1
431,28,201,498,6,5,1,1,1
432,2,240,496,7,6,1,1,1
432,17,228,499,8,6,1,1,1
432,21,207,501,8,6,1,1,1
432,24,189,498,7,6,1,1,1
432,25,221,498,6,5,1,1,1
432,28,201,498,6,5,1,1,1
433,2,240,496,7,6,1,1,1
433,17,229,500,7,5,1,1,1
433,21,208,501,6,6,1,1,1
433,24,189,498,7,5,1,1,1
433,25,221,498,7,5,1,1,1
433,28,201,498,6,5,1,1,1
434,2,240,496,7,6,1,1,1
434,17,229,500,7,5,1,1,1
434,21,208,501,6,6,1,1,1
434,24,189,498,7,5,1,1,1
434,25,221,498,7,5,1,1,1
434,28,201,498,6,5,1,1,1
435,2,241,497,6,5,1,1,1
435,17,229,500,7,5,1,1,1
435,21,208,501,6,6,1,1,1
435,24,189,497,7,6,1,1,1
435,25,221,498,7,5,1,1,1
435,28,200,498,7,5,1,1,1
436,2,241,497,6,5,1,1,1
436,17,229,500,7,5,1,1,1
436,21,208,501,6,6,1,1,1
436,24,189,497,7,6,1,1,1
436,25,221,498,7,5,1,1,1
436,28,200,498,7,5,1,1,1
437,2,241,497,6,5,1,1,1
437,17,230,500,6,5,1,1,1
437,21,208,502,7,5,1,1,1
437,24,190,497,6,5,1,1,1
437,25,221,498,7,5,1,1,1
437,28,200,498,6,5,1,1,1
438,2,241,497,6,5,1,1,1
438,17,230,500,6,5,1,1,1
438,21,208,502,7,5,1,1,1
438,24,190,497,6,5,1,1,1
438,25,221,498,7,5,1,1,1
438,28,200,498,6,5,1,1,1
439,2,241,497,6,5,1,1,1
439,17,230,500,6,5,1,1,1
439,21,209,502,6,5,1,1,1
439,24,190,496,7,5,1,1,1
439,25,221,498,8,5,1,1,1
439,28,199,498,7,5,1,1,1
440,2,241,497,6,5,1,1,1
440,17,230,500,6,5,1,1,1
440,21,209,502,6,5,1,1,1
440,24,190,496,7,5,1,1,1
440,25,221,498,8,5,1,1,1
440,28,199,498,7,5,1,1,1
441,2,240,498,7,4,1,1,1
441,17,230,501,6,4,1,1,1
441,21,209,502,7,5,1,1,1
441,24,191,496,6,4,1,1,1
441,25,221,498,8,5,1,1,1
441,28,199,498,7,5,1,1,1
442,2,240,498,7,4,1,1,1
442,17,230,501,6,4,1,1,1
442,21,209,502,7,5,1,1,1
442,24,191,496,6,4,1,1,1
442,25,221,498,8,5,1,1,1
442,28,199,498,7,5,1,1,1
443,2,240,498,6,4,1,1,1
443,17,230,501,6,4,1,1,1
443,21,210,502,6,5,1,1,1
443,24,192,495,6,5,1,1,1
443,25,221,498,8,6,1,1,1
443,28,199,498,6,5,1,1,1
444,2,240,498,6,4,1,1,1
444,17,230,501,6,4,1,1,1
444,21,210,502,6,5,1,1,1
444,24,192,495,6,5,1,1,1
444,25,221,498,8,6,1,1,1
444,28,199,498,6,5,1,1,1
445,2,240,498,6,4,1,1,1
445,17,230,501,7,5,1,1,1
445,21,210,502,6,5,1,1,1
445,24,192,494,6,5,1,1,1
445,25,221,498,8,6,1,1,1
445,28,198,498,7,5,1,1,1
446,2,240,498,6,4,1,1,1
446,17,230,501,7,5,1,1,1
446,21,210,502,6,5,1,1,1
446,24,192,494,6,5,1,1,1
446,25,221,498,8,6,1,1,1
446,28,198,498,7,5,1,1,1
447,2,240,498,6,4,1,1,1
447,17,230,501,7,5,1,1,1
447,21,210,502,7,5,1,1,1
447,24,193,493,7,5,1,1,1
447,25,221,498,8,6,1,1,1
447,28,198,498,6,5,1,1,1
447,29,454,227,10,9,1,1,1
448,2,240,498,6,4,1,1,1
448,17,230,501,7,5,1,1,1
448,21,210,502,7,5,1,1,1
448,24,193,493,7,5,1,1,1
448,25,221,498,8,6,1,1,1
448,28,198,498,6,5,1,1,1
448,29,454,227,10,9,1,1,1
449,2,239,498,7,4,1,1,1
449,17,230,501,7,5,1,1,1
449,21,210,502,7,5,1,1,1
449,24,194,492,6,6,1,1,1
449,25,221,498,8,6,1,1,1
449,28,197,498,8,5,1,1,1
449,29,453,227,10,9,1,1,1
450,2,239,498,7,4,1,1,1
450,17,230,501,7,5,1,1,1
450,21,210,502,7,5,1,1,1
450,24,194,492,6,6,1,1,1
450,25,221,498,8,6,1,1,1
450,28,197,498,8,5,1,1,1
450,29,453,227,10,9,1,1,1
451,2,239,498,6,4,1,1,1
451,17,231,501,6,5,1,1,1
451,21,210,502,7,5,1,1,1
451,24,195,492,6,5,1,1,1
451,25,222,498,7,6,1,1,1
451,28,197,498,7,5,1,1,1
451,29,453,227,10,9,1,1,1
451,30,448,239,10,8,1,1,1
452,2,239,498,6,4,1,1,1
452,17,231,501,6,5,1,1,1
452,21,210,502,7,5,1,1,1
452,24,195,492,6,5,1,1,1
452,25,222,498,7,6,1,1,1
452,28,197,498,7,5,1,1,1
452,29,453,227,10,9,1,1,1
452,30,448,239,10,8,1,1,1
453,2,239,498,6,4,1,1,1
453,17,231,501,6,5,1,1,1
453,21,210,502,7,5,1,1,1
453,24,195,491,7,5,1,1,1
453,25,222,498,7,6,1,1,1
453,28,196,497,8,6,1,1,1
453,29,452,227,10,9,1,1,1
453,30,448,239,9,7,1,1,1
454,2,239,498,6,4,1,1,1
454,17,231,501,6,5,1,1,1
454,21,210,502,7,5,1,1,1
454,24,195,491,7,5,1,1,1
454,25,222,498,7,6,1,1,1
454,28,196,497,8,6,1,1,1
454,29,452,227,10,9,1,1,1
454,30,448,239,9,7,1,1,1
455,2,238,498,7,4,1,1,1
455,17,232,501,5,5,1,1,1
455,21,210,502,7,5,1,1,1
455,24,196,490,7,6,1,1,1
455,25,222,499,7,5,1,1,1
455,28,197,498,6,5,1,1,1
455,29,451,227,11,9,1,1,1
455,30,448,240,8,7,1,1,1
456,2,238,498,7,4,1,1,1
456,17,232,501,5,5,1,1,1
456,21,210,502,7,5,1,1,1
456,24,196,490,7,6,1,1,1
456,25,222,499,7,5,1,1,1
456,28,197,498,6,5,1,1,1
456,29,451,227,11,9,1,1,1
456,30,448,240,8,7,1,1,1
457,2,238,498,6,4,1,1,1
457,17,232,501,6,5,1,1,1
457,21,210,502,6,5,1,1,1
457,24,197,490,7,5,1,1,1
457,25,222,499,7,5,1,1,1
457,28,196,498,7,5,1,1,1
457,29,450,227,12,10,1,1,1
457,30,448,240,7,7,1,1,1
458,2,238,498,6,4,1,1,1
458,17,232,501,6,5,1,1,1
458,21,210,502,6,5,1,1,1
458,24,197,490,7,5,1,1,1
458,25,222,499,7,5,1,1,1
458,28,196,498,7,5,1,1,1
458,29,450,227,12,10,1,1,1
458,30,448,240,7,7,1,1,1
459,2,237,498,7,4,1,1,1
459,17,232,501,6,4,1,1,1
459,21,210,502,6,5,1,1,1
459,24,198,489,6,6,1,1,1
459,25,223,499,6,5,1,1,1
459,28,196,498,6,5,1,1,1
459,30,447,241,7,6,1,1,1
460,2,237,498,7,4,1,1,1
460,17,232,501,6,4,1,1,1
460,21,210,502,6,5,1,1,1
460,24,198,489,6,6,1,1,1
460,25,223,499,6,5,1,1,1
460,28,196,498,6,5,1,1,1
460,30,447,241,7,6,1,1,1
461,2,237,498,6,4,1,1,1
461,17,232,501,6,4,1,1,1
461,21,210,502,6,5,1,1,1
461,24,198,489,7,5,1,1,1
461,25,223,499,6,5,1,1,1
461,28,196,498,6,5,1,1,1
461,30,446,241,9,6,1,1,1
462,2,237,498,6,4,1,1,1
462,17,232,501,6,4,1,1,1
462,21,210,502,6,5,1,1,1
462,24,198,489,7,5,1,1,1
462,25,223,499,6,5,1,1,1
462,28,196,498,6,5,1,1,1
462,30,446,241,9,6,1,1,1
463,2,237,498,6,4,1,1,1
463,17,232,501,6,4,1,1,1
463,21,210,502,6,5,1,1,1
463,24,199,489,7,5,1,1,1
463,25,223,499,6,5,1,1,1
463,28,196,498,6,5,1,1,1
463,30,446,241,8,6,1,1,1
464,2,237,498,6,4,1,1,1
464,17,232,501,6,4,1,1,1
464,21,210,502,6,5,1,1,1
464,24,199,489,7,5,1,1,1
464,25,223,499,6,5,1,1,1
464,28,196,498,6,5,1,1,1
464,30,446,241,8,6,1,1,1
465,2,236,498,6,4,1,1,1
465,17,232,500,6,5,1,1,1
465,21,209,502,7,5,1,1,1
465,24,200,488,6,6,1,1,1
465,25,223,499,6,5,1,1,1
465,28,195,499,7,4,1,1,1
465,30,446,241,8,7,1,1,1
466,2,236,498,6,4,1,1,1
466,17,232,500,6,5,1,1,1
466,21,209,502,7,5,1,1,1
466,24,200,488,6,6,1,1,1
466,25,223,499,6,5,1,1,1
466,28,195,499,7,4,1,1,1
466,30,446,241,8,7,1,1,1
467,2,236,498,6,4,1,1,1
467,17,232,500,6,5,1,1,1
467,21,209,502,6,5,1,1,1
467,24,200,488,6,5,1,1,1
467,25,223,499,6,5,1,1,1
467,28,195,499,7,4,1,1,1
467,30,445,241,9,7,1,1,1
468,2,236,498,6,4,1,1,1
468,17,232,500,6,5,1,1,1
468,21,209,502,6,5,1,1,1
468,24,200,488,6,5,1,1,1
468,25,223,499,6,5,1,1,1
468,28,195,499,7,4,1,1,1
468,30,445,241,9,7,1,1,1
469,2,235,498,7,4,1,1,1
469,17,232,500,7,5,1,1,1
469,21,208,502,7,5,1,1,1
469,24,200,488,7,5,1,1,1
469,25,223,499,6,5,1,1,1
469,28,194,499,8,5,1,1,1
469,30,445,241,8,7,1,1,1
469,31,449,228,10,8,1,1,1
470,2,235,498,7,4,1,1,1
470,17,232,500,7,5,1,1,1
470,21,208,502,7,5,1,1,1
470,24,200,488,7,5,1,1,1
470,25,223,499,6,5,1,1,1
470,28,194,499,8,5,1,1,1
470,30,445,241,8,7,1,1,1
470,31,449,228,10,8,1,1,1
471,2,235,498,7,4,1,1,1
471,17,232,499,7,6,1,1,1
471,21,208,502,7,5,1,1,1
471,24,201,488,6,5,1,1,1
471,25,222,499,7,5,1,1,1
471,28,194,499,7,5,1,1,1
471,30,444,241,9,7,1,1,1
471,31,449,228,10,8,1,1,1
472,2,235,498,7,4,1,1,1
472,17,232,499,7,6,1,1,1
472,21,208,502,7,5,1,1,1
472,24,201,488,6,5,1,1,1
472,25,222,499,7,5,1,1,1
472,28,194,499,7,5,1,1,1
472,30,444,241,9,7,1,1,1
472,31,449,228,10,8,1,1,1
473,2,235,498,6,4,1,1,1
473,17,232,499,7,6,1,1,1
473,21,208,502,7,5,1,1,1
473,24,201,488,7,5,1,1,1
473,25,222,498,7,6,1,1,1
473,28,194,499,7,6,1,1,1
473,31,448,228,11,8,1,1,1
474,2,235,498,6,4,1,1,1
474,17,232,499,7,6,1,1,1
474,21,208,502,7,5,1,1,1
474,24,201,488,7,5,1,1,1
474,25,222,498,7,6,1,1,1
474,28,194,499,7,6,1,1,1
474,31,448,228,11,8,1,1,1
475,2,235,498,6,4,1,1,1
475,17,232,499,6,6,1,1,1
475,21,208,502,6,5,1,1,1
475,24,201,487,7,6,1,1,1
475,25,221,498,8,6,1,1,1
475,28,193,500,7,5,1,1,1
475,31,447,228,11,9,1,1,1
476,2,235,498,6,4,1,1,1
476,17,232,499,6,6,1,1,1
476,21,208,502,6,5,1,1,1
476,24,201,487,7,6,1,1,1
476,25,221,498,8,6,1,1,1
476,28,193,500,7,5,1,1,1
476,31,447,228,11,9,1,1,1
477,2,236,498,6,4,1,1,1
477,17,232,499,6,6,1,1,1
477,21,208,502,6,5,1,1,1
477,24,201,487,8,6,1,1,1
477,25,222,498,6,6,1,1,1
477,28,193,501,6,5,1,1,1
477,31,446,228,11,9,1,1,1
478,2,236,498,6,4,1,1,1
478,17,232,499,6,6,1,1,1
478,21,208,502,6,5,1,1,1
478,24,201,487,8,6,1,1,1
478,25,222,498,6,6,1,1,1
478,28,193,501,6,5,1,1,1
478,31,446,228,11,9,1,1,1
479,2,236,498,6,4,1,1,1
479,17,232,499,6,5,1,1,1
479,21,207,502,7,5,1,1,1
479,24,202,487,7,6,1,1,1
479,25,221,498,7,6,1,1,1
479,28,193,501,6,5,1,1,1
479,31,445,228,11,10,1,1,1
480,2,236,498,6,4,1,1,1
480,17,232,499,6,5,1,1,1
480,21,207,502,7,5,1,1,1
480,24,202,487,7,6,1,1,1
480,25,221,498,7,6,1,1,1
480,28,193,501,6,5,1,1,1
480,31,445,228,11,10,1,1,1
481,2,236,498,6,4,1,1,1
481,17,232,499,6,5,1,1,1
481,21,207,502,7,5,1,1,1
481,24,202,487,7,6,1,1,1
481,25,221,498,6,6,1,1,1
481,28,192,502,6,5,1,1,1
481,31,444,229,10,9,1,1,1
482,2,236,498,6,4,1,1,1
482,17,232,499,6,5,1,1,1
482,21,207,502,7,5,1,1,1
482,24,202,487,7,6,1,1,1
482,25,221,498,6,6,1,1,1
482,28,192,502,6,5,1,1,1
482,31,444,229,10,9,1,1,1
483,2,237,498,6,4,1,1,1
483,17,231,499,6,5,1,1,1
483,21,207,502,7,5,1,1,1
483,24,202,487,7,6,1,1,1
483,25,220,498,7,6,1,1,1
483,28,191,503,7,5,1,1,1
483,31,443,229,10,9,1,1,1
484,2,237,498,6,4,1,1,1
484,17,231,499,6,5,1,1,1
484,21,207,502,7,5,1,1,1
484,24,202,487,7,6,1,1,1
484,25,220,498,7,6,1,1,1
484,28,191,503,7,5,1,1,1
484,31,443,229,10,9,1,1,1
485,2,237,498,6,4,1,1,1
485,17,231,499,6,5,1,1,1
485,21,207,502,7,5,1,1,1
485,24,202,487,7,6,1,1,1
485,25,219,498,7,6,1,1,1
485,28,190,503,7,6,1,1,1
485,31,441,229,11,9,1,1,1
486,2,237,498,6,4,1,1,1
486,17,231,499,6,5,1,1,1
486,21,207,502,7,5,1,1,1
486,24,202,487,7,6,1,1,1
486,25,219,498,7,6,1,1,1
486,28,190,503,7,6,1,1,1
486,31,441,229,11,9,1,1,1
487,2,238,498,6,4,1,1,1
487,17,231,499,6,5,1,1,1
487,21,207,502,7,5,1,1,1
487,24,203,487,7,6,1,1,1
487,25,219,498,7,6,1,1,1
487,28,190,504,6,5,1,1,1
487,31,440,229,11,9,1,1,1
488,2,238,498,6,4,1,1,1
488,17,231,499,6,5,1,1,1
488,21,207,502,7,5,1,1,1
488,24,203,487,7,6,1,1,1
488,25,219,498,7,6,1,1,1
488,28,190,504,6,5,1,1,1
488,31,440,229,11,9,1,1,1
489,2,238,498,6,4,1,1,1
489,17,230,499,7,5,1,1,1
489,21,207,502,7,5,1,1,1
489,24,203,487,7,6,1,1,1
489,25,218,497,7,7,1,1,1
489,28,189,505,7,5,1,1,1
489,31,439,229,11,9,1,1,1
490,2,238,498,6,4,1,1,1
490,17,230,499,7,5,1,1,1
490,21,207,502,7,5,1,1,1
490,24,203,487,7,6,1,1,1
490,25,218,497,7,7,1,1,1
490,28,189,505,7,5,1,1,1
490,31,439,229,11,9,1,1,1
491,2,238,497,7,5,1,1,1
491,17,230,499,6,5,1,1,1
491,21,207,502,7,5,1,1,1
491,24,204,487,6,6,1,1,1
491,25,218,497,7,7,1,1,1
491,28,188,505,7,6,1,1,1
491,31,439,229,11,9,1,1,1
492,2,238,497,7,5,1,1,1
492,17,230,499,6,5,1,1,1
492,21,207,502,7,5,1,1,1
492,24,204,487,6,6,1,1,1
492,25,218,497,7,7,1,1,1
492,28,188,505,7,6,1,1,1
492,31,439,229,11,9,1,1,1
493,2,238,497,7,5,1,1,1
493,17,230,499,6,5,1,1,1
493,21,207,502,7,5,1,1,1
493,24,204,487,6,6,1,1,1
493,25,218,498,6,6,1,1,1
493,28,187,506,7,5,1,1,1
493,31,439,229,10,9,1,1,1
494,2,238,497,7,5,1,1,1
494,17,230,499,6,5,1,1,1
494,21,207,502,7,5,1,1,1
494,24,204,487,6,6,1,1,1
494,25,218,498,6,6,1,1,1
494,28,187,506,7,5,1,1,1
494,31,439,229,10,9,1,1,1
495,2,238,497,8,5,1,1,1
495,17,229,499,7,5,1,1,1
495,21,207,502,7,5,1,1,1
495,24,204,487,6,5,1,1,1
495,25,217,498,7,6,1,1,1
495,28,187,506,6,5,1,1,1
495,31,438,229,11,9,1,1,1
496,2,238,497,8,5,1,1,1
496,17,229,499,7,5,1,1,1
496,21,207,502,7,5,1,1,1
496,24,204,487,6,5,1,1,1
496,25,217,498,7,6,1,1,1
496,28,187,506,6,5,1,1,1
496,31,438,229,11,9,1,1,1
497,2,239,496,7,6,1,1,1
497,17,229,499,6,5,1,1,1
497,21,207,502,7,5,1,1,1
497,24,205,487,5,5,1,1,1
497,25,217,498,7,6,1,1,1
497,28,186,507,6,4,1,1,1
497,31,438,229,10,9,1,1,1
498,2,239,496,7,6,1,1,1
498,17,229,499,6,5,1,1,1
498,21,207,502,7,5,1,1,1
498,24,205,487,5,5,1,1,1
498,25,217,498,7,6,1,1,1
498,28,186,507,6,4,1,1,1
498,31,438,229,10,9,1,1,1
499,2,239,496,7,6,1,1,1
499,17,229,499,6,5,1,1,1
499,21,207,502,7,5,1,1,1
499,24,205,487,6,5,1,1,1
499,25,217,498,6,6,1,1,1
499,28,186,508,6,3,1,1,1
499,31,438,229,10,9,1,1,1
500,2,239,496,7,6,1,1,1
500,17,229,499,6,5,1,1,1
500,21,207,502,7,5,1,1,1
500,24,205,487,6,5,1,1,1
500,25,217,498,6,6,1,1,1
500,28,186,508,6,3,1,1,1
500,31,438,229,10,9,1,1,1
501,2,239,496,7,6,1,1,1
501,17,228,499,7,5,1,1,1
501,21,207,502,7,5,1,1,1
501,24,205,487,6,5,1,1,1
501,25,217,498,6,6,1,1,1
501,28,185,508,6,3,1,1,1
501,31,438,230,10,8,1,1,1
502,2,239,496,7,6,1,1,1
502,17,228,499,7,5,1,1,1
502,21,207,502,7,5,1,1,1
502,24,205,487,6,5,1,1,1
502,25,217,498,6,6,1,1,1
502,28,185,508,6,3,1,1,1
502,31,438,230,10,8,1,1,1
503,2,239,496,7,6,1,1,1
503,17,228,499,6,5,1,1,1
503,21,207,502,7,5,1,1,1
503,24,205,487,6,5,1,1,1
503,25,217,499,6,5,1,1,1
503,28,185,508,5,3,1,1,1
503,31,438,230,10,8,1,1,1
504,2,239,496,7,6,1,1,1
504,17,228,499,6,5,1,1,1
504,21,207,502,7,5,1,1,1
504,24,205,487,6,5,1,1,1
504,25,217,499,6,5,1,1,1
504,28,185,508,5,3,1,1,1
504,31,438,230,10,8,1,1,1
505,2,239,496,7,6,1,1,1
505,17,227,499,7,5,1,1,1
505,21,207,502,7,5,1,1,1
505,24,205,487,6,5,1,1,1
505,25,217,499,6,5,1,1,1
505,28,184,508,6,3,1,1,1
505,31,439,230,9,8,1,1,1
506,2,239,496,7,6,1,1,1
506,17,227,499,7,5,1,1,1
506,21,207,502,7,5,1,1,1
506,24,205,487,6,5,1,1,1
506,25,217,499,6,5,1,1,1
506,28,184,508,6,3,1,1,1
506,31,439,230,9,8,1,1,1
507,2,239,496,7,6,1,1,1
507,17,227,499,7,5,1,1,1
507,21,207,502,7,5,1,1,1
507,24,205,487,6,5,1,1,1
507,25,217,499,6,5,1,1,1
507,31,439,230,9,8,1,1,1
508,2,239,496,7,6,1,1,1
508,17,227,499,7,5,1,1,1
508,21,207,502,7,5,1,1,1
508,24,205,487,6,5,1,1,1
508,25,217,499,6,5,1,1,1
508,31,439,230,9,8,1,1,1
509,2,239,496,7,6,1,1,1
509,17,227,499,7,6,1,1,1
509,21,207,502,7,5,1,1,1
509,24,205,487,6,5,1,1,1
509,25,217,499,6,5,1,1,1
509,31,438,230,9,8,1,1,1
510,2,239,496,7,6,1,1,1
510,17,227,499,7,6,1,1,1
510,21,207,502,7,5,1,1,1
510,24,205,487,6,5,1,1,1
510,25,217,499,6,5,1,1,1
510,31,438,230,9,8,1,1,1
511,2,239,496,7,6,1,1,1
511,17,227,500,6,5,1,1,1
511,21,207,501,7,6,1,1,1
511,24,205,487,7,5,1,1,1
511,25,217,499,6,5,1,1,1
511,31,437,230,10,8,1,1,1
512,2,239,496,7,6,1,1,1
512,17,227,500,6,5,1,1,1
512,21,207,501,7,6,1,1,1
512,24,205,487,7,5,1,1,1
512,25,217,499,6,5,1,1,1
512,31,437,230,10,8,1,1,1
513,2,239,496,7,6,1,1,1
513,17,227,500,6,5,1,1,1
513,21,208,501,6,5,1,1,1
513,24,205,487,7,5,1,1,1
513,25,217,499,7,5,1,1,1
513,31,437,231,9,7,1,1,1
514,2,239,496,7,6,1,1,1
514,17,227,500,6,5,1,1,1
514,21,208,501,6,5,1,1,1
514,24,205,487,7,5,1,1,1
514,25,217,499,7,5,1,1,1
514,31,437,231,9,7,1,1,1
515,2,239,496,7,6,1,1,1
515,17,227,500,6,6,1,1,1
515,21,208,500,7,6,1,1,1
515,24,205,487,7,5,1,1,1
515,25,217,499,7,5,1,1,1
515,31,436,231,10,8,1,1,1
516,2,239,496,7,6,1,1,1
516,17,227,500,6,6,1,1,1
516,21,208,500,7,6,1,1,1
516,24,205,487,7,5,1,1,1
516,25,217,499,7,5,1,1,1
516,31,436,231,10,8,1,1,1
517,2,239,496,6,6,1,1,1
517,17,226,501,7,5,1,1,1
517,21,209,500,6,5,1,1,1
517,24,205,487,7,5,1,1,1
517,25,217,499,7,5,1,1,1
517,31,436,231,10,8,1,1,1
518,2,239,496,6,6,1,1,1
518,17,226,501,7,5,1,1,1
518,21,209,500,6,5,1,1,1
518,24,205,487,7,5,1,1,1
518,25,217,499,7,5,1,1,1
518,31,436,231,10,8,1,1,1
519,2,239,496,6,6,1,1,1
519,17,226,501,7,5,1,1,1
519,21,208,499,7,6,1,1,1
519,24,205,487,7,5,1,1,1
519,25,217,499,7,5,1,1,1
519,31,436,231,9,8,1,1,1
520,2,239,496,6,6,1,1,1
520,17,226,501,7,5,1,1,1
520,21,208,499,7,6,1,1,1
520,24,205,487,7,5,1,1,1
520,25,217,499,7,5,1,1,1
520,31,436,231,9,8,1,1,1
521,2,238,496,7,6,1,1,1
521,17,226,501,7,5,1,1,1
521,21,209,499,7,5,1,1,1
521,24,205,487,7,5,1,1,1
521,25,217,499,7,5,1,1,1
522,2,238,496,7,6,1,1,1
522,17,226,501,7,5,1,1,1
522,21,209,499,7,5,1,1,1
522,24,205,487,7,5,1,1,1
522,25,217,499,7,5,1,1,1
523,2,238,496,7,6,1,1,1
523,17,226,501,7,5,1,1,1
523,21,210,498,6,5,1,1,1
523,24,205,487,7,5,1,1,1
523,25,218,499,6,5,1,1,1
523,31,434,231,10,8,1,1,1
524,2,238,496,7,6,1,1,1
524,17,226,501,7,5,1,1,1
524,21,210,498,6,5,1,1,1
524,24,205,487,7,5,1,1,1
524,25,218,499,6,5,1,1,1
524,31,434,231,10,8,1,1,1
525,2,238,496,7,6,1,1,1
525,17,226,501,7,5,1,1,1
525,21,211,497,7,6,1,1,1
525,24,205,487,7,5,1,1,1
525,25,218,499,6,5,1,1,1
525,31,434,232,9,8,1,1,1
526,2,238,496,7,6,1,1,1
526,17,226,501,7,5,1,1,1
526,21,211,497,7,6,1,1,1
526,24,205,487,7,5,1,1,1
526,25,218,499,6,5,1,1,1
526,31,434,232,9,8,1,1,1
527,2,238,496,7,6,1,1,1
527,17,226,501,7,5,1,1,1
527,21,212,496,6,5,1,1,1
527,24,206,487,6,5,1,1,1
527,25,218,499,6,5,1,1,1
527,31,434,232,9,8,1,1,1
528,2,238,496,7,6,1,1,1
528,17,226,501,7,5,1,1,1
528,21,212,496,6,5,1,1,1
528,24,206,487,6,5,1,1,1
528,25,218,499,6,5,1,1,1
528,31,434,232,9,8,1,1,1
529,2,238,496,6,6,1,1,1
529,17,226,501,7,5,1,1,1
529,21,213,495,6,6,1,1,1
529,24,206,487,6,5,1,1,1
529,25,218,499,6,5,1,1,1
529,31,434,232,9,8,1,1,1
530,2,238,496,6,6,1,1,1
530,17,226,501,7,5,1,1,1
530,21,213,495,6,6,1,1,1
530,24,206,487,6,5,1,1,1
530,25,218,499,6,5,1,1,1
530,31,434,232,9,8,1,1,1
531,2,238,496,6,6,1,1,1
531,17,226,501,7,5,1,1,1
531,21,214,495,6,5,1,1,1
531,24,207,487,6,5,1,1,1
531,25,218,499,7,5,1,1,1
531,31,433,232,10,8,1,1,1
532,2,238,496,6,6,1,1,1
532,17,226,501,7,5,1,1,1
532,21,214,495,6,5,1,1,1
532,24,207,487,6,5,1,1,1
532,25,218,499,7,5,1,1,1
532,31,433,232,10,8,1,1,1
533,2,238,496,6,6,1,1,1
533,17,226,501,7,5,1,1,1
533,21,215,494,6,5,1,1,1
533,24,207,487,6,5,1,1,1
533,25,218,499,7,5,1,1,1
533,31,434,232,10,8,1,1,1
534,2,238,496,6,6,1,1,1
534,17,226,501,7,5,1,1,1
534,21,215,494,6,5,1,1,1
534,24,207,487,6,5,1,1,1
534,25,218,499,7,5,1,1,1
534,31,434,232,10,8,1,1,1
535,2,238,496,6,6,1,1,1
535,17,226,501,7,5,1,1,1
535,21,215,494,7,5,1,1,1
535,24,207,487,6,5,1,1,1
535,31,434,232,10,8,1,1,1
536,2,238,496,6,6,1,1,1
536,17,226,501,7,5,1,1,1
536,21,215,494,7,5,1,1,1
536,24,207,487,6,5,1,1,1
536,31,434,232,10,8,1,1,1
537,2,237,496,7,6,1,1,1
537,17,226,501,7,5,1,1,1
537,21,216,493,7,6,1,1,1
537,24,207,487,7,5,1,1,1
538,2,237,496,7,6,1,1,1
538,17,226,501,7,5,1,1,1
538,21,216,493,7,6,1,1,1
538,24,207,487,7,5,1,1,1
539,2,237,496,7,6,1,1,1
539,17,227,501,6,5,1,1,1
539,21,217,493,7,5,1,1,1
539,24,207,487,7,5,1,1,1
539,25,218,499,7,5,1,1,1
540,2,237,496,7,6,1,1,1
540,17,227,501,6,5,1,1,1
540,21,217,493,7,5,1,1,1
540,24,207,487,7,5,1,1,1
540,25,218,499,7,5,1,1,1
541,2,237,496,7,6,1,1,1
541,17,227,501,7,5,1,1,1
541,21,217,492,8,6,1,1,1
541,24,208,487,6,5,1,1,1
541,25,217,499,8,5,1,1,1
542,2,237,496,7,6,1,1,1
542,17,227,501,7,5,1,1,1
542,21,217,492,8,6,1,1,1
542,24,208,487,6,5,1,1,1
542,25,217,499,8,5,1,1,1
543,2,237,496,7,6,1,1,1
543,17,227,501,7,5,1,1,1
543,21,218,491,8,6,1,1,1
543,24,208,487,6,5,1,1,1
543,25,217,499,7,5,1,1,1
544,2,237,496,7,6,1,1,1
544,17,227,501,7,5,1,1,1
544,21,218,491,8,6,1,1,1
544,24,208,487,6,5,1,1,1
544,25,217,499,7,5,1,1,1
545,2,238,497,6,5,1,1,1
545,17,227,501,7,5,1,1,1
545,21,219,491,7,6,1,1,1
545,24,208,487,6,5,1,1,1
545,25,217,499,7,5,1,1,1
546,2,238,497,6,5,1,1,1
546,17,227,501,7,5,1,1,1
546,21,219,491,7,6,1,1,1
546,24,208,487,6,5,1,1,1
546,25,217,499,7,5,1,1,1
547,2,238,497,6,5,1,1,1
547,17,227,501,7,5,1,1,1
547,21,220,491,6,5,1,1,1
547,24,208,487,6,5,1,1,1
547,25,217,499,7,5,1,1,1
548,2,238,497,6,5,1,1,1
548,17,227,501,7,5,1,1,1
548,21,220,491,6,5,1,1,1
548,24,208,487,6,5,1,1,1
548,25,217,499,7,5,1,1,1
549,2,238,498,6,4,1,1,1
549,17,227,501,7,5,1,1,1
549,21,220,491,6,5,1,1,1
549,24,208,487,6,5,1,1,1
549,25,217,499,7,6,1,1,1
550,2,238,498,6,4,1,1,1
550,17,227,501,7,5,1,1,1
550,21,220,491,6,5,1,1,1
550,24,208,487,6,5,1,1,1
550,25,217,499,7,6,1,1,1
551,2,238,498,6,4,1,1,1
551,17,228,501,6,5,1,1,1
551,21,220,491,7,5,1,1,1
551,24,208,487,6,5,1,1,1
551,25,217,499,6,6,1,1,1
552,2,238,498,6,4,1,1,1
552,17,228,501,6,5,1,1,1
552,21,220,491,7,5,1,1,1
552,24,208,487,6,5,1,1,1
552,25,217,499,6,6,1,1,1
553,2,238,498,6,4,1,1,1
553,17,228,501,6,5,1,1,1
553,21,221,491,6,5,1,1,1
553,24,207,487,7,5,1,1,1
553,25,217,499,6,6,1,1,1
554,2,238,498,6,4,1,1,1
554,17,228,501,6,5,1,1,1
554,21,221,491,6,5,1,1,1
554,24,207,487,7,5,1,1,1
554,25,217,499,6,6,1,1,1
555,2,238,497,6,5,1,1,1
555,17,228,501,6,5,1,1,1
555,21,221,491,7,5,1,1,1
555,24,207,487,7,5,1,1,1
555,25,217,500,6,5,1,1,1
556,2,238,497,6,5,1,1,1
556,17,228,501,6,5,1,1,1
556,21,221,491,7,5,1,1,1
556,24,207,487,7,5,1,1,1
556,25,217,500,6,5,1,1,1
557,2,238,497,6,5,1,1,1
557,17,228,500,7,6,1,1,1
557,21,221,491,7,5,1,1,1
557,24,207,487,7,5,1,1,1
557,25,216,500,7,6,1,1,1
558,2,238,497,6,5,1,1,1
558,17,228,500,7,6,1,1,1
558,21,221,491,7,5,1,1,1
558,24,207,487,7,5,1,1,1
558,25,216,500,7,6,1,1,1
559,2,238,497,6,5,1,1,1
559,17,227,500,7,5,1,1,1
559,21,221,490,8,6,1,1,1
559,24,207,487,6,5,1,1,1
559,25,216,501,6,5,1,1,1
560,2,238,497,6,5,1,1,1
560,17,227,500,7,5,1,1,1
560,21,221,490,8,6,1,1,1
560,24,207,487,6,5,1,1,1
560,25,216,501,6,5,1,1,1
561,2,238,496,6,6,1,1,1
561,17,227,500,7,5,1,1,1
561,21,222,490,7,6,1,1,1
561,24,207,487,6,5,1,1,1
561,25,215,501,7,6,1,1,1
562,2,238,496,6,6,1,1,1
562,17,227,500,7,5,1,1,1
562,21,222,490,7,6,1,1,1
562,24,207,487,6,5,1,1,1
562,25,215,501,7,6,1,1,1
563,2,237,496,7,6,1,1,1
563,17,227,500,7,5,1,1,1
563,21,223,490,6,5,1,1,1
563,24,207,487,6,5,1,1,1
563,25,215,502,6,6,1,1,1
564,2,237,496,7,6,1,1,1
564,17,227,500,7,5,1,1,1
564,21,223,490,6,5,1,1,1
564,24,207,487,6,5,1,1,1
564,25,215,502,6,6,1,1,1
565,2,237,496,7,6,1,1,1
565,17,227,499,7,6,1,1,1
565,21,223,490,7,5,1,1,1
565,24,206,487,7,5,1,1,1
565,25,215,503,6,5,1,1,1
566,2,237,496,7,6,1,1,1
566,17,227,499,7,6,1,1,1
566,21,223,490,7,5,1,1,1
566,24,206,487,7,5,1,1,1
566,25,215,503,6,5,1,1,1
567,2,237,496,7,6,1,1,1
567,17,227,499,7,6,1,1,1
567,21,224,490,6,5,1,1,1
567,24,206,487,7,5,1,1,1
567,25,214,504,7,5,1,1,1
568,2,237,496,7,6,1,1,1
568,17,227,499,7,6,1,1,1
568,21,224,490,6,5,1,1,1
568,24,206,487,7,5,1,1,1
568,25,214,504,7,5,1,1,1
569,2,237,496,7,6,1,1,1
569,17,227,499,7,6,1,1,1
569,21,224,490,6,5,1,1,1
569,24,206,487,6,5,1,1,1
569,25,214,504,7,6,1,1,1
570,2,237,496,7,6,1,1,1
570,17,227,499,7,6,1,1,1
570,21,224,490,6,5,1,1,1
570,24,206,487,6,5,1,1,1
570,25,214,504,7,6,1,1,1
571,2,237,496,6,6,1,1,1
571,17,227,499,7,6,1,1,1
571,21,225,490,6,5,1,1,1
571,24,206,487,6,5,1,1,1
571,25,215,505,6,6,1,1,1
572,2,237,496,6,6,1,1,1
572,17,227,499,7,6,1,1,1
572,21,225,490,6,5,1,1,1
572,24,206,487,6,5,1,1,1
572,25,215,505,6,6,1,1,1
573,2,237,496,6,6,1,1,1
573,17,227,499,7,6,1,1,1
573,21,225,490,7,5,1,1,1
573,24,206,487,6,5,1,1,1
573,25,215,506,6,5,1,1,1
574,2,237,496,6,6,1,1,1
574,17,227,499,7,6,1,1,1
574,21,225,490,7,5,1,1,1
574,24,206,487,6,5,1,1,1
574,25,215,506,6,5,1,1,1
575,2,237,496,6,5,1,1,1
575,17,227,499,7,6,1,1,1
575,21,226,490,6,5,1,1,1
575,24,206,487,6,5,1,1,1
575,25,216,506,6,5,1,1,1
576,2,237,496,6,5,1,1,1
576,17,227,499,7,6,1,1,1
576,21,226,490,6,5,1,1,1
576,24,206,487,6,5,1,1,1
576,25,216,506,6,5,1,1,1
577,2,237,496,6,5,1,1,1
577,17,227,499,7,6,1,1,1
577,21,226,490,7,5,1,1,1
577,24,206,487,7,5,1,1,1
577,25,217,506,6,5,1,1,1
578,2,237,496,6,5,1,1,1
578,17,227,499,7,6,1,1,1
578,21,226,490,7,5,1,1,1
578,24,206,487,7,5,1,1,1
578,25,217,506,6,5,1,1,1
579,2,237,496,6,5,1,1,1
579,21,227,490,6,5,1,1,1
579,24,206,488,7,4,1,1,1
579,25,218,507,6,4,1,1,1
580,2,237,496,6,5,1,1,1
580,21,227,490,6,5,1,1,1
580,24,206,488,7,4,1,1,1
580,25,218,507,6,4,1,1,1
581,2,237,496,6,5,1,1,1
581,21,227,490,7,5,1,1,1
581,24,206,487,7,5,1,1,1
581,25,219,507,5,4,1,1,1
581,33,228,501,9,5,1,1,1
582,2,237,496,6,5,1,1,1
582,21,227,490,7,5,1,1,1
582,24,206,487,7,5,1,1,1
582,25,219,507,5,4,1,1,1
582,33,228,501,9,5,1,1,1
583,2,237,496,6,5,1,1,1
583,21,228,490,6,5,1,1,1
583,24,206,487,7,5,1,1,1
583,25,219,508,6,3,1,1,1
583,33,229,501,8,6,1,1,1
584,2,237,496,6,5,1,1,1
584,21,228,490,6,5,1,1,1
584,24,206,487,7,5,1,1,1
584,25,219,508,6,3,1,1,1
584,33,229,501,8,6,1,1,1
585,2,238,496,6,5,1,1,1
585,21,228,490,7,5,1,1,1
585,24,207,487,7,5,1,1,1
585,25,220,508,5,3,1,1,1
585,33,230,501,8,6,1,1,1
586,2,238,496,6,5,1,1,1
586,21,228,490,7,5,1,1,1
586,24,207,487,7,5,1,1,1
586,25,220,508,5,3,1,1,1
586,33,230,501,8,6,1,1,1
587,2,238,496,6,5,1,1,1
587,21,228,490,7,5,1,1,1
587,24,207,487,7,5,1,1,1
587,25,220,508,5,3,1,1,1
587,33,232,501,7,6,1,1,1
588,2,238,496,6,5,1,1,1
588,21,228,490,7,5,1,1,1
588,24,207,487,7,5,1,1,1
588,25,220,508,5,3,1,1,1
588,33,232,501,7,6,1,1,1
589,2,238,496,7,5,1,1,1
589,21,229,490,6,5,1,1,1
589,24,207,487,7,5,1,1,1
589,33,233,501,8,6,1,1,1
590,2,238,496,7,5,1,1,1
590,21,229,490,6,5,1,1,1
590,24,207,487,7,5,1,1,1
590,33,233,501,8,6,1,1,1
591,2,239,496,6,5,1,1,1
591,21,229,489,6,6,1,1,1
591,24,207,487,8,5,1,1,1
591,33,234,501,8,6,1,1,1
591,34,220,508,7,3,1,1,1
592,2,239,496,6,5,1,1,1
592,21,229,489,6,6,1,1,1
592,24,207,487,8,5,1,1,1
592,33,234,501,8,6,1,1,1
592,34,220,508,7,3,1,1,1
593,2,239,496,6,5,1,1,1
593,21,229,489,6,5,1,1,1
593,24,207,486,8,6,1,1,1
593,33,235,501,8,6,1,1,1
593,34,220,508,7,3,1,1,1
594,2,239,496,6,5,1,1,1
594,21,229,489,6,5,1,1,1
594,24,207,486,8,6,1,1,1
594,33,235,501,8,6,1,1,1
594,34,220,508,7,3,1,1,1
595,2,239,496,6,5,1,1,1
595,21,229,489,6,5,1,1,1
595,24,207,486,8,6,1,1,1
595,33,237,499,8,7,1,1,1
596,2,239,496,6,5,1,1,1
596,21,229,489,6,5,1,1,1
596,24,207,486,8,6,1,1,1
596,33,237,499,8,7,1,1,1
597,21,229,489,6,5,1,1,1
597,24,208,486,7,6,1,1,1
597,33,238,498,9,7,1,1,1
598,21,229,489,6,5,1,1,1
598,24,208,486,7,6,1,1,1
598,33,238,498,9,7,1,1,1
599,21,229,489,6,5,1,1,1
599,24,208,486,7,6,1,1,1
599,33,239,498,9,6,1,1,1
600,21,229,489,6,5,1,1,1
600,24,208,486,7,6,1,1,1
600,33,239,498,9,6,1,1,1
601,21,229,489,6,5,1,1,1
601,24,208,486,8,6,1,1,1
601,33,241,497,7,6,1,1,1
602,21,229,489,6,5,1,1,1
602,24,208,486,8,6,1,1,1
602,33,241,497,7,6,1,1,1
603,21,229,489,6,5,1,1,1
603,24,208,486,8,6,1,1,1
603,33,241,497,8,6,1,1,1
604,21,229,489,6,5,1,1,1
604,24,208,486,8,6,1,1,1
604,33,241,497,8,6,1,1,1
605,21,228,489,7,5,1,1,1
605,24,209,487,6,5,1,1,1
605,33,242,496,8,6,1,1,1
606,21,228,489,7,5,1,1,1
606,24,209,487,6,5,1,1,1
606,33,242,496,8,6,1,1,1
607,21,228,489,7,5,1,1,1
607,24,209,487,7,5,1,1,1
607,33,244,496,7,6,1,1,1
608,21,228,489,7,5,1,1,1
608,24,209,487,7,5,1,1,1
608,33,244,496,7,6,1,1,1
609,21,228,489,6,5,1,1,1
609,24,210,487,6,5,1,1,1
609,33,244,496,7,5,1,1,1
610,21,228,489,6,5,1,1,1
610,24,210,487,6,5,1,1,1
610,33,244,496,7,5,1,1,1
611,21,228,489,6,5,1,1,1
611,24,210,488,6,4,1,1,1
611,33,245,495,7,6,1,1,1
612,21,228,489,6,5,1,1,1
612,24,210,488,6,4,1,1,1
612,33,245,495,7,6,1,1,1
613,21,228,489,7,5,1,1,1
613,24,210,488,6,4,1,1,1
613,33,245,495,8,6,1,1,1
614,21,228,489,7,5,1,1,1
614,24,210,488,6,4,1,1,1
614,33,245,495,8,6,1,1,1
615,21,227,489,8,5,1,1,1
615,24,210,488,6,4,1,1,1
615,33,246,494,8,7,1,1,1
616,21,227,489,8,5,1,1,1
616,24,210,488,6,4,1,1,1
616,33,246,494,8,7,1,1,1
617,21,227,488,8,6,1,1,1
617,24,210,488,6,4,1,1,1
617,33,246,494,8,7,1,1,1
618,21,227,488,8,6,1,1,1
618,24,210,488,6,4,1,1,1
618,33,246,494,8,7,1,1,1
619,21,228,488,7,6,1,1,1
619,24,210,488,6,4,1,1,1
619,33,247,494,8,6,1,1,1
620,21,228,488,7,6,1,1,1
620,24,210,488,6,4,1,1,1
620,33,247,494,8,6,1,1,1
621,21,229,488,6,6,1,1,1
621,24,210,488,7,4,1,1,1
621,33,248,494,8,6,1,1,1
622,21,229,488,6,6,1,1,1
622,24,210,488,7,4,1,1,1
622,33,248,494,8,6,1,1,1
623,21,229,488,6,5,1,1,1
623,24,210,488,6,4,1,1,1
624,21,229,488,6,5,1,1,1
624,24,210,488,6,4,1,1,1
625,21,229,488,7,5,1,1,1
625,24,210,488,6,4,1,1,1
625,35,251,492,5,5,1,1,1
626,21,229,488,7,5,1,1,1
626,24,210,488,6,4,1,1,1
626,35,251,492,5,5,1,1,1
627,21,229,488,7,5,1,1,1
627,24,210,488,6,4,1,1,1
627,35,252,492,5,4,1,1,1
627,36,249,497,7,6,1,1,1
628,21,229,488,7,5,1,1,1
628,24,210,488,6,4,1,1,1
628,35,252,492,5,4,1,1,1
628,36,249,497,7,6,1,1,1
629,21,230,488,6,5,1,1,1
629,24,209,488,7,4,1,1,1
629,35,252,491,6,5,1,1,1
629,36,249,496,7,7,1,1,1
630,21,230,488,6,5,1,1,1
630,24,209,488,7,4,1,1,1
630,35,252,491,6,5,1,1,1
630,36,249,496,7,7,1,1,1
631,21,230,488,6,5,1,1,1
631,24,209,488,7,4,1,1,1
631,35,253,490,6,6,1,1,1
631,36,249,496,7,7,1,1,1
632,21,230,488,6,5,1,1,1
632,24,209,488,7,4,1,1,1
632,35,253,490,6,6,1,1,1
632,36,249,496,7,7,1,1,1
633,21,230,488,7,5,1,1,1
633,24,209,488,6,4,1,1,1
633,35,254,490,6,6,1,1,1
633,36,249,496,7,7,1,1,1
634,21,230,488,7,5,1,1,1
634,24,209,488,6,4,1,1,1
634,35,254,490,6,6,1,1,1
634,36,249,496,7,7,1,1,1
635,17,230,489,7,6,1,1,1
635,21,230,488,7,5,1,1,1
635,24,208,488,7,4,1,1,1
635,35,255,490,6,6,1,1,1
635,36,249,497,7,6,1,1,1
636,17,230,489,7,6,1,1,1
636,21,230,488,7,5,1,1,1
636,24,208,488,7,4,1,1,1
636,35,255,490,6,6,1,1,1
636,36,249,497,7,6,1,1,1
637,17,231,488,5,6,1,1,1
637,24,207,488,7,4,1,1,1
637,35,256,490,5,6,1,1,1
637,36,250,497,5,6,1,1,1
638,17,231,488,5,6,1,1,1
638,24,207,488,7,4,1,1,1
638,35,256,490,5,6,1,1,1
638,36,250,497,5,6,1,1,1
639,17,231,488,6,6,1,1,1
639,24,207,488,7,4,1,1,1
639,35,256,490,5,5,1,1,1
639,36,250,498,5,5,1,1,1
640,17,231,488,6,6,1,1,1
640,24,207,488,7,4,1,1,1
640,35,256,490,5,5,1,1,1
640,36,250,498,5,5,1,1,1
641,17,231,488,6,6,1,1,1
641,24,206,488,7,4,1,1,1
641,35,256,490,5,5,1,1,1
641,36,250,498,5,5,1,1,1
642,17,231,488,6,6,1,1,1
642,24,206,488,7,4,1,1,1
642,35,256,490,5,5,1,1,1
642,36,250,498,5,5,1,1,1
643,17,230,488,7,6,1,1,1
643,24,205,488,7,4,1,1,1
643,35,256,490,5,5,1,1,1
643,36,249,498,7,6,1,1,1
644,17,230,488,7,6,1,1,1
644,24,205,488,7,4,1,1,1
644,35,256,490,5,5,1,1,1
644,36,249,498,7,6,1,1,1
645,17,231,489,6,5,1,1,1
645,24,205,488,6,4,1,1,1
645,35,256,490,5,5,1,1,1
645,36,249,499,6,5,1,1,1
646,17,231,489,6,5,1,1,1
646,24,205,488,6,4,1,1,1
646,35,256,490,5,5,1,1,1
646,36,249,499,6,5,1,1,1
647,2,249,500,6,5,1,1,1
647,17,231,489,6,5,1,1,1
647,21,230,489,6,5,1,1,1
647,24,204,488,6,4,1,1,1
647,35,256,490,5,5,1,1,1
647,36,249,500,6,5,1,1,1
648,2,249,500,6,5,1,1,1
648,17,231,489,6,5,1,1,1
648,21,230,489,6,5,1,1,1
648,24,204,488,6,4,1,1,1
648,35,256,490,5,5,1,1,1
648,36,249,500,6,5,1,1,1
649,2,249,501,7,5,1,1,1
649,21,229,489,7,6,1,1,1
649,24,203,488,7,5,1,1,1
649,33,255,490,6,6,1,1,1
649,35,256,490,6,5,1,1,1
649,36,248,500,7,6,1,1,1
650,2,249,501,7,5,1,1,1
650,21,229,489,7,6,1,1,1
650,24,203,488,7,5,1,1,1
650,33,255,490,6,6,1,1,1
650,35,256,490,6,5,1,1,1
650,36,248,500,7,6,1,1,1
651,21,228,490,8,5,1,1,1
651,24,202,488,7,5,1,1,1
651,33,255,490,6,5,1,1,1
651,36,248,501,6,6,1,1,1
652,21,228,490,8,5,1,1,1
652,24,202,488,7,5,1,1,1
652,33,255,490,6,5,1,1,1
652,36,248,501,6,6,1,1,1
653,21,228,490,8,6,1,1,1
653,24,202,488,7,5,1,1,1
653,33,255,490,6,5,1,1,1
653,36,247,502,6,5,1,1,1
654,21,228,490,8,6,1,1,1
654,24,202,488,7,5,1,1,1
654,33,255,490,6,5,1,1,1
654,36,247,502,6,5,1,1,1
655,21,228,490,7,6,1,1,1
655,24,201,488,8,6,1,1,1
655,33,255,490,6,5,1,1,1
655,36,246,503,6,5,1,1,1
656,21,228,490,7,6,1,1,1
656,24,201,488,8,6,1,1,1
656,33,255,490,6,5,1,1,1
656,36,246,503,6,5,1,1,1
657,21,227,490,7,6,1,1,1
657,24,201,488,7,6,1,1,1
657,33,254,490,6,5,1,1,1
657,36,245,503,7,5,1,1,1
658,21,227,490,7,6,1,1,1
658,24,201,488,7,6,1,1,1
658,33,254,490,6,5,1,1,1
658,36,245,503,7,5,1,1,1
659,21,227,490,6,6,1,1,1
659,24,200,488,8,6,1,1,1
659,33,254,490,6,5,1,1,1
659,36,243,503,7,6,1,1,1
660,21,227,490,6,6,1,1,1
660,24,200,488,8,6,1,1,1
660,33,254,490,6,5,1,1,1
660,36,243,503,7,6,1,1,1
661,21,227,490,6,6,1,1,1
661,24,201,488,6,5,1,1,1
661,33,253,490,6,5,1,1,1
661,36,242,504,7,6,1,1,1
662,21,227,490,6,6,1,1,1
662,24,201,488,6,5,1,1,1
662,33,253,490,6,5,1,1,1
662,36,242,504,7,6,1,1,1
663,21,226,491,7,5,1,1,1
663,24,200,488,7,5,1,1,1
663,33,253,490,6,5,1,1,1
663,36,241,505,7,5,1,1,1
664,21,226,491,7,5,1,1,1
664,24,200,488,7,5,1,1,1
664,33,253,490,6,5,1,1,1
664,36,241,505,7,5,1,1,1
665,21,226,491,7,5,1,1,1
665,24,200,488,7,5,1,1,1
665,33,252,490,7,5,1,1,1
665,36,240,505,7,6,1,1,1
666,21,226,491,7,5,1,1,1
666,24,200,488,7,5,1,1,1
666,33,252,490,7,5,1,1,1
666,36,240,505,7,6,1,1,1
667,21,226,491,6,5,1,1,1
667,24,199,488,7,5,1,1,1
667,33,252,490,6,5,1,1,1
667,36,239,506,6,5,1,1,1
668,21,226,491,6,5,1,1,1
668,24,199,488,7,5,1,1,1
668,33,252,490,6,5,1,1,1
668,36,239,506,6,5,1,1,1
669,21,225,491,7,5,1,1,1
669,24,199,488,7,5,1,1,1
669,33,251,490,7,5,1,1,1
669,36,238,507,7,4,1,1,1
670,21,225,491,7,5,1,1,1
670,24,199,488,7,5,1,1,1
670,33,251,490,7,5,1,1,1
670,36,238,507,7,4,1,1,1
671,21,225,491,6,5,1,1,1
671,24,199,488,7,6,1,1,1
671,33,251,490,6,5,1,1,1
671,36,237,507,7,4,1,1,1
672,21,225,491,6,5,1,1,1
672,24,199,488,7,6,1,1,1
672,33,251,490,6,5,1,1,1
672,36,237,507,7,4,1,1,1
673,21,224,491,7,5,1,1,1
673,24,199,488,7,6,1,1,1
673,33,251,490,6,5,1,1,1
673,36,236,507,6,4,1,1,1
674,21,224,491,7,5,1,1,1
674,24,199,488,7,6,1,1,1
674,33,251,490,6,5,1,1,1
674,36,236,507,6,4,1,1,1
675,21,224,491,6,5,1,1,1
675,24,199,488,7,6,1,1,1
675,33,250,490,7,5,1,1,1
675,36,236,508,5,3,1,1,1
676,21,224,491,6,5,1,1,1
676,24,199,488,7,6,1,1,1
676,33,250,490,7,5,1,1,1
676,36,236,508,5,3,1,1,1
677,21,223,491,7,5,1,1,1
677,24,199,488,7,6,1,1,1
677,33,249,490,8,5,1,1,1
678,21,223,491,7,5,1,1,1
678,24,199,488,7,6,1,1,1
678,33,249,490,8,5,1,1,1
679,21,223,491,7,5,1,1,1
679,24,200,488,6,5,1,1,1
679,33,249,489,7,6,1,1,1
680,21,223,491,7,5,1,1,1
680,24,200,488,6,5,1,1,1
680,33,249,489,7,6,1,1,1
681,21,223,491,6,5,1,1,1
681,24,200,488,6,5,1,1,1
681,33,248,489,8,6,1,1,1
682,21,223,491,6,5,1,1,1
682,24,200,488,6,5,1,1,1
682,33,248,489,8,6,1,1,1
683,21,223,491,6,5,1,1,1
683,24,200,487,7,6,1,1,1
683,33,248,490,7,5,1,1,1
684,21,223,491,6,5,1,1,1
684,24,200,487,7,6,1,1,1
684,33,248,490,7,5,1,1,1
685,21,223,491,6,5,1,1,1
685,24,201,487,6,5,1,1,1
685,33,248,490,6,5,1,1,1
686,21,223,491,6,5,1,1,1
686,24,201,487,6,5,1,1,1
686,33,248,490,6,5,1,1,1
687,21,223,492,6,5,1,1,1
687,24,201,486,7,6,1,1,1
687,33,248,490,6,5,1,1,1
688,21,223,492,6,5,1,1,1
688,24,201,486,7,6,1,1,1
688,33,248,490,6,5,1,1,1
689,21,223,492,6,5,1,1,1
689,24,201,485,7,6,1,1,1
689,33,247,490,7,5,1,1,1
690,21,223,492,6,5,1,1,1
690,24,201,485,7,6,1,1,1
690,33,247,490,7,5,1,1,1
691,21,222,492,7,5,1,1,1
691,24,201,485,7,5,1,1,1
691,33,247,490,7,5,1,1,1
692,21,222,492,7,5,1,1,1
692,24,201,485,7,5,1,1,1
692,33,247,490,7,5,1,1,1
693,21,222,492,7,5,1,1,1
693,24,202,484,6,5,1,1,1
693,33,247,491,6,4,1,1,1
694,21,222,492,7,5,1,1,1
694,24,202,484,6,5,1,1,1
694,33,247,491,6,4,1,1,1
695,21,222,492,7,5,1,1,1
695,24,201,483,6,5,1,1,1
695,33,247,491,6,4,1,1,1
696,21,222,492,7,5,1,1,1
696,24,201,483,6,5,1,1,1
696,33,247,491,6,4,1,1,1
697,21,223,492,6,5,1,1,1
697,24,201,481,6,6,1,1,1
697,33,246,491,7,4,1,1,1
698,21,223,492,6,5,1,1,1
698,24,201,481,6,6,1,1,1
698,33,246,491,7,4,1,1,1
699,21,223,492,6,5,1,1,1
699,24,201,480,6,5,1,1,1
699,33,246,491,7,4,1,1,1
700,21,223,492,6,5,1,1,1
700,24,201,480,6,5,1,1,1
700,33,246,491,7,4,1,1,1
701,21,223,492,6,5,1,1,1
701,24,200,479,6,5,1,1,1
701,33,246,491,6,4,1,1,1
702,21,223,492,6,5,1,1,1
702,24,200,479,6,5,1,1,1
702,33,246,491,6,4,1,1,1
703,21,223,492,6,5,1,1,1
703,24,200,477,6,6,1,1,1
703,33,246,491,6,4,1,1,1
703,38,183,508,6,3,1,1,1
704,21,223,492,6,5,1,1,1
704,24,200,477,6,6,1,1,1
704,33,246,491,6,4,1,1,1
704,38,183,508,6,3,1,1,1
705,21,222,492,8,5,1,1,1
705,24,199,476,7,6,1,1,1
705,33,246,491,6,4,1,1,1
705,38,182,507,7,4,1,1,1
706,21,222,492,8,5,1,1,1
706,24,199,476,7,6,1,1,1
706,33,246,491,6,4,1,1,1
706,38,182,507,7,4,1,1,1
707,21,223,492,6,5,1,1,1
707,24,199,475,7,6,1,1,1
707,33,245,491,7,4,1,1,1
707,38,182,506,7,5,1,1,1
708,21,223,492,6,5,1,1,1
708,24,199,475,7,6,1,1,1
708,33,245,491,7,4,1,1,1
708,38,182,506,7,5,1,1,1
709,21,223,492,7,6,1,1,1
709,24,198,474,8,6,1,1,1
709,33,244,491,8,5,1,1,1
709,38,181,505,7,5,1,1,1
710,21,223,492,7,6,1,1,1
710,24,198,474,8,6,1,1,1
710,33,244,491,8,5,1,1,1
710,38,181,505,7,5,1,1,1
711,21,223,493,7,5,1,1,1
711,24,198,473,8,6,1,1,1
711,33,244,491,8,5,1,1,1
711,38,181,504,7,5,1,1,1
712,21,223,493,7,5,1,1,1
712,24,198,473,8,6,1,1,1
712,33,244,491,8,5,1,1,1
712,38,181,504,7,5,1,1,1
713,17,223,491,7,6,1,1,1
713,21,223,493,7,5,1,1,1
713,24,199,472,6,6,1,1,1
713,33,244,491,8,5,1,1,1
713,38,180,502,8,6,1,1,1
714,17,223,491,7,6,1,1,1
714,21,223,493,7,5,1,1,1
714,24,199,472,6,6,1,1,1
714,33,244,491,8,5,1,1,1
714,38,180,502,8,6,1,1,1
715,17,223,492,6,6,1,1,1
715,24,198,471,7,6,1,1,1
715,33,244,491,8,6,1,1,1
715,38,179,500,9,6,1,1,1
716,17,223,492,6,6,1,1,1
716,24,198,471,7,6,1,1,1
716,33,244,491,8,6,1,1,1
716,38,179,500,9,6,1,1,1
717,17,223,492,6,6,1,1,1
717,24,199,471,6,5,1,1,1
717,33,244,491,8,6,1,1,1
717,38,179,499,8,5,1,1,1
718,17,223,492,6,6,1,1,1
718,24,199,471,6,5,1,1,1
718,33,244,491,8,6,1,1,1
718,38,179,499,8,5,1,1,1
719,17,224,493,5,5,1,1,1
719,24,198,470,7,6,1,1,1
719,33,244,491,8,6,1,1,1
719,38,179,497,7,5,1,1,1
720,17,224,493,5,5,1,1,1
720,24,198,470,7,6,1,1,1
720,33,244,491,8,6,1,1,1
720,38,179,497,7,5,1,1,1
721,17,223,493,6,5,1,1,1
721,21,224,492,6,5,1,1,1
721,24,199,470,6,5,1,1,1
721,33,244,491,7,6,1,1,1
721,38,178,495,8,6,1,1,1
722,17,223,493,6,5,1,1,1
722,21,224,492,6,5,1,1,1
722,24,199,470,6,5,1,1,1
722,33,244,491,7,6,1,1,1
722,38,178,495,8,6,1,1,1
723,21,224,492,6,5,1,1,1
723,24,199,470,7,5,1,1,1
723,33,244,491,7,6,1,1,1
723,38,177,494,8,6,1,1,1
724,21,224,492,6,5,1,1,1
724,24,199,470,7,5,1,1,1
724,33,244,491,7,6,1,1,1
724,38,177,494,8,6,1,1,1
725,21,223,491,8,6,1,1,1
725,24,199,470,7,5,1,1,1
725,33,244,491,7,6,1,1,1
725,38,177,492,7,6,1,1,1
725,39,201,508,6,3,1,1,1
725,40,225,507,6,4,1,1,1
726,21,223,491,8,6,1,1,1
726,24,199,470,7,5,1,1,1
726,33,244,491,7,6,1,1,1
726,38,177,492,7,6,1,1,1
726,39,201,508,6,3,1,1,1
726,40,225,507,6,4,1,1,1
727,21,224,491,6,5,1,1,1
727,24,199,469,8,6,1,1,1
727,33,243,492,8,5,1,1,1
727,38,177,491,7,6,1,1,1
727,39,200,507,8,4,1,1,1
727,40,225,507,6,4,1,1,1
728,21,224,491,6,5,1,1,1
728,24,199,469,8,6,1,1,1
728,33,243,492,8,5,1,1,1
728,38,177,491,7,6,1,1,1
728,39,200,507,8,4,1,1,1
728,40,225,507,6,4,1,1,1
729,21,224,490,6,5,1,1,1
729,24,200,470,7,6,1,1,1
729,33,243,492,8,5,1,1,1
729,38,176,490,8,5,1,1,1
729,39,201,506,7,5,1,1,1
729,40,224,507,6,4,1,1,1
730,21,224,490,6,5,1,1,1
730,24,200,470,7,6,1,1,1
730,33,243,492,8,5,1,1,1
730,38,176,490,8,5,1,1,1
730,39,201,506,7,5,1,1,1
730,40,224,507,6,4,1,1,1
731,21,224,489,6,5,1,1,1
731,24,201,471,6,5,1,1,1
731,33,243,492,8,6,1,1,1
731,38,176,488,7,6,1,1,1
731,39,201,506,7,5,1,1,1
731,40,224,507,6,4,1,1,1
732,21,224,489,6,5,1,1,1
732,24,201,471,6,5,1,1,1
732,33,243,492,8,6,1,1,1
732,38,176,488,7,6,1,1,1
732,39,201,506,7,5,1,1,1
732,40,224,507,6,4,1,1,1
733,21,223,488,8,6,1,1,1
733,24,201,471,7,6,1,1,1
733,33,243,492,8,6,1,1,1
733,38,176,487,7,6,1,1,1
733,39,200,506,9,5,1,1,1
733,40,223,506,7,5,1,1,1
734,21,223,488,8,6,1,1,1
734,24,201,471,7,6,1,1,1
734,33,243,492,8,6,1,1,1
734,38,176,487,7,6,1,1,1
734,39,200,506,9,5,1,1,1
734,40,223,506,7,5,1,1,1
735,21,223,487,8,6,1,1,1
735,24,201,472,8,6,1,1,1
735,33,243,492,7,6,1,1,1
735,38,176,486,7,5,1,1,1
735,39,200,505,9,6,1,1,1
735,40,223,506,6,5,1,1,1
736,21,223,487,8,6,1,1,1
736,24,201,472,8,6,1,1,1
736,33,243,492,7,6,1,1,1
736,38,176,486,7,5,1,1,1
736,39,200,505,9,6,1,1,1
736,40,223,506,6,5,1,1,1
737,21,223,486,8,6,1,1,1
737,24,202,473,7,6,1,1,1
737,33,243,493,7,6,1,1,1
737,38,176,485,7,6,1,1,1
737,39,201,505,7,6,1,1,1
737,40,222,505,7,6,1,1,1
738,21,223,486,8,6,1,1,1
738,24,202,473,7,6,1,1,1
738,33,243,493,7,6,1,1,1
738,38,176,485,7,6,1,1,1
738,39,201,505,7,6,1,1,1
738,40,222,505,7,6,1,1,1
739,21,223,485,8,6,1,1,1
739,24,203,475,6,5,1,1,1
739,33,243,493,8,6,1,1,1
739,38,176,485,7,5,1,1,1
739,39,201,505,7,6,1,1,1
739,40,223,505,6,5,1,1,1
740,21,223,485,8,6,1,1,1
740,24,203,475,6,5,1,1,1
740,33,243,493,8,6,1,1,1
740,38,176,485,7,5,1,1,1
740,39,201,505,7,6,1,1,1
740,40,223,505,6,5,1,1,1
741,21,223,484,7,5,1,1,1
741,24,202,475,8,7,1,1,1
741,33,243,493,8,6,1,1,1
741,38,176,485,7,5,1,1,1
741,39,200,505,9,5,1,1,1
741,40,222,505,7,5,1,1,1
742,21,223,484,7,5,1,1,1
742,24,202,475,8,7,1,1,1
742,33,243,493,8,6,1,1,1
742,38,176,485,7,5,1,1,1
742,39,200,505,9,5,1,1,1
742,40,222,505,7,5,1,1,1
743,21,222,482,8,6,1,1,1
743,24,203,477,8,6,1,1,1
743,33,243,493,8,6,1,1,1
743,38,176,484,7,6,1,1,1
743,39,201,504,8,6,1,1,1
743,40,222,504,7,6,1,1,1
744,21,222,482,8,6,1,1,1
744,24,203,477,8,6,1,1,1
744,33,243,493,8,6,1,1,1
744,38,176,484,7,6,1,1,1
744,39,201,504,8,6,1,1,1
744,40,222,504,7,6,1,1,1
745,21,223,481,6,6,1,1,1
745,24,204,479,6,5,1,1,1
745,33,243,494,8,6,1,1,1
745,38,176,484,7,6,1,1,1
745,39,201,504,8,5,1,1,1
745,40,222,504,7,6,1,1,1
746,21,223,481,6,6,1,1,1
746,24,204,479,6,5,1,1,1
746,33,243,494,8,6,1,1,1
746,38,176,484,7,6,1,1,1
746,39,201,504,8,5,1,1,1
746,40,222,504,7,6,1,1,1
747,21,222,480,7,6,1,1,1
747,24,204,480,7,6,1,1,1
747,33,244,494,6,6,1,1,1
747,38,176,484,7,6,1,1,1
747,39,201,503,8,6,1,1,1
747,40,222,504,7,6,1,1,1
748,21,222,480,7,6,1,1,1
748,24,204,480,7,6,1,1,1
748,33,244,494,6,6,1,1,1
748,38,176,484,7,6,1,1,1
748,39,201,503,8,6,1,1,1
748,40,222,504,7,6,1,1,1
749,21,221,479,8,6,1,1,1
749,24,204,482,8,6,1,1,1
749,33,243,494,7,6,1,1,1
749,38,176,484,7,6,1,1,1
749,39,201,502,8,6,1,1,1
749,40,222,503,6,6,1,1,1
750,21,221,479,8,6,1,1,1
750,24,204,482,8,6,1,1,1
750,33,243,494,7,6,1,1,1
750,38,176,484,7,6,1,1,1
750,39,201,502,8,6,1,1,1
750,40,222,503,6,6,1,1,1
