1,1,236,466,6,5,1,1,1
1,2,200,473,7,5,1,1,1
1,3,195,491,6,5,1,1,1
2,1,236,466,6,5,1,1,1
2,2,200,473,7,5,1,1,1
2,3,195,491,6,5,1,1,1
3,1,236,466,6,5,1,1,1
3,2,201,473,6,5,1,1,1
3,3,194,491,7,6,1,1,1
4,1,236,466,6,5,1,1,1
4,2,201,473,6,5,1,1,1
4,3,194,491,7,6,1,1,1
5,1,236,466,6,4,1,1,1
5,2,201,473,6,5,1,1,1
5,3,194,491,7,5,1,1,1
6,1,236,466,6,4,1,1,1
6,2,201,473,6,5,1,1,1
6,3,194,491,7,5,1,1,1
7,1,236,466,6,4,1,1,1
7,2,200,474,7,5,1,1,1
7,3,195,491,6,4,1,1,1
8,1,236,466,6,4,1,1,1
8,2,200,474,7,5,1,1,1
8,3,195,491,6,4,1,1,1
9,1,236,465,6,5,1,1,1
9,2,200,474,7,6,1,1,1
9,3,195,491,6,4,1,1,1
10,1,236,465,6,5,1,1,1
10,2,200,474,7,6,1,1,1
10,3,195,491,6,4,1,1,1
11,1,235,464,7,5,1,1,1
11,2,199,474,8,6,1,1,1
11,3,196,491,5,4,1,1,1
12,1,235,464,7,5,1,1,1
12,2,199,474,8,6,1,1,1
12,3,196,491,5,4,1,1,1
13,1,235,463,6,6,1,1,1
13,2,199,475,7,6,1,1,1
13,3,196,491,6,4,1,1,1
14,1,235,463,6,6,1,1,1
14,2,199,475,7,6,1,1,1
14,3,196,491,6,4,1,1,1
15,1,235,463,6,5,1,1,1
15,2,198,476,8,6,1,1,1
15,3,197,490,6,5,1,1,1
16,1,235,463,6,5,1,1,1
16,2,198,476,8,6,1,1,1
16,3,197,490,6,5,1,1,1
17,1,235,463,6,5,1,1,1
17,2,198,477,8,6,1,1,1
17,3,198,490,6,5,1,1,1
18,1,235,463,6,5,1,1,1
18,2,198,477,8,6,1,1,1
18,3,198,490,6,5,1,1,1
19,1,234,462,6,5,1,1,1
19,2,198,477,8,6,1,1,1
19,3,199,489,6,6,1,1,1
20,1,234,462,6,5,1,1,1
20,2,198,477,8,6,1,1,1
20,3,199,489,6,6,1,1,1
21,1,234,462,6,5,1,1,1
21,2,198,478,6,6,1,1,1
21,3,200,489,6,5,1,1,1
22,1,234,462,6,5,1,1,1
22,2,198,478,6,6,1,1,1
22,3,200,489,6,5,1,1,1
23,1,233,462,7,5,1,1,1
23,2,197,479,7,5,1,1,1
23,3,201,489,6,5,1,1,1
24,1,233,462,7,5,1,1,1
24,2,197,479,7,5,1,1,1
24,3,201,489,6,5,1,1,1
25,1,233,461,6,6,1,1,1
25,2,198,480,5,5,1,1,1
25,3,202,489,6,5,1,1,1
26,1,233,461,6,6,1,1,1
26,2,198,480,5,5,1,1,1
26,3,202,489,6,5,1,1,1
27,1,233,461,6,5,1,1,1
27,2,197,481,6,4,1,1,1
27,3,203,488,6,5,1,1,1
28,1,233,461,6,5,1,1,1
28,2,197,481,6,4,1,1,1
28,3,203,488,6,5,1,1,1
29,1,233,461,6,5,1,1,1
29,2,197,481,6,5,1,1,1
29,3,204,487,6,5,1,1,1
30,1,233,461,6,5,1,1,1
30,2,197,481,6,5,1,1,1
30,3,204,487,6,5,1,1,1
31,1,232,461,7,5,1,1,1
31,2,196,482,7,5,1,1,1
31,3,204,487,7,5,1,1,1
32,1,232,461,7,5,1,1,1
32,2,196,482,7,5,1,1,1
32,3,204,487,7,5,1,1,1
33,1,231,460,8,6,1,1,1
33,2,196,482,7,6,1,1,1
33,3,206,486,6,6,1,1,1
34,1,231,460,8,6,1,1,1
34,2,196,482,7,6,1,1,1
34,3,206,486,6,6,1,1,1
35,1,231,460,8,6,1,1,1
35,2,196,483,6,5,1,1,1
35,3,207,486,6,5,1,1,1
36,1,231,460,8,6,1,1,1
36,2,196,483,6,5,1,1,1
36,3,207,486,6,5,1,1,1
37,1,231,460,8,6,1,1,1
37,2,195,484,7,5,1,1,1
37,3,207,486,7,5,1,1,1
38,1,231,460,8,6,1,1,1
38,2,195,484,7,5,1,1,1
38,3,207,486,7,5,1,1,1
39,1,231,460,7,6,1,1,1
39,2,194,484,8,6,1,1,1
39,3,209,485,6,6,1,1,1
40,1,231,460,7,6,1,1,1
40,2,194,484,8,6,1,1,1
40,3,209,485,6,6,1,1,1
41,1,230,460,8,6,1,1,1
41,2,194,485,7,6,1,1,1
41,3,210,485,6,5,1,1,1
42,1,230,460,8,6,1,1,1
42,2,194,485,7,6,1,1,1
42,3,210,485,6,5,1,1,1
43,1,230,460,8,6,1,1,1
43,2,194,486,6,5,1,1,1
43,3,210,485,8,5,1,1,1
43,4,238,507,7,4,1,1,1
44,1,230,460,8,6,1,1,1
44,2,194,486,6,5,1,1,1
44,3,210,485,8,5,1,1,1
44,4,238,507,7,4,1,1,1
45,1,230,460,7,6,1,1,1
45,2,194,487,6,5,1,1,1
45,3,211,484,7,6,1,1,1
45,4,239,507,7,4,1,1,1
46,1,230,460,7,6,1,1,1
46,2,194,487,6,5,1,1,1
46,3,211,484,7,6,1,1,1
46,4,239,507,7,4,1,1,1
47,1,230,460,7,6,1,1,1
47,2,193,487,7,5,1,1,1
47,3,212,484,7,5,1,1,1
47,4,239,507,7,4,1,1,1
48,1,230,460,7,6,1,1,1
48,2,193,487,7,5,1,1,1
48,3,212,484,7,5,1,1,1
48,4,239,507,7,4,1,1,1
49,1,230,460,7,6,1,1,1
49,2,193,487,6,6,1,1,1
49,3,214,483,6,6,1,1,1
49,4,239,507,7,4,1,1,1
50,1,230,460,7,6,1,1,1
50,2,193,487,6,6,1,1,1
50,3,214,483,6,6,1,1,1
50,4,239,507,7,4,1,1,1
51,1,229,460,8,6,1,1,1
51,2,192,488,7,5,1,1,1
51,3,214,483,8,5,1,1,1
51,4,240,507,7,4,1,1,1
52,1,229,460,8,6,1,1,1
52,2,192,488,7,5,1,1,1
52,3,214,483,8,5,1,1,1
52,4,240,507,7,4,1,1,1
53,1,229,460,7,6,1,1,1
53,2,191,488,8,6,1,1,1
53,3,215,482,8,6,1,1,1
53,4,241,507,7,4,1,1,1
54,1,229,460,7,6,1,1,1
54,2,191,488,8,6,1,1,1
54,3,215,482,8,6,1,1,1
54,4,241,507,7,4,1,1,1
55,1,228,460,8,7,1,1,1
55,2,192,489,6,6,1,1,1
55,3,216,482,8,6,1,1,1
55,4,241,507,7,4,1,1,1
56,1,228,460,8,7,1,1,1
56,2,192,489,6,6,1,1,1
56,3,216,482,8,6,1,1,1
56,4,241,507,7,4,1,1,1
57,1,228,461,8,6,1,1,1
57,2,192,490,6,5,1,1,1
57,3,217,481,8,6,1,1,1
57,4,241,507,7,4,1,1,1
58,1,228,461,8,6,1,1,1
58,2,192,490,6,5,1,1,1
58,3,217,481,8,6,1,1,1
58,4,241,507,7,4,1,1,1
59,1,228,461,7,6,1,1,1
59,2,191,490,7,5,1,1,1
59,3,218,481,8,6,1,1,1
59,4,242,507,6,4,1,1,1
60,1,228,461,7,6,1,1,1
60,2,191,490,7,5,1,1,1
60,3,218,481,8,6,1,1,1
60,4,242,507,6,4,1,1,1
61,1,228,461,7,6,1,1,1
61,2,191,490,7,6,1,1,1
61,3,220,480,6,6,1,1,1
61,4,242,507,7,4,1,1,1
62,1,228,461,7,6,1,1,1
62,2,191,490,7,6,1,1,1
62,3,220,480,6,6,1,1,1
62,4,242,507,7,4,1,1,1
63,1,228,462,6,6,1,1,1
63,2,192,491,6,5,1,1,1
63,3,221,480,7,5,1,1,1
63,4,242,507,7,4,1,1,1
64,1,228,462,6,6,1,1,1
64,2,192,491,6,5,1,1,1
64,3,221,480,7,5,1,1,1
64,4,242,507,7,4,1,1,1
65,1,227,462,7,6,1,1,1
65,2,192,491,6,5,1,1,1
65,3,222,479,7,6,1,1,1
65,4,243,507,6,4,1,1,1
66,1,227,462,7,6,1,1,1
66,2,192,491,6,5,1,1,1
66,3,222,479,7,6,1,1,1
66,4,243,507,6,4,1,1,1
67,1,226,463,7,5,1,1,1
67,2,192,491,7,5,1,1,1
67,3,223,479,7,5,1,1,1
67,4,243,507,6,4,1,1,1
68,1,226,463,7,5,1,1,1
68,2,192,491,7,5,1,1,1
68,3,223,479,7,5,1,1,1
68,4,243,507,6,4,1,1,1
69,1,226,463,7,6,1,1,1
69,2,192,491,7,6,1,1,1
69,3,224,478,7,5,1,1,1
69,4,243,508,6,3,1,1,1
70,1,226,463,7,6,1,1,1
70,2,192,491,7,6,1,1,1
70,3,224,478,7,5,1,1,1
70,4,243,508,6,3,1,1,1
71,1,226,463,6,6,1,1,1
71,2,192,491,7,6,1,1,1
71,3,225,477,7,5,1,1,1
71,4,244,508,5,3,1,1,1
72,1,226,463,6,6,1,1,1
72,2,192,491,7,6,1,1,1
72,3,225,477,7,5,1,1,1
72,4,244,508,5,3,1,1,1
73,1,226,464,6,5,1,1,1
73,2,193,492,6,5,1,1,1
73,3,226,476,7,6,1,1,1
73,4,244,508,5,3,1,1,1
74,1,226,464,6,5,1,1,1
74,2,193,492,6,5,1,1,1
74,3,226,476,7,6,1,1,1
74,4,244,508,5,3,1,1,1
75,1,225,464,6,5,1,1,1
75,2,193,492,6,5,1,1,1
75,3,227,476,6,5,1,1,1
75,4,244,508,6,3,1,1,1
76,1,225,464,6,5,1,1,1
76,2,193,492,6,5,1,1,1
76,3,227,476,6,5,1,1,1
76,4,244,508,6,3,1,1,1
77,1,225,465,6,5,1,1,1
77,2,193,492,7,5,1,1,1
77,3,228,475,6,5,1,1,1
77,4,244,508,6,3,1,1,1
78,1,225,465,6,5,1,1,1
78,2,193,492,7,5,1,1,1
78,3,228,475,6,5,1,1,1
78,4,244,508,6,3,1,1,1
79,1,224,465,7,5,1,1,1
79,2,194,493,6,5,1,1,1
79,3,229,474,6,5,1,1,1
79,4,244,508,6,3,1,1,1
80,1,224,465,7,5,1,1,1
80,2,194,493,6,5,1,1,1
80,3,229,474,6,5,1,1,1
80,4,244,508,6,3,1,1,1
81,1,224,465,6,5,1,1,1
81,2,194,493,7,5,1,1,1
81,3,229,473,7,6,1,1,1
82,1,224,465,6,5,1,1,1
82,2,194,493,7,5,1,1,1
82,3,229,473,7,6,1,1,1
83,1,223,466,7,5,1,1,1
83,2,194,493,7,6,1,1,1
83,3,230,472,7,6,1,1,1
84,1,223,466,7,5,1,1,1
84,2,194,493,7,6,1,1,1
84,3,230,472,7,6,1,1,1
85,1,223,466,7,6,1,1,1
85,2,195,494,6,5,1,1,1
85,3,231,471,6,6,1,1,1
86,1,223,466,7,6,1,1,1
86,2,195,494,6,5,1,1,1
86,3,231,471,6,6,1,1,1
87,1,222,466,7,6,1,1,1
87,2,195,494,6,5,1,1,1
87,3,231,471,6,5,1,1,1
88,1,222,466,7,6,1,1,1
88,2,195,494,6,5,1,1,1
88,3,231,471,6,5,1,1,1
89,1,222,467,6,5,1,1,1
89,2,195,494,7,5,1,1,1
89,3,231,470,7,5,1,1,1
90,1,222,467,6,5,1,1,1
90,2,195,494,7,5,1,1,1
90,3,231,470,7,5,1,1,1
91,1,221,467,7,5,1,1,1
91,2,196,494,6,6,1,1,1
91,3,232,469,6,6,1,1,1
92,1,221,467,7,5,1,1,1
92,2,196,494,6,6,1,1,1
92,3,232,469,6,6,1,1,1
93,1,220,467,6,6,1,1,1
93,2,196,495,6,5,1,1,1
93,3,231,469,7,5,1,1,1
94,1,220,467,6,6,1,1,1
94,2,196,495,6,5,1,1,1
94,3,231,469,7,5,1,1,1
95,1,219,468,7,5,1,1,1
95,2,197,495,6,5,1,1,1
95,3,231,468,7,6,1,1,1
96,1,219,468,7,5,1,1,1
96,2,197,495,6,5,1,1,1
96,3,231,468,7,6,1,1,1
97,1,218,468,7,6,1,1,1
97,2,197,495,7,5,1,1,1
97,3,232,467,6,6,1,1,1
98,1,218,468,7,6,1,1,1
98,2,197,495,7,5,1,1,1
98,3,232,467,6,6,1,1,1
99,1,218,469,6,6,1,1,1
99,2,197,495,7,6,1,1,1
99,3,232,467,6,5,1,1,1
100,1,218,469,6,6,1,1,1
100,2,197,495,7,6,1,1,1
100,3,232,467,6,5,1,1,1
101,1,217,470,7,5,1,1,1
101,2,198,496,6,5,1,1,1
101,3,232,467,6,5,1,1,1
102,1,217,470,7,5,1,1,1
102,2,198,496,6,5,1,1,1
102,3,232,467,6,5,1,1,1
103,1,216,470,7,6,1,1,1
103,2,198,496,7,5,1,1,1
103,3,232,466,6,5,1,1,1
104,1,216,470,7,6,1,1,1
104,2,198,496,7,5,1,1,1
104,3,232,466,6,5,1,1,1
105,1,215,470,7,6,1,1,1
105,2,199,496,6,5,1,1,1
105,3,233,466,6,5,1,1,1
106,1,215,470,7,6,1,1,1
106,2,199,496,6,5,1,1,1
106,3,233,466,6,5,1,1,1
107,1,214,471,7,6,1,1,1
107,2,200,496,6,5,1,1,1
107,3,233,465,6,5,1,1,1
108,1,214,471,7,6,1,1,1
108,2,200,496,6,5,1,1,1
108,3,233,465,6,5,1,1,1
109,1,213,472,6,6,1,1,1
109,2,200,496,6,5,1,1,1
109,3,233,464,7,6,1,1,1
110,1,213,472,6,6,1,1,1
110,2,200,496,6,5,1,1,1
110,3,233,464,7,6,1,1,1
111,1,212,473,7,5,1,1,1
111,2,201,496,6,5,1,1,1
111,3,233,463,7,6,1,1,1
112,1,212,473,7,5,1,1,1
112,2,201,496,6,5,1,1,1
112,3,233,463,7,6,1,1,1
113,1,211,473,6,6,1,1,1
113,2,202,496,6,5,1,1,1
113,3,234,463,6,5,1,1,1
114,1,211,473,6,6,1,1,1
114,2,202,496,6,5,1,1,1
114,3,234,463,6,5,1,1,1
115,1,210,474,6,5,1,1,1
115,2,202,496,6,5,1,1,1
115,3,234,462,7,5,1,1,1
116,1,210,474,6,5,1,1,1
116,2,202,496,6,5,1,1,1
116,3,234,462,7,5,1,1,1
117,1,209,475,7,5,1,1,1
117,2,203,496,6,5,1,1,1
117,3,235,462,6,5,1,1,1
118,1,209,475,7,5,1,1,1
118,2,203,496,6,5,1,1,1
118,3,235,462,6,5,1,1,1
119,1,207,475,8,6,1,1,1
119,2,204,496,6,5,1,1,1
119,3,235,461,7,5,1,1,1
120,1,207,475,8,6,1,1,1
120,2,204,496,6,5,1,1,1
120,3,235,461,7,5,1,1,1
121,1,206,476,8,6,1,1,1
121,2,205,495,7,6,1,1,1
121,3,235,460,6,6,1,1,1
122,1,206,476,8,6,1,1,1
122,2,205,495,7,6,1,1,1
122,3,235,460,6,6,1,1,1
123,1,205,477,8,6,1,1,1
123,2,206,495,6,5,1,1,1
123,3,235,460,7,5,1,1,1
124,1,205,477,8,6,1,1,1
124,2,206,495,6,5,1,1,1
124,3,235,460,7,5,1,1,1
125,1,205,478,7,6,1,1,1
125,2,207,495,6,5,1,1,1
125,3,235,459,7,6,1,1,1
126,1,205,478,7,6,1,1,1
126,2,207,495,6,5,1,1,1
126,3,235,459,7,6,1,1,1
127,1,204,479,7,5,1,1,1
127,2,207,494,7,6,1,1,1
127,3,235,459,7,5,1,1,1
127,5,227,507,9,4,1,1,1
128,1,204,479,7,5,1,1,1
128,2,207,494,7,6,1,1,1
128,3,235,459,7,5,1,1,1
128,5,227,507,9,4,1,1,1
129,1,203,479,7,6,1,1,1
129,2,209,494,6,5,1,1,1
129,3,235,458,8,6,1,1,1
129,5,227,506,10,5,1,1,1
130,1,203,479,7,6,1,1,1
130,2,209,494,6,5,1,1,1
130,3,235,458,8,6,1,1,1
130,5,227,506,10,5,1,1,1
131,1,202,480,7,6,1,1,1
131,2,210,493,7,6,1,1,1
131,3,236,458,6,6,1,1,1
131,5,228,505,9,6,1,1,1
132,1,202,480,7,6,1,1,1
132,2,210,493,7,6,1,1,1
132,3,236,458,6,6,1,1,1
132,5,228,505,9,6,1,1,1
133,1,202,481,6,5,1,1,1
133,2,211,492,7,6,1,1,1
133,3,235,458,8,5,1,1,1
133,5,229,505,9,6,1,1,1
134,1,202,481,6,5,1,1,1
134,2,211,492,7,6,1,1,1
134,3,235,458,8,5,1,1,1
134,5,229,505,9,6,1,1,1
135,1,200,482,8,5,1,1,1
135,2,212,492,8,6,1,1,1
135,3,235,457,8,6,1,1,1
135,5,230,505,10,5,1,1,1
136,1,200,482,8,5,1,1,1
136,2,212,492,8,6,1,1,1
136,3,235,457,8,6,1,1,1
136,5,230,505,10,5,1,1,1
137,1,200,482,7,6,1,1,1
137,2,214,491,7,6,1,1,1
137,3,235,457,8,6,1,1,1
137,5,231,504,10,6,1,1,1
138,1,200,482,7,6,1,1,1
138,2,214,491,7,6,1,1,1
138,3,235,457,8,6,1,1,1
138,5,231,504,10,6,1,1,1
139,1,199,483,8,6,1,1,1
139,2,215,491,7,6,1,1,1
139,3,236,457,6,6,1,1,1
139,5,232,504,9,6,1,1,1
140,1,199,483,8,6,1,1,1
140,2,215,491,7,6,1,1,1
140,3,236,457,6,6,1,1,1
140,5,232,504,9,6,1,1,1
141,1,199,484,7,6,1,1,1
141,2,216,490,8,6,1,1,1
141,3,235,457,7,5,1,1,1
141,5,232,504,10,6,1,1,1
142,1,199,484,7,6,1,1,1
142,2,216,490,8,6,1,1,1
142,3,235,457,7,5,1,1,1
142,5,232,504,10,6,1,1,1
143,1,198,485,7,6,1,1,1
143,2,218,489,7,6,1,1,1
143,3,235,456,7,6,1,1,1
143,5,234,503,8,6,1,1,1
144,1,198,485,7,6,1,1,1
144,2,218,489,7,6,1,1,1
144,3,235,456,7,6,1,1,1
144,5,234,503,8,6,1,1,1
145,1,198,486,7,5,1,1,1
145,2,219,488,7,6,1,1,1
145,3,234,456,8,6,1,1,1
145,5,234,503,8,5,1,1,1
146,1,198,486,7,5,1,1,1
146,2,219,488,7,6,1,1,1
146,3,234,456,8,6,1,1,1
146,5,234,503,8,5,1,1,1
147,1,198,486,7,6,1,1,1
147,2,221,488,7,5,1,1,1
147,3,234,456,7,6,1,1,1
147,5,235,503,8,6,1,1,1
148,1,198,486,7,6,1,1,1
148,2,221,488,7,5,1,1,1
148,3,234,456,7,6,1,1,1
148,5,235,503,8,6,1,1,1
149,1,198,487,6,6,1,1,1
149,2,223,487,6,6,1,1,1
149,3,233,456,8,6,1,1,1
149,5,235,503,9,6,1,1,1
150,1,198,487,6,6,1,1,1
150,2,223,487,6,6,1,1,1
150,3,233,456,8,6,1,1,1
150,5,235,503,9,6,1,1,1
151,1,198,488,6,5,1,1,1
151,2,224,487,6,5,1,1,1
151,3,233,456,7,6,1,1,1
151,5,236,503,8,6,1,1,1
152,1,198,488,6,5,1,1,1
152,2,224,487,6,5,1,1,1
152,3,233,456,7,6,1,1,1
152,5,236,503,8,6,1,1,1
153,1,197,489,7,5,1,1,1
153,2,225,486,7,5,1,1,1
153,3,232,456,7,6,1,1,1
153,5,236,503,8,6,1,1,1
154,1,197,489,7,5,1,1,1
154,2,225,486,7,5,1,1,1
154,3,232,456,7,6,1,1,1
154,5,236,503,8,6,1,1,1
155,1,196,489,8,6,1,1,1
155,2,226,485,8,6,1,1,1
155,3,231,456,8,6,1,1,1
155,5,237,503,7,5,1,1,1
156,1,196,489,8,6,1,1,1
156,2,226,485,8,6,1,1,1
156,3,231,456,8,6,1,1,1
156,5,237,503,7,5,1,1,1
157,1,197,490,6,6,1,1,1
157,2,227,484,8,6,1,1,1
157,3,231,457,7,5,1,1,1
157,5,237,503,8,6,1,1,1
158,1,197,490,6,6,1,1,1
158,2,227,484,8,6,1,1,1
158,3,231,457,7,5,1,1,1
158,5,237,503,8,6,1,1,1
159,1,197,491,7,5,1,1,1
159,2,229,483,7,6,1,1,1
159,3,230,457,7,5,1,1,1
159,5,237,503,8,6,1,1,1
160,1,197,491,7,5,1,1,1
160,2,229,483,7,6,1,1,1
160,3,230,457,7,5,1,1,1
160,5,237,503,8,6,1,1,1
161,1,197,491,7,6,1,1,1
161,2,231,483,6,5,1,1,1
161,3,229,457,7,6,1,1,1
161,5,237,503,8,6,1,1,1
162,1,197,491,7,6,1,1,1
162,2,231,483,6,5,1,1,1
162,3,229,457,7,6,1,1,1
162,5,237,503,8,6,1,1,1
163,1,197,492,7,6,1,1,1
163,2,232,482,6,5,1,1,1
163,3,228,457,7,6,1,1,1
163,5,237,503,8,6,1,1,1
164,1,197,492,7,6,1,1,1
164,2,232,482,6,5,1,1,1
164,3,228,457,7,6,1,1,1
164,5,237,503,8,6,1,1,1
165,1,197,493,7,5,1,1,1
165,2,233,481,6,5,1,1,1
165,3,227,458,7,5,1,1,1
165,5,237,503,8,6,1,1,1
166,1,197,493,7,5,1,1,1
166,2,233,481,6,5,1,1,1
166,3,227,458,7,5,1,1,1
166,5,237,503,8,6,1,1,1
167,1,197,493,7,6,1,1,1
167,2,234,480,7,5,1,1,1
167,3,225,458,7,6,1,1,1
167,5,238,504,7,5,1,1,1
168,1,197,493,7,6,1,1,1
168,2,234,480,7,5,1,1,1
168,3,225,458,7,6,1,1,1
168,5,238,504,7,5,1,1,1
169,1,197,493,7,6,1,1,1
169,2,234,479,8,6,1,1,1
169,3,224,458,8,7,1,1,1
169,5,237,504,8,6,1,1,1
170,1,197,493,7,6,1,1,1
170,2,234,479,8,6,1,1,1
170,3,224,458,8,7,1,1,1
170,5,237,504,8,6,1,1,1
171,1,197,494,7,6,1,1,1
171,2,235,478,8,6,1,1,1
171,3,222,459,8,6,1,1,1
171,5,237,504,8,6,1,1,1
172,1,197,494,7,6,1,1,1
172,2,235,478,8,6,1,1,1
172,3,222,459,8,6,1,1,1
172,5,237,504,8,6,1,1,1
173,1,197,494,7,6,1,1,1
173,2,236,477,7,6,1,1,1
173,3,221,459,8,7,1,1,1
173,5,237,504,8,7,1,1,1
174,1,197,494,7,6,1,1,1
174,2,236,477,7,6,1,1,1
174,3,221,459,8,7,1,1,1
174,5,237,504,8,7,1,1,1
175,1,197,495,8,6,1,1,1
175,2,237,476,7,6,1,1,1
175,3,219,460,9,7,1,1,1
175,5,236,505,8,6,1,1,1
176,1,197,495,8,6,1,1,1
176,2,237,476,7,6,1,1,1
176,3,219,460,9,7,1,1,1
176,5,236,505,8,6,1,1,1
177,1,198,495,6,6,1,1,1
177,2,237,475,8,6,1,1,1
177,3,218,461,8,6,1,1,1
177,5,236,505,7,6,1,1,1
178,1,198,495,6,6,1,1,1
178,2,237,475,8,6,1,1,1
178,3,218,461,8,6,1,1,1
178,5,236,505,7,6,1,1,1
179,1,198,496,7,5,1,1,1
179,2,238,474,7,7,1,1,1
179,3,217,462,7,6,1,1,1
179,5,235,506,7,5,1,1,1
180,1,198,496,7,5,1,1,1
180,2,238,474,7,7,1,1,1
180,3,217,462,7,6,1,1,1
180,5,235,506,7,5,1,1,1
181,1,199,496,7,6,1,1,1
181,2,238,473,8,7,1,1,1
181,3,216,463,7,6,1,1,1
181,5,234,506,7,5,1,1,1
182,1,199,496,7,6,1,1,1
182,2,238,473,8,7,1,1,1
182,3,216,463,7,6,1,1,1
182,5,234,506,7,5,1,1,1
183,1,199,496,7,6,1,1,1
183,2,239,473,7,6,1,1,1
183,3,214,464,7,6,1,1,1
183,5,233,507,7,4,1,1,1
184,1,199,496,7,6,1,1,1
184,2,239,473,7,6,1,1,1
184,3,214,464,7,6,1,1,1
184,5,233,507,7,4,1,1,1
185,1,200,496,7,6,1,1,1
185,2,239,472,7,6,1,1,1
185,3,213,465,7,6,1,1,1
185,5,232,507,6,4,1,1,1
186,1,200,496,7,6,1,1,1
186,2,239,472,7,6,1,1,1
186,3,213,465,7,6,1,1,1
186,5,232,507,6,4,1,1,1
187,1,201,496,7,6,1,1,1
187,2,240,471,6,6,1,1,1
187,3,211,466,8,5,1,1,1
187,5,232,508,6,3,1,1,1
188,1,201,496,7,6,1,1,1
188,2,240,471,6,6,1,1,1
188,3,211,466,8,5,1,1,1
188,5,232,508,6,3,1,1,1
189,1,202,496,7,5,1,1,1
189,2,240,470,7,6,1,1,1
189,3,211,466,6,6,1,1,1
190,1,202,496,7,5,1,1,1
190,2,240,470,7,6,1,1,1
190,3,211,466,6,6,1,1,1
191,1,203,496,7,5,1,1,1
191,2,240,470,7,6,1,1,1
191,3,209,467,7,5,1,1,1
192,1,203,496,7,5,1,1,1
192,2,240,470,7,6,1,1,1
192,3,209,467,7,5,1,1,1
193,1,205,496,6,5,1,1,1
193,2,240,469,8,6,1,1,1
193,3,208,468,7,5,1,1,1
194,1,205,496,6,5,1,1,1
194,2,240,469,8,6,1,1,1
194,3,208,468,7,5,1,1,1
195,1,206,496,6,5,1,1,1
195,2,241,468,7,6,1,1,1
195,3,207,468,7,6,1,1,1
196,1,206,496,6,5,1,1,1
196,2,241,468,7,6,1,1,1
196,3,207,468,7,6,1,1,1
197,1,208,496,6,5,1,1,1
197,2,241,467,7,6,1,1,1
197,3,206,469,7,6,1,1,1
198,1,208,496,6,5,1,1,1
198,2,241,467,7,6,1,1,1
198,3,206,469,7,6,1,1,1
199,1,209,495,6,5,1,1,1
199,2,241,467,7,6,1,1,1
199,3,204,470,8,6,1,1,1
200,1,209,495,6,5,1,1,1
200,2,241,467,7,6,1,1,1
200,3,204,470,8,6,1,1,1
201,1,211,495,6,5,1,1,1
201,2,241,466,7,6,1,1,1
201,3,203,470,8,7,1,1,1
202,1,211,495,6,5,1,1,1
202,2,241,466,7,6,1,1,1
202,3,203,470,8,7,1,1,1
203,1,212,495,6,5,1,1,1
203,2,241,466,7,5,1,1,1
203,3,203,472,6,6,1,1,1
204,1,212,495,6,5,1,1,1
204,2,241,466,7,5,1,1,1
204,3,203,472,6,6,1,1,1
205,1,213,494,7,5,1,1,1
205,2,240,465,7,6,1,1,1
205,3,202,473,6,5,1,1,1
206,1,213,494,7,5,1,1,1
206,2,240,465,7,6,1,1,1
206,3,202,473,6,5,1,1,1
207,1,215,494,6,5,1,1,1
207,2,240,464,7,6,1,1,1
207,3,201,474,7,6,1,1,1
208,1,215,494,6,5,1,1,1
208,2,240,464,7,6,1,1,1
208,3,201,474,7,6,1,1,1
209,1,216,493,7,6,1,1,1
209,2,240,464,6,5,1,1,1
209,3,200,475,7,6,1,1,1
210,1,216,493,7,6,1,1,1
210,2,240,464,6,5,1,1,1
210,3,200,475,7,6,1,1,1
211,1,217,492,7,6,1,1,1
211,2,239,464,7,5,1,1,1
211,3,200,476,7,6,1,1,1
212,1,217,492,7,6,1,1,1
212,2,239,464,7,5,1,1,1
212,3,200,476,7,6,1,1,1
213,1,219,492,6,5,1,1,1
213,2,239,463,7,6,1,1,1
213,3,199,477,7,6,1,1,1
214,1,219,492,6,5,1,1,1
214,2,239,463,7,6,1,1,1
214,3,199,477,7,6,1,1,1
215,1,220,491,7,6,1,1,1
215,2,238,463,7,5,1,1,1
215,3,199,478,7,6,1,1,1
215,6,227,508,7,3,1,1,1
216,1,220,491,7,6,1,1,1
216,2,238,463,7,5,1,1,1
216,3,199,478,7,6,1,1,1
216,6,227,508,7,3,1,1,1
217,1,221,490,7,6,1,1,1
217,2,237,462,7,6,1,1,1
217,3,199,479,6,6,1,1,1
217,5,228,507,6,4,1,1,1
217,6,227,508,7,3,1,1,1
218,1,221,490,7,6,1,1,1
218,2,237,462,7,6,1,1,1
218,3,199,479,6,6,1,1,1
218,5,228,507,6,4,1,1,1
218,6,227,508,7,3,1,1,1
219,1,222,489,8,6,1,1,1
219,2,236,462,8,6,1,1,1
219,3,198,480,7,6,1,1,1
219,5,227,506,8,5,1,1,1
220,1,222,489,8,6,1,1,1
220,2,236,462,8,6,1,1,1
220,3,198,480,7,6,1,1,1
220,5,227,506,8,5,1,1,1
221,1,224,488,7,6,1,1,1
221,2,235,462,8,6,1,1,1
221,3,198,481,6,6,1,1,1
221,5,228,506,7,5,1,1,1
222,1,224,488,7,6,1,1,1
222,2,235,462,8,6,1,1,1
222,3,198,481,6,6,1,1,1
222,5,228,506,7,5,1,1,1
223,1,226,488,6,5,1,1,1
223,2,234,462,7,6,1,1,1
223,3,197,482,6,6,1,1,1
223,5,228,506,7,5,1,1,1
224,1,226,488,6,5,1,1,1
224,2,234,462,7,6,1,1,1
224,3,197,482,6,6,1,1,1
224,5,228,506,7,5,1,1,1
225,1,227,487,7,5,1,1,1
225,2,233,462,7,5,1,1,1
225,3,196,483,7,5,1,1,1
225,5,229,505,7,6,1,1,1
226,1,227,487,7,5,1,1,1
226,2,233,462,7,5,1,1,1
226,3,196,483,7,5,1,1,1
226,5,229,505,7,6,1,1,1
227,1,228,486,7,6,1,1,1
227,2,232,462,7,5,1,1,1
227,3,195,484,8,5,1,1,1
227,5,229,505,8,5,1,1,1
228,1,228,486,7,6,1,1,1
228,2,232,462,7,5,1,1,1
228,3,195,484,8,5,1,1,1
228,5,229,505,8,5,1,1,1
229,1,230,485,7,6,1,1,1
229,2,231,462,7,6,1,1,1
229,3,195,484,7,6,1,1,1
229,5,230,505,7,5,1,1,1
230,1,230,485,7,6,1,1,1
230,2,231,462,7,6,1,1,1
230,3,195,484,7,6,1,1,1
230,5,230,505,7,5,1,1,1
231,1,232,485,6,5,1,1,1
231,2,229,462,8,6,1,1,1
231,3,194,485,8,6,1,1,1
231,5,230,505,7,5,1,1,1
232,1,232,485,6,5,1,1,1
232,2,229,462,8,6,1,1,1
232,3,194,485,8,6,1,1,1
232,5,230,505,7,5,1,1,1
233,1,233,484,6,5,1,1,1
233,2,228,462,8,6,1,1,1
233,3,194,486,7,6,1,1,1
233,5,231,505,6,5,1,1,1
234,1,233,484,6,5,1,1,1
234,2,228,462,8,6,1,1,1
234,3,194,486,7,6,1,1,1
234,5,231,505,6,5,1,1,1
235,1,234,483,7,5,1,1,1
235,2,227,462,7,6,1,1,1
235,3,194,487,7,6,1,1,1
235,5,231,505,6,5,1,1,1
236,1,234,483,7,5,1,1,1
236,2,227,462,7,6,1,1,1
236,3,194,487,7,6,1,1,1
236,5,231,505,6,5,1,1,1
237,1,235,482,6,5,1,1,1
237,2,226,462,7,6,1,1,1
237,3,194,488,6,5,1,1,1
237,5,231,505,6,5,1,1,1
238,1,235,482,6,5,1,1,1
238,2,226,462,7,6,1,1,1
238,3,194,488,6,5,1,1,1
238,5,231,505,6,5,1,1,1
239,1,236,481,7,5,1,1,1
239,2,224,462,8,6,1,1,1
239,3,194,489,7,5,1,1,1
239,5,231,505,7,5,1,1,1
240,1,236,481,7,5,1,1,1
240,2,224,462,8,6,1,1,1
240,3,194,489,7,5,1,1,1
240,5,231,505,7,5,1,1,1
241,1,237,480,6,5,1,1,1
241,2,223,463,7,6,1,1,1
241,3,194,490,7,5,1,1,1
241,5,231,505,7,5,1,1,1
242,1,237,480,6,5,1,1,1
242,2,223,463,7,6,1,1,1
242,3,194,490,7,5,1,1,1
242,5,231,505,7,5,1,1,1
243,1,237,479,7,5,1,1,1
243,2,221,463,8,6,1,1,1
243,3,195,490,7,6,1,1,1
243,5,231,505,7,6,1,1,1
244,1,237,479,7,5,1,1,1
244,2,221,463,8,6,1,1,1
244,3,195,490,7,6,1,1,1
244,5,231,505,7,6,1,1,1
245,1,238,478,7,5,1,1,1
245,2,220,464,7,6,1,1,1
245,3,195,491,7,5,1,1,1
245,5,230,506,7,5,1,1,1
246,1,238,478,7,5,1,1,1
246,2,220,464,7,6,1,1,1
246,3,195,491,7,5,1,1,1
246,5,230,506,7,5,1,1,1
247,1,238,477,7,5,1,1,1
247,2,219,464,7,6,1,1,1
247,3,196,491,7,6,1,1,1
247,5,230,506,7,5,1,1,1
248,1,238,477,7,5,1,1,1
248,2,219,464,7,6,1,1,1
248,3,196,491,7,6,1,1,1
248,5,230,506,7,5,1,1,1
249,1,239,476,7,5,1,1,1
249,2,217,465,8,6,1,1,1
249,3,197,491,7,6,1,1,1
249,5,231,507,5,4,1,1,1
250,1,239,476,7,5,1,1,1
250,2,217,465,8,6,1,1,1
250,3,197,491,7,6,1,1,1
250,5,231,507,5,4,1,1,1
251,1,239,475,7,5,1,1,1
251,2,217,466,6,5,1,1,1
251,3,198,491,6,6,1,1,1
251,5,231,507,5,4,1,1,1
252,1,239,475,7,5,1,1,1
252,2,217,466,6,5,1,1,1
252,3,198,491,6,6,1,1,1
252,5,231,507,5,4,1,1,1
253,1,240,474,6,5,1,1,1
253,2,215,466,7,6,1,1,1
253,3,199,492,6,5,1,1,1
254,1,240,474,6,5,1,1,1
254,2,215,466,7,6,1,1,1
254,3,199,492,6,5,1,1,1
255,1,240,473,6,5,1,1,1
255,2,214,467,6,5,1,1,1
255,3,200,492,6,5,1,1,1
256,1,240,473,6,5,1,1,1
256,2,214,467,6,5,1,1,1
256,3,200,492,6,5,1,1,1
257,1,240,472,7,5,1,1,1
257,2,212,468,8,5,1,1,1
257,3,201,492,7,5,1,1,1
258,1,240,472,7,5,1,1,1
258,2,212,468,8,5,1,1,1
258,3,201,492,7,5,1,1,1
259,1,240,471,8,5,1,1,1
259,2,211,468,7,6,1,1,1
259,3,202,492,7,5,1,1,1
260,1,240,471,8,5,1,1,1
260,2,211,468,7,6,1,1,1
260,3,202,492,7,5,1,1,1
261,1,241,470,7,6,1,1,1
261,2,209,469,8,6,1,1,1
261,3,204,492,7,5,1,1,1
262,1,241,470,7,6,1,1,1
262,2,209,469,8,6,1,1,1
262,3,204,492,7,5,1,1,1
263,1,241,469,7,6,1,1,1
263,2,208,470,8,6,1,1,1
263,3,206,492,6,5,1,1,1
264,1,241,469,7,6,1,1,1
264,2,208,470,8,6,1,1,1
264,3,206,492,6,5,1,1,1
265,1,241,468,8,6,1,1,1
265,2,208,471,6,6,1,1,1
265,3,207,492,6,5,1,1,1
266,1,241,468,8,6,1,1,1
266,2,208,471,6,6,1,1,1
266,3,207,492,6,5,1,1,1
267,1,242,467,7,6,1,1,1
267,2,206,472,7,5,1,1,1
267,3,209,492,6,5,1,1,1
268,1,242,467,7,6,1,1,1
268,2,206,472,7,5,1,1,1
268,3,209,492,6,5,1,1,1
269,1,242,466,7,6,1,1,1
269,2,204,473,8,5,1,1,1
269,3,211,492,6,5,1,1,1
270,1,242,466,7,6,1,1,1
270,2,204,473,8,5,1,1,1
270,3,211,492,6,5,1,1,1
271,1,242,466,8,5,1,1,1
271,2,203,473,8,6,1,1,1
271,3,212,492,7,5,1,1,1
272,1,242,466,8,5,1,1,1
272,2,203,473,8,6,1,1,1
272,3,212,492,7,5,1,1,1
273,1,243,465,6,6,1,1,1
273,2,202,474,8,6,1,1,1
273,3,214,491,7,6,1,1,1
274,1,243,465,6,6,1,1,1
274,2,202,474,8,6,1,1,1
274,3,214,491,7,6,1,1,1
275,1,243,464,6,6,1,1,1
275,2,201,475,8,6,1,1,1
275,3,216,491,6,5,1,1,1
276,1,243,464,6,6,1,1,1
276,2,201,475,8,6,1,1,1
276,3,216,491,6,5,1,1,1
277,1,243,464,7,5,1,1,1
277,2,200,476,8,6,1,1,1
277,3,218,491,6,5,1,1,1
278,1,243,464,7,5,1,1,1
278,2,200,476,8,6,1,1,1
278,3,218,491,6,5,1,1,1
279,1,243,463,7,5,1,1,1
279,2,199,477,8,6,1,1,1
279,3,220,490,7,6,1,1,1
280,1,243,463,7,5,1,1,1
280,2,199,477,8,6,1,1,1
280,3,220,490,7,6,1,1,1
281,1,243,462,7,6,1,1,1
281,2,199,479,7,5,1,1,1
281,3,222,490,6,5,1,1,1
282,1,243,462,7,6,1,1,1
282,2,199,479,7,5,1,1,1
282,3,222,490,6,5,1,1,1
283,1,242,462,7,5,1,1,1
283,2,198,480,8,6,1,1,1
283,3,223,489,7,6,1,1,1
284,1,242,462,7,5,1,1,1
284,2,198,480,8,6,1,1,1
284,3,223,489,7,6,1,1,1
285,1,242,461,7,6,1,1,1
285,2,198,481,7,6,1,1,1
285,3,226,489,6,5,1,1,1
286,1,242,461,7,6,1,1,1
286,2,198,481,7,6,1,1,1
286,3,226,489,6,5,1,1,1
287,1,241,461,7,6,1,1,1
287,2,198,482,6,6,1,1,1
287,3,228,488,6,5,1,1,1
288,1,241,461,7,6,1,1,1
288,2,198,482,6,6,1,1,1
288,3,228,488,6,5,1,1,1
289,1,240,460,7,6,1,1,1
289,2,197,483,7,5,1,1,1
289,3,230,487,6,5,1,1,1
290,1,240,460,7,6,1,1,1
290,2,197,483,7,5,1,1,1
290,3,230,487,6,5,1,1,1
291,1,240,460,6,6,1,1,1
291,2,197,484,7,6,1,1,1
291,3,232,486,6,6,1,1,1
291,7,225,507,8,4,1,1,1
292,1,240,460,6,6,1,1,1
292,2,197,484,7,6,1,1,1
292,3,232,486,6,6,1,1,1
292,7,225,507,8,4,1,1,1
293,1,239,460,6,5,1,1,1
293,2,197,485,7,6,1,1,1
293,3,233,485,7,6,1,1,1
293,7,225,506,8,5,1,1,1
294,1,239,460,6,5,1,1,1
294,2,197,485,7,6,1,1,1
294,3,233,485,7,6,1,1,1
294,7,225,506,8,5,1,1,1
295,1,237,460,7,5,1,1,1
295,2,197,486,7,6,1,1,1
295,3,235,484,7,6,1,1,1
295,7,226,506,7,5,1,1,1
296,1,237,460,7,5,1,1,1
296,2,197,486,7,6,1,1,1
296,3,235,484,7,6,1,1,1
296,7,226,506,7,5,1,1,1
297,1,236,459,7,6,1,1,1
297,2,197,487,7,6,1,1,1
297,3,236,483,7,6,1,1,1
297,7,226,506,8,5,1,1,1
298,1,236,459,7,6,1,1,1
298,2,197,487,7,6,1,1,1
298,3,236,483,7,6,1,1,1
298,7,226,506,8,5,1,1,1
299,1,234,459,7,6,1,1,1
299,2,197,488,7,6,1,1,1
299,3,238,482,7,6,1,1,1
299,7,226,506,8,5,1,1,1
300,1,234,459,7,6,1,1,1
300,2,197,488,7,6,1,1,1
300,3,238,482,7,6,1,1,1
300,7,226,506,8,5,1,1,1
301,1,233,459,7,6,1,1,1
301,2,198,489,6,6,1,1,1
301,3,239,481,7,6,1,1,1
301,7,226,506,8,5,1,1,1
302,1,233,459,7,6,1,1,1
302,2,198,489,6,6,1,1,1
302,3,239,481,7,6,1,1,1
302,7,226,506,8,5,1,1,1
303,1,231,460,7,5,1,1,1
303,2,197,490,7,5,1,1,1
303,3,240,480,7,6,1,1,1
303,7,226,506,8,5,1,1,1
304,1,231,460,7,5,1,1,1
304,2,197,490,7,5,1,1,1
304,3,240,480,7,6,1,1,1
304,7,226,506,8,5,1,1,1
305,1,229,460,7,5,1,1,1
305,2,198,491,6,5,1,1,1
305,3,242,479,6,5,1,1,1
305,6,227,508,7,3,1,1,1
305,7,227,506,7,5,1,1,1
306,1,229,460,7,5,1,1,1
306,2,198,491,6,5,1,1,1
306,3,242,479,6,5,1,1,1
306,6,227,508,7,3,1,1,1
306,7,227,506,7,5,1,1,1
307,1,227,460,7,6,1,1,1
307,2,198,491,7,6,1,1,1
307,3,243,478,6,5,1,1,1
307,6,227,508,7,3,1,1,1
308,1,227,460,7,6,1,1,1
308,2,198,491,7,6,1,1,1
308,3,243,478,6,5,1,1,1
308,6,227,508,7,3,1,1,1
309,1,225,460,7,6,1,1,1
309,2,199,492,7,5,1,1,1
309,3,244,477,6,5,1,1,1
309,6,227,508,7,3,1,1,1
309,7,227,507,6,4,1,1,1
310,1,225,460,7,6,1,1,1
310,2,199,492,7,5,1,1,1
310,3,244,477,6,5,1,1,1
310,6,227,508,7,3,1,1,1
310,7,227,507,6,4,1,1,1
311,1,223,460,8,7,1,1,1
311,2,200,493,7,5,1,1,1
311,3,245,475,6,6,1,1,1
311,7,227,507,6,4,1,1,1
312,1,223,460,8,7,1,1,1
312,2,200,493,7,5,1,1,1
312,3,245,475,6,6,1,1,1
312,7,227,507,6,4,1,1,1
313,1,222,461,8,6,1,1,1
313,2,201,494,7,5,1,1,1
313,3,245,474,7,6,1,1,1
314,1,222,461,8,6,1,1,1
314,2,201,494,7,5,1,1,1
314,3,245,474,7,6,1,1,1
315,1,221,462,7,6,1,1,1
315,2,202,494,7,6,1,1,1
315,3,246,473,8,6,1,1,1
316,1,221,462,7,6,1,1,1
316,2,202,494,7,6,1,1,1
316,3,246,473,8,6,1,1,1
317,1,219,463,7,6,1,1,1
317,2,203,495,7,5,1,1,1
317,3,247,472,7,6,1,1,1
318,1,219,463,7,6,1,1,1
318,2,203,495,7,5,1,1,1
318,3,247,472,7,6,1,1,1
319,1,218,464,6,5,1,1,1
319,2,204,495,7,5,1,1,1
319,3,248,471,7,5,1,1,1
320,1,218,464,6,5,1,1,1
320,2,204,495,7,5,1,1,1
320,3,248,471,7,5,1,1,1
321,1,216,464,7,6,1,1,1
321,2,205,495,8,6,1,1,1
321,3,249,469,7,6,1,1,1
322,1,216,464,7,6,1,1,1
322,2,205,495,8,6,1,1,1
322,3,249,469,7,6,1,1,1
323,1,215,465,7,6,1,1,1
323,2,207,495,6,6,1,1,1
323,3,249,468,7,6,1,1,1
324,1,215,465,7,6,1,1,1
324,2,207,495,6,6,1,1,1
324,3,249,468,7,6,1,1,1
325,1,214,466,7,5,1,1,1
325,2,208,496,7,5,1,1,1
325,3,250,467,7,6,1,1,1
326,1,214,466,7,5,1,1,1
326,2,208,496,7,5,1,1,1
326,3,250,467,7,6,1,1,1
327,1,213,467,7,5,1,1,1
327,2,210,496,6,5,1,1,1
327,3,250,466,7,5,1,1,1
328,1,213,467,7,5,1,1,1
328,2,210,496,6,5,1,1,1
328,3,250,466,7,5,1,1,1
329,1,212,467,7,6,1,1,1
329,2,211,496,6,5,1,1,1
329,3,250,464,8,6,1,1,1
330,1,212,467,7,6,1,1,1
330,2,211,496,6,5,1,1,1
330,3,250,464,8,6,1,1,1
331,1,210,468,7,6,1,1,1
331,2,213,496,6,5,1,1,1
331,3,251,463,7,6,1,1,1
332,1,210,468,7,6,1,1,1
332,2,213,496,6,5,1,1,1
332,3,251,463,7,6,1,1,1
333,1,209,469,7,6,1,1,1
333,2,214,496,6,5,1,1,1
333,3,251,462,7,6,1,1,1
334,1,209,469,7,6,1,1,1
334,2,214,496,6,5,1,1,1
334,3,251,462,7,6,1,1,1
335,1,208,470,7,6,1,1,1
335,2,215,495,7,6,1,1,1
335,3,251,461,7,6,1,1,1
336,1,208,470,7,6,1,1,1
336,2,215,495,7,6,1,1,1
336,3,251,461,7,6,1,1,1
337,1,207,471,7,6,1,1,1
337,2,217,495,7,5,1,1,1
337,3,250,460,8,6,1,1,1
338,1,207,471,7,6,1,1,1
338,2,217,495,7,5,1,1,1
338,3,250,460,8,6,1,1,1
339,1,205,472,8,6,1,1,1
339,2,219,495,6,5,1,1,1
339,3,250,459,7,6,1,1,1
340,1,205,472,8,6,1,1,1
340,2,219,495,6,5,1,1,1
340,3,250,459,7,6,1,1,1
341,1,204,473,7,6,1,1,1
341,2,220,495,6,5,1,1,1
341,3,250,459,7,5,1,1,1
342,1,204,473,7,6,1,1,1
342,2,220,495,6,5,1,1,1
342,3,250,459,7,5,1,1,1
343,1,204,474,7,6,1,1,1
343,2,222,494,6,5,1,1,1
343,3,250,458,7,6,1,1,1
344,1,204,474,7,6,1,1,1
344,2,222,494,6,5,1,1,1
344,3,250,458,7,6,1,1,1
345,1,202,475,8,6,1,1,1
345,2,223,493,7,6,1,1,1
345,3,249,457,7,6,1,1,1
345,5,220,507,7,4,1,1,1
346,1,202,475,8,6,1,1,1
346,2,223,493,7,6,1,1,1
346,3,249,457,7,6,1,1,1
346,5,220,507,7,4,1,1,1
347,1,202,477,6,5,1,1,1
347,2,225,493,7,6,1,1,1
347,3,248,457,8,6,1,1,1
347,5,221,506,6,5,1,1,1
348,1,202,477,6,5,1,1,1
348,2,225,493,7,6,1,1,1
348,3,248,457,8,6,1,1,1
348,5,221,506,6,5,1,1,1
349,1,201,478,6,5,1,1,1
349,2,226,492,8,6,1,1,1
349,3,248,456,7,6,1,1,1
349,5,221,506,7,5,1,1,1
350,1,201,478,6,5,1,1,1
350,2,226,492,8,6,1,1,1
350,3,248,456,7,6,1,1,1
350,5,221,506,7,5,1,1,1
351,1,199,479,7,6,1,1,1
351,2,228,491,7,6,1,1,1
351,3,247,455,7,6,1,1,1
351,5,223,506,6,5,1,1,1
352,1,199,479,7,6,1,1,1
352,2,228,491,7,6,1,1,1
352,3,247,455,7,6,1,1,1
352,5,223,506,6,5,1,1,1
353,1,199,480,7,6,1,1,1
353,2,230,491,7,5,1,1,1
353,3,246,455,7,6,1,1,1
353,5,224,505,6,5,1,1,1
354,1,199,480,7,6,1,1,1
354,2,230,491,7,5,1,1,1
354,3,246,455,7,6,1,1,1
354,5,224,505,6,5,1,1,1
355,1,198,481,7,6,1,1,1
355,2,231,490,8,6,1,1,1
355,3,245,455,6,5,1,1,1
355,5,224,504,7,6,1,1,1
356,1,198,481,7,6,1,1,1
356,2,231,490,8,6,1,1,1
356,3,245,455,6,5,1,1,1
356,5,224,504,7,6,1,1,1
357,1,197,482,7,6,1,1,1
357,2,233,489,7,6,1,1,1
357,3,243,454,7,6,1,1,1
357,5,225,504,7,5,1,1,1
358,1,197,482,7,6,1,1,1
358,2,233,489,7,6,1,1,1
358,3,243,454,7,6,1,1,1
358,5,225,504,7,5,1,1,1
359,1,197,484,7,5,1,1,1
359,2,235,489,7,5,1,1,1
359,3,242,454,6,6,1,1,1
359,5,225,504,8,5,1,1,1
360,1,197,484,7,5,1,1,1
360,2,235,489,7,5,1,1,1
360,3,242,454,6,6,1,1,1
360,5,225,504,8,5,1,1,1
361,1,197,485,6,5,1,1,1
361,2,237,488,6,5,1,1,1
361,3,240,454,7,5,1,1,1
361,5,226,504,7,5,1,1,1
362,1,197,485,6,5,1,1,1
362,2,237,488,6,5,1,1,1
362,3,240,454,7,5,1,1,1
362,5,226,504,7,5,1,1,1
363,1,197,486,6,6,1,1,1
363,2,238,487,7,5,1,1,1
363,3,238,453,7,6,1,1,1
363,5,227,503,6,6,1,1,1
364,1,197,486,6,6,1,1,1
364,2,238,487,7,5,1,1,1
364,3,238,453,7,6,1,1,1
364,5,227,503,6,6,1,1,1
365,1,197,488,7,5,1,1,1
365,2,240,486,7,6,1,1,1
365,3,236,454,7,5,1,1,1
365,5,226,503,8,5,1,1,1
366,1,197,488,7,5,1,1,1
366,2,240,486,7,6,1,1,1
366,3,236,454,7,5,1,1,1
366,5,226,503,8,5,1,1,1
367,1,196,489,7,5,1,1,1
367,2,242,485,6,6,1,1,1
367,3,234,454,7,5,1,1,1
367,5,226,503,8,5,1,1,1
368,1,196,489,7,5,1,1,1
368,2,242,485,6,6,1,1,1
368,3,234,454,7,5,1,1,1
368,5,226,503,8,5,1,1,1
369,1,196,490,7,6,1,1,1
369,2,243,484,7,6,1,1,1
369,3,232,454,7,5,1,1,1
369,5,226,502,8,6,1,1,1
370,1,196,490,7,6,1,1,1
370,2,243,484,7,6,1,1,1
370,3,232,454,7,5,1,1,1
370,5,226,502,8,6,1,1,1
371,1,197,491,7,5,1,1,1
371,2,244,483,8,6,1,1,1
371,3,230,454,7,6,1,1,1
371,5,226,502,7,6,1,1,1
372,1,197,491,7,5,1,1,1
372,2,244,483,8,6,1,1,1
372,3,230,454,7,6,1,1,1
372,5,226,502,7,6,1,1,1
373,1,198,492,6,5,1,1,1
373,2,246,482,6,6,1,1,1
373,3,228,455,7,5,1,1,1
373,5,225,502,8,6,1,1,1
374,1,198,492,6,5,1,1,1
374,2,246,482,6,6,1,1,1
374,3,228,455,7,5,1,1,1
374,5,225,502,8,6,1,1,1
375,1,198,493,7,5,1,1,1
375,2,247,481,7,6,1,1,1
375,3,226,455,7,5,1,1,1
375,5,225,503,7,5,1,1,1
376,1,198,493,7,5,1,1,1
376,2,247,481,7,6,1,1,1
376,3,226,455,7,5,1,1,1
376,5,225,503,7,5,1,1,1
377,1,199,493,7,6,1,1,1
377,2,248,480,7,6,1,1,1
377,3,224,456,7,6,1,1,1
377,5,224,503,7,6,1,1,1
378,1,199,493,7,6,1,1,1
378,2,248,480,7,6,1,1,1
378,3,224,456,7,6,1,1,1
378,5,224,503,7,6,1,1,1
379,1,199,494,7,5,1,1,1
379,2,249,479,7,6,1,1,1
379,3,222,456,7,6,1,1,1
379,5,223,503,7,6,1,1,1
380,1,199,494,7,5,1,1,1
380,2,249,479,7,6,1,1,1
380,3,222,456,7,6,1,1,1
380,5,223,503,7,6,1,1,1
381,1,200,495,7,5,1,1,1
381,2,251,478,6,6,1,1,1
381,3,219,457,8,6,1,1,1
381,5,223,504,7,5,1,1,1
382,1,200,495,7,5,1,1,1
382,2,251,478,6,6,1,1,1
382,3,219,457,8,6,1,1,1
382,5,223,504,7,5,1,1,1
383,1,201,495,7,5,1,1,1
383,2,251,477,7,6,1,1,1
383,3,217,458,8,6,1,1,1
383,5,222,504,7,6,1,1,1
384,1,201,495,7,5,1,1,1
384,2,251,477,7,6,1,1,1
384,3,217,458,8,6,1,1,1
384,5,222,504,7,6,1,1,1
385,1,202,495,7,6,1,1,1
385,2,252,476,7,6,1,1,1
385,3,215,459,8,6,1,1,1
385,5,221,505,7,5,1,1,1
386,1,202,495,7,6,1,1,1
386,2,252,476,7,6,1,1,1
386,3,215,459,8,6,1,1,1
386,5,221,505,7,5,1,1,1
387,1,203,496,7,5,1,1,1
387,2,253,475,7,6,1,1,1
387,3,214,460,8,6,1,1,1
387,5,220,505,6,6,1,1,1
388,1,203,496,7,5,1,1,1
388,2,253,475,7,6,1,1,1
388,3,214,460,8,6,1,1,1
388,5,220,505,6,6,1,1,1
389,1,204,496,8,6,1,1,1
389,2,254,474,6,6,1,1,1
389,3,212,460,8,6,1,1,1
389,5,219,506,7,5,1,1,1
390,1,204,496,8,6,1,1,1
390,2,254,474,6,6,1,1,1
390,3,212,460,8,6,1,1,1
390,5,219,506,7,5,1,1,1
391,1,206,496,7,6,1,1,1
391,2,254,473,7,6,1,1,1
391,3,211,461,7,6,1,1,1
391,5,219,506,6,5,1,1,1
391,7,218,507,7,4,1,1,1
392,1,206,496,7,6,1,1,1
392,2,254,473,7,6,1,1,1
392,3,211,461,7,6,1,1,1
392,5,219,506,6,5,1,1,1
392,7,218,507,7,4,1,1,1
393,1,208,497,6,5,1,1,1
393,2,254,473,7,5,1,1,1
393,3,209,462,8,6,1,1,1
393,5,219,507,5,4,1,1,1
393,7,218,506,7,5,1,1,1
394,1,208,497,6,5,1,1,1
394,2,254,473,7,5,1,1,1
394,3,209,462,8,6,1,1,1
394,5,219,507,5,4,1,1,1
394,7,218,506,7,5,1,1,1
395,1,210,497,6,5,1,1,1
395,2,255,472,7,6,1,1,1
395,3,208,463,7,6,1,1,1
395,5,218,508,6,3,1,1,1
396,1,210,497,6,5,1,1,1
396,2,255,472,7,6,1,1,1
396,3,208,463,7,6,1,1,1
396,5,218,508,6,3,1,1,1
397,1,211,497,7,5,1,1,1
397,2,255,471,7,5,1,1,1
397,3,206,464,8,6,1,1,1
398,1,211,497,7,5,1,1,1
398,2,255,471,7,5,1,1,1
398,3,206,464,8,6,1,1,1
399,1,213,497,7,5,1,1,1
399,2,255,470,7,5,1,1,1
399,3,205,465,7,6,1,1,1
400,1,213,497,7,5,1,1,1
400,2,255,470,7,5,1,1,1
400,3,205,465,7,6,1,1,1
401,1,215,497,6,5,1,1,1
401,2,255,469,6,5,1,1,1
401,3,205,466,6,6,1,1,1
402,1,215,497,6,5,1,1,1
402,2,255,469,6,5,1,1,1
402,3,205,466,6,6,1,1,1
403,1,217,497,6,5,1,1,1
403,2,255,468,6,6,1,1,1
403,3,204,467,7,5,1,1,1
404,1,217,497,6,5,1,1,1
404,2,255,468,6,6,1,1,1
404,3,204,467,7,5,1,1,1
405,1,219,497,6,5,1,1,1
405,2,254,468,7,5,1,1,1
405,3,203,468,7,6,1,1,1
406,1,219,497,6,5,1,1,1
406,2,254,468,7,5,1,1,1
406,3,203,468,7,6,1,1,1
407,1,220,496,7,6,1,1,1
407,2,253,467,7,6,1,1,1
407,3,202,469,7,6,1,1,1
408,1,220,496,7,6,1,1,1
408,2,253,467,7,6,1,1,1
408,3,202,469,7,6,1,1,1
409,1,222,496,7,5,1,1,1
409,2,253,466,7,6,1,1,1
409,3,202,471,7,5,1,1,1
410,1,222,496,7,5,1,1,1
410,2,253,466,7,6,1,1,1
410,3,202,471,7,5,1,1,1
411,1,224,496,7,5,1,1,1
411,2,252,465,7,6,1,1,1
411,3,201,472,7,6,1,1,1
412,1,224,496,7,5,1,1,1
412,2,252,465,7,6,1,1,1
412,3,201,472,7,6,1,1,1
413,1,226,495,7,6,1,1,1
413,2,251,464,7,6,1,1,1
413,3,200,473,8,6,1,1,1
414,1,226,495,7,6,1,1,1
414,2,251,464,7,6,1,1,1
414,3,200,473,8,6,1,1,1
415,1,228,495,7,5,1,1,1
415,2,250,464,7,6,1,1,1
415,3,200,474,7,6,1,1,1
415,9,217,507,8,4,1,1,1
416,1,228,495,7,5,1,1,1
416,2,250,464,7,6,1,1,1
416,3,200,474,7,6,1,1,1
416,9,217,507,8,4,1,1,1
417,1,230,494,7,6,1,1,1
417,2,249,463,7,6,1,1,1
417,3,199,475,8,6,1,1,1
417,7,218,506,7,5,1,1,1
417,9,217,506,8,5,1,1,1
418,1,230,494,7,6,1,1,1
418,2,249,463,7,6,1,1,1
418,3,199,475,8,6,1,1,1
418,7,218,506,7,5,1,1,1
418,9,217,506,8,5,1,1,1
419,1,232,494,7,5,1,1,1
419,2,248,463,7,6,1,1,1
419,3,199,476,8,7,1,1,1
419,7,220,506,7,5,1,1,1
420,1,232,494,7,5,1,1,1
420,2,248,463,7,6,1,1,1
420,3,199,476,8,7,1,1,1
420,7,220,506,7,5,1,1,1
421,1,233,493,8,6,1,1,1
421,2,246,463,7,6,1,1,1
421,3,198,478,8,6,1,1,1
421,7,221,506,7,5,1,1,1
422,1,233,493,8,6,1,1,1
422,2,246,463,7,6,1,1,1
422,3,198,478,8,6,1,1,1
422,7,221,506,7,5,1,1,1
423,1,235,492,8,6,1,1,1
423,2,246,463,6,6,1,1,1
423,3,198,480,7,5,1,1,1
423,7,221,505,8,5,1,1,1
424,1,235,492,8,6,1,1,1
424,2,246,463,6,6,1,1,1
424,3,198,480,7,5,1,1,1
424,7,221,505,8,5,1,1,1
425,1,237,492,7,5,1,1,1
425,2,244,463,6,5,1,1,1
425,3,199,481,6,6,1,1,1
425,7,222,505,7,5,1,1,1
426,1,237,492,7,5,1,1,1
426,2,244,463,6,5,1,1,1
426,3,199,481,6,6,1,1,1
426,7,222,505,7,5,1,1,1
427,1,239,491,6,5,1,1,1
427,2,243,463,7,5,1,1,1
427,3,198,483,7,5,1,1,1
427,7,223,504,7,6,1,1,1
428,1,239,491,6,5,1,1,1
428,2,243,463,7,5,1,1,1
428,3,198,483,7,5,1,1,1
428,7,223,504,7,6,1,1,1
429,1,240,490,7,5,1,1,1
429,2,241,462,7,6,1,1,1
429,3,198,484,6,5,1,1,1
429,7,223,504,8,5,1,1,1
430,1,240,490,7,5,1,1,1
430,2,241,462,7,6,1,1,1
430,3,198,484,6,5,1,1,1
430,7,223,504,8,5,1,1,1
431,1,242,489,7,5,1,1,1
431,2,240,462,7,6,1,1,1
431,3,198,485,6,6,1,1,1
431,7,224,504,7,5,1,1,1
432,1,242,489,7,5,1,1,1
432,2,240,462,7,6,1,1,1
432,3,198,485,6,6,1,1,1
432,7,224,504,7,5,1,1,1
433,1,243,488,7,6,1,1,1
433,2,239,463,7,5,1,1,1
433,3,199,487,6,5,1,1,1
433,7,225,503,7,6,1,1,1
434,1,243,488,7,6,1,1,1
434,2,239,463,7,5,1,1,1
434,3,199,487,6,5,1,1,1
434,7,225,503,7,6,1,1,1
435,1,245,488,6,5,1,1,1
435,2,238,463,7,5,1,1,1
435,3,199,488,6,5,1,1,1
435,7,225,503,7,5,1,1,1
436,1,245,488,6,5,1,1,1
436,2,238,463,7,5,1,1,1
436,3,199,488,6,5,1,1,1
436,7,225,503,7,5,1,1,1
437,1,246,487,6,5,1,1,1
437,2,237,463,6,5,1,1,1
437,3,199,489,7,5,1,1,1
437,7,226,503,6,5,1,1,1
438,1,246,487,6,5,1,1,1
438,2,237,463,6,5,1,1,1
438,3,199,489,7,5,1,1,1
438,7,226,503,6,5,1,1,1
439,1,247,486,7,5,1,1,1
439,2,235,463,7,5,1,1,1
439,3,200,490,7,6,1,1,1
439,7,226,503,6,5,1,1,1
440,1,247,486,7,5,1,1,1
440,2,235,463,7,5,1,1,1
440,3,200,490,7,6,1,1,1
440,7,226,503,6,5,1,1,1
441,1,248,485,7,5,1,1,1
441,2,233,463,7,6,1,1,1
441,3,201,491,7,5,1,1,1
441,7,226,503,7,6,1,1,1
442,1,248,485,7,5,1,1,1
442,2,233,463,7,6,1,1,1
442,3,201,491,7,5,1,1,1
442,7,226,503,7,6,1,1,1
443,1,249,484,7,5,1,1,1
443,2,232,464,7,5,1,1,1
443,3,202,492,7,5,1,1,1
443,7,225,503,8,6,1,1,1
444,1,249,484,7,5,1,1,1
444,2,232,464,7,5,1,1,1
444,3,202,492,7,5,1,1,1
444,7,225,503,8,6,1,1,1
445,1,250,483,7,5,1,1,1
445,2,230,464,8,6,1,1,1
445,3,204,492,7,6,1,1,1
445,7,226,504,7,5,1,1,1
446,1,250,483,7,5,1,1,1
446,2,230,464,8,6,1,1,1
446,3,204,492,7,6,1,1,1
446,7,226,504,7,5,1,1,1
447,1,251,482,7,5,1,1,1
447,2,229,465,7,6,1,1,1
447,3,205,493,7,6,1,1,1
447,7,225,504,7,6,1,1,1
448,1,251,482,7,5,1,1,1
448,2,229,465,7,6,1,1,1
448,3,205,493,7,6,1,1,1
448,7,225,504,7,6,1,1,1
449,1,252,481,7,5,1,1,1
449,2,227,465,8,6,1,1,1
449,3,207,494,7,6,1,1,1
449,7,225,504,7,6,1,1,1
450,1,252,481,7,5,1,1,1
450,2,227,465,8,6,1,1,1
450,3,207,494,7,6,1,1,1
450,7,225,504,7,6,1,1,1
451,1,252,480,8,6,1,1,1
451,2,226,466,7,6,1,1,1
451,3,208,495,7,5,1,1,1
451,7,225,505,7,5,1,1,1
452,1,252,480,8,6,1,1,1
452,2,226,466,7,6,1,1,1
452,3,208,495,7,5,1,1,1
452,7,225,505,7,5,1,1,1
453,1,253,479,7,6,1,1,1
453,2,224,467,7,5,1,1,1
453,3,210,495,6,6,1,1,1
453,7,225,505,6,6,1,1,1
454,1,253,479,7,6,1,1,1
454,2,224,467,7,5,1,1,1
454,3,210,495,6,6,1,1,1
454,7,225,505,6,6,1,1,1
455,1,254,478,7,6,1,1,1
455,2,222,467,8,6,1,1,1
455,3,211,496,7,5,1,1,1
455,7,224,506,6,5,1,1,1
456,1,254,478,7,6,1,1,1
456,2,222,467,8,6,1,1,1
456,3,211,496,7,5,1,1,1
456,7,224,506,6,5,1,1,1
457,1,254,477,7,6,1,1,1
457,2,220,468,8,6,1,1,1
457,3,213,497,6,5,1,1,1
457,7,223,507,6,4,1,1,1
458,1,254,477,7,6,1,1,1
458,2,220,468,8,6,1,1,1
458,3,213,497,6,5,1,1,1
458,7,223,507,6,4,1,1,1
459,1,255,476,6,6,1,1,1
459,2,218,469,8,6,1,1,1
459,3,215,497,6,5,1,1,1
459,7,223,507,6,4,1,1,1
459,9,222,507,6,4,1,1,1
460,1,255,476,6,6,1,1,1
460,2,218,469,8,6,1,1,1
460,3,215,497,6,5,1,1,1
460,7,223,507,6,4,1,1,1
460,9,222,507,6,4,1,1,1
461,1,255,475,7,6,1,1,1
461,2,217,470,7,6,1,1,1
461,3,216,498,6,5,1,1,1
461,9,221,508,7,3,1,1,1
462,1,255,475,7,6,1,1,1
462,2,217,470,7,6,1,1,1
462,3,216,498,6,5,1,1,1
462,9,221,508,7,3,1,1,1
463,1,255,474,7,6,1,1,1
463,2,215,471,7,5,1,1,1
463,3,218,498,6,5,1,1,1
463,9,222,508,6,3,1,1,1
464,1,255,474,7,6,1,1,1
464,2,215,471,7,5,1,1,1
464,3,218,498,6,5,1,1,1
464,9,222,508,6,3,1,1,1
465,1,255,473,7,6,1,1,1
465,2,214,472,6,5,1,1,1
465,3,219,498,7,5,1,1,1
466,1,255,473,7,6,1,1,1
466,2,214,472,6,5,1,1,1
466,3,219,498,7,5,1,1,1
467,1,255,473,7,5,1,1,1
467,2,212,473,6,5,1,1,1
467,3,220,498,8,6,1,1,1
468,1,255,473,7,5,1,1,1
468,2,212,473,6,5,1,1,1
468,3,220,498,8,6,1,1,1
469,1,255,472,7,5,1,1,1
469,2,210,474,8,5,1,1,1
469,3,222,498,7,6,1,1,1
470,1,255,472,7,5,1,1,1
470,2,210,474,8,5,1,1,1
470,3,222,498,7,6,1,1,1
471,1,254,471,8,6,1,1,1
471,2,208,474,8,6,1,1,1
471,3,224,499,6,5,1,1,1
472,1,254,471,8,6,1,1,1
472,2,208,474,8,6,1,1,1
472,3,224,499,6,5,1,1,1
473,1,254,470,7,6,1,1,1
473,2,207,475,8,6,1,1,1
473,3,225,499,7,5,1,1,1
474,1,254,470,7,6,1,1,1
474,2,207,475,8,6,1,1,1
474,3,225,499,7,5,1,1,1
475,1,254,469,7,6,1,1,1
475,2,206,476,8,6,1,1,1
475,3,226,499,8,6,1,1,1
476,1,254,469,7,6,1,1,1
476,2,206,476,8,6,1,1,1
476,3,226,499,8,6,1,1,1
477,1,254,468,7,6,1,1,1
477,2,205,477,7,6,1,1,1
477,3,228,499,6,5,1,1,1
478,1,254,468,7,6,1,1,1
478,2,205,477,7,6,1,1,1
478,3,228,499,6,5,1,1,1
479,1,253,468,7,5,1,1,1
479,2,203,478,8,7,1,1,1
479,3,229,499,7,6,1,1,1
480,1,253,468,7,5,1,1,1
480,2,203,478,8,7,1,1,1
480,3,229,499,7,6,1,1,1
481,1,252,467,8,6,1,1,1
481,2,202,480,8,6,1,1,1
481,3,231,499,6,5,1,1,1
482,1,252,467,8,6,1,1,1
482,2,202,480,8,6,1,1,1
482,3,231,499,6,5,1,1,1
483,1,252,466,7,6,1,1,1
483,2,201,481,8,6,1,1,1
483,3,232,499,6,5,1,1,1
484,1,252,466,7,6,1,1,1
484,2,201,481,8,6,1,1,1
484,3,232,499,6,5,1,1,1
485,1,251,466,7,6,1,1,1
485,2,200,482,8,6,1,1,1
485,3,233,499,7,5,1,1,1
485,9,222,508,7,3,1,1,1
486,1,251,466,7,6,1,1,1
486,2,200,482,8,6,1,1,1
486,3,233,499,7,5,1,1,1
486,9,222,508,7,3,1,1,1
487,1,251,465,7,7,1,1,1
487,2,200,483,7,6,1,1,1
487,3,235,498,6,5,1,1,1
487,9,222,508,7,3,1,1,1
488,1,251,465,7,7,1,1,1
488,2,200,483,7,6,1,1,1
488,3,235,498,6,5,1,1,1
488,9,222,508,7,3,1,1,1
489,1,249,465,8,6,1,1,1
489,2,199,484,7,6,1,1,1
489,3,236,498,6,5,1,1,1
489,7,223,507,6,4,1,1,1
489,9,223,508,6,3,1,1,1
490,1,249,465,8,6,1,1,1
490,2,199,484,7,6,1,1,1
490,3,236,498,6,5,1,1,1
490,7,223,507,6,4,1,1,1
490,9,223,508,6,3,1,1,1
491,1,248,465,8,6,1,1,1
491,2,198,485,8,7,1,1,1
491,3,237,497,7,6,1,1,1
491,7,223,507,7,4,1,1,1
492,1,248,465,8,6,1,1,1
492,2,198,485,8,7,1,1,1
492,3,237,497,7,6,1,1,1
492,7,223,507,7,4,1,1,1
493,1,247,465,7,6,1,1,1
493,2,198,487,7,6,1,1,1
493,3,238,497,7,6,1,1,1
493,7,223,506,7,5,1,1,1
494,1,247,465,7,6,1,1,1
494,2,198,487,7,6,1,1,1
494,3,238,497,7,6,1,1,1
494,7,223,506,7,5,1,1,1
495,1,246,465,7,6,1,1,1
495,2,198,488,7,6,1,1,1
495,3,240,497,6,5,1,1,1
495,7,224,506,7,5,1,1,1
496,1,246,465,7,6,1,1,1
496,2,198,488,7,6,1,1,1
496,3,240,497,6,5,1,1,1
496,7,224,506,7,5,1,1,1
497,1,244,465,8,6,1,1,1
497,2,197,489,7,6,1,1,1
497,3,240,496,8,6,1,1,1
497,7,224,505,7,6,1,1,1
498,1,244,465,8,6,1,1,1
498,2,197,489,7,6,1,1,1
498,3,240,496,8,6,1,1,1
498,7,224,505,7,6,1,1,1
499,1,243,464,7,7,1,1,1
499,2,197,491,7,6,1,1,1
499,3,242,496,6,5,1,1,1
499,7,224,505,8,6,1,1,1
500,1,243,464,7,7,1,1,1
500,2,197,491,7,6,1,1,1
500,3,242,496,6,5,1,1,1
500,7,224,505,8,6,1,1,1
501,1,241,464,8,6,1,1,1
501,2,198,492,6,6,1,1,1
501,3,243,495,7,6,1,1,1
501,7,225,504,7,6,1,1,1
502,1,241,464,8,6,1,1,1
502,2,198,492,6,6,1,1,1
502,3,243,495,7,6,1,1,1
502,7,225,504,7,6,1,1,1
503,1,240,464,7,6,1,1,1
503,2,198,494,7,5,1,1,1
503,3,244,495,7,5,1,1,1
503,7,225,504,8,6,1,1,1
504,1,240,464,7,6,1,1,1
504,2,198,494,7,5,1,1,1
504,3,244,495,7,5,1,1,1
504,7,225,504,8,6,1,1,1
505,1,238,464,7,6,1,1,1
505,2,198,495,7,5,1,1,1
505,3,245,494,7,5,1,1,1
505,7,225,504,8,5,1,1,1
506,1,238,464,7,6,1,1,1
506,2,198,495,7,5,1,1,1
506,3,245,494,7,5,1,1,1
506,7,225,504,8,5,1,1,1
507,1,237,465,6,5,1,1,1
507,2,198,496,7,6,1,1,1
507,3,246,493,7,6,1,1,1
507,7,225,503,8,6,1,1,1
508,1,237,465,6,5,1,1,1
508,2,198,496,7,6,1,1,1
508,3,246,493,7,6,1,1,1
508,7,225,503,8,6,1,1,1
509,1,235,465,7,6,1,1,1
509,2,198,497,7,6,1,1,1
509,3,247,492,7,6,1,1,1
509,7,225,503,8,6,1,1,1
510,1,235,465,7,6,1,1,1
510,2,198,497,7,6,1,1,1
510,3,247,492,7,6,1,1,1
510,7,225,503,8,6,1,1,1
511,1,233,465,7,6,1,1,1
511,2,199,498,6,5,1,1,1
511,3,248,491,7,6,1,1,1
511,7,225,503,8,6,1,1,1
512,1,233,465,7,6,1,1,1
512,2,199,498,6,5,1,1,1
512,3,248,491,7,6,1,1,1
512,7,225,503,8,6,1,1,1
513,1,231,465,7,6,1,1,1
513,2,200,499,6,5,1,1,1
513,3,249,491,6,5,1,1,1
513,7,225,503,8,6,1,1,1
514,1,231,465,7,6,1,1,1
514,2,200,499,6,5,1,1,1
514,3,249,491,6,5,1,1,1
514,7,225,503,8,6,1,1,1
515,1,230,466,6,5,1,1,1
515,2,200,500,7,5,1,1,1
515,3,250,490,6,5,1,1,1
515,7,226,504,6,5,1,1,1
516,1,230,466,6,5,1,1,1
516,2,200,500,7,5,1,1,1
516,3,250,490,6,5,1,1,1
516,7,226,504,6,5,1,1,1
517,1,228,466,7,6,1,1,1
517,2,201,501,7,5,1,1,1
517,3,251,489,6,5,1,1,1
517,7,226,504,6,5,1,1,1
518,1,228,466,7,6,1,1,1
518,2,201,501,7,5,1,1,1
518,3,251,489,6,5,1,1,1
518,7,226,504,6,5,1,1,1
519,1,226,467,6,5,1,1,1
519,2,202,502,7,5,1,1,1
519,3,250,488,7,5,1,1,1
519,7,226,504,6,5,1,1,1
520,1,226,467,6,5,1,1,1
520,2,202,502,7,5,1,1,1
520,3,250,488,7,5,1,1,1
520,7,226,504,6,5,1,1,1
521,1,224,467,7,6,1,1,1
521,2,203,502,7,6,1,1,1
521,3,251,487,7,5,1,1,1
521,7,225,504,8,6,1,1,1
522,1,224,467,7,6,1,1,1
522,2,203,502,7,6,1,1,1
522,3,251,487,7,5,1,1,1
522,7,225,504,8,6,1,1,1
523,1,222,468,7,6,1,1,1
523,2,205,503,6,5,1,1,1
523,3,252,486,6,5,1,1,1
523,7,225,505,7,5,1,1,1
524,1,222,468,7,6,1,1,1
524,2,205,503,6,5,1,1,1
524,3,252,486,6,5,1,1,1
524,7,225,505,7,5,1,1,1
525,1,220,469,6,5,1,1,1
525,2,206,503,7,6,1,1,1
525,3,252,486,6,5,1,1,1
525,7,225,505,6,5,1,1,1
526,1,220,469,6,5,1,1,1
526,2,206,503,7,6,1,1,1
526,3,252,486,6,5,1,1,1
526,7,225,505,6,5,1,1,1
527,1,218,470,6,5,1,1,1
527,2,207,504,7,5,1,1,1
527,3,252,484,7,6,1,1,1
527,7,224,506,7,5,1,1,1
528,1,218,470,6,5,1,1,1
528,2,207,504,7,5,1,1,1
528,3,252,484,7,6,1,1,1
528,7,224,506,7,5,1,1,1
529,1,217,471,6,5,1,1,1
529,2,208,504,7,6,1,1,1
529,3,252,483,7,6,1,1,1
529,7,224,506,7,5,1,1,1
530,1,217,471,6,5,1,1,1
530,2,208,504,7,6,1,1,1
530,3,252,483,7,6,1,1,1
530,7,224,506,7,5,1,1,1
531,1,215,472,7,5,1,1,1
531,2,209,505,7,5,1,1,1
531,3,252,482,7,6,1,1,1
531,7,223,506,7,5,1,1,1
532,1,215,472,7,5,1,1,1
532,2,209,505,7,5,1,1,1
532,3,252,482,7,6,1,1,1
532,7,223,506,7,5,1,1,1
533,1,213,472,7,6,1,1,1
533,2,211,506,6,5,1,1,1
533,3,253,482,6,5,1,1,1
533,7,223,506,6,5,1,1,1
534,1,213,472,7,6,1,1,1
534,2,211,506,6,5,1,1,1
534,3,253,482,6,5,1,1,1
534,7,223,506,6,5,1,1,1
535,1,211,473,7,6,1,1,1
535,2,212,506,6,5,1,1,1
535,3,252,481,7,5,1,1,1
535,7,222,507,7,4,1,1,1
535,9,222,508,6,3,1,1,1
536,1,211,473,7,6,1,1,1
536,2,212,506,6,5,1,1,1
536,3,252,481,7,5,1,1,1
536,7,222,507,7,4,1,1,1
536,9,222,508,6,3,1,1,1
537,1,210,475,6,5,1,1,1
537,2,213,506,6,5,1,1,1
537,3,252,480,7,6,1,1,1
537,9,221,508,7,3,1,1,1
538,1,210,475,6,5,1,1,1
538,2,213,506,6,5,1,1,1
538,3,252,480,7,6,1,1,1
538,9,221,508,7,3,1,1,1
539,1,209,476,6,5,1,1,1
539,2,214,507,6,4,1,1,1
539,3,252,479,7,6,1,1,1
539,9,221,507,6,4,1,1,1
539,10,314,484,7,5,1,1,1
540,1,209,476,6,5,1,1,1
540,2,214,507,6,4,1,1,1
540,3,252,479,7,6,1,1,1
540,9,221,507,6,4,1,1,1
540,10,314,484,7,5,1,1,1
541,1,207,477,7,5,1,1,1
541,2,216,507,5,4,1,1,1
541,3,252,478,6,6,1,1,1
541,10,314,484,7,5,1,1,1
541,11,161,69,5,4,1,1,1
542,1,207,477,7,5,1,1,1
542,2,216,507,5,4,1,1,1
542,3,252,478,6,6,1,1,1
542,10,314,484,7,5,1,1,1
542,11,161,69,5,4,1,1,1
543,1,206,478,6,5,1,1,1
543,2,217,508,5,3,1,1,1
543,3,252,478,7,5,1,1,1
543,11,161,69,5,4,1,1,1
544,1,206,478,6,5,1,1,1
544,2,217,508,5,3,1,1,1
544,3,252,478,7,5,1,1,1
544,11,161,69,5,4,1,1,1
545,1,205,479,6,5,1,1,1
545,3,251,477,7,6,1,1,1
545,11,161,69,5,4,1,1,1
546,1,205,479,6,5,1,1,1
546,3,251,477,7,6,1,1,1
546,11,161,69,5,4,1,1,1
547,1,204,480,6,5,1,1,1
547,3,251,476,7,6,1,1,1
547,11,161,69,5,4,1,1,1
548,1,204,480,6,5,1,1,1
548,3,251,476,7,6,1,1,1
548,11,161,69,5,4,1,1,1
549,1,203,481,6,5,1,1,1
549,3,250,475,7,6,1,1,1
550,1,203,481,6,5,1,1,1
550,3,250,475,7,6,1,1,1
551,1,202,482,6,5,1,1,1
551,3,249,474,7,6,1,1,1
552,1,202,482,6,5,1,1,1
552,3,249,474,7,6,1,1,1
553,1,201,483,6,5,1,1,1
553,3,248,474,7,6,1,1,1
554,1,201,483,6,5,1,1,1
554,3,248,474,7,6,1,1,1
555,1,200,484,7,6,1,1,1
555,3,247,473,7,6,1,1,1
555,7,224,507,6,4,1,1,1
556,1,200,484,7,6,1,1,1
556,3,247,473,7,6,1,1,1
556,7,224,507,6,4,1,1,1
557,1,199,485,7,6,1,1,1
557,3,246,473,7,5,1,1,1
557,7,224,506,7,5,1,1,1
558,1,199,485,7,6,1,1,1
558,3,246,473,7,5,1,1,1
558,7,224,506,7,5,1,1,1
559,1,198,486,8,6,1,1,1
559,3,245,472,7,6,1,1,1
559,7,225,506,7,5,1,1,1
560,1,198,486,8,6,1,1,1
560,3,245,472,7,6,1,1,1
560,7,225,506,7,5,1,1,1
561,1,198,487,7,6,1,1,1
561,3,244,472,7,5,1,1,1
561,7,225,505,8,6,1,1,1
562,1,198,487,7,6,1,1,1
562,3,244,472,7,5,1,1,1
562,7,225,505,8,6,1,1,1
563,1,198,489,7,5,1,1,1
563,3,243,471,7,6,1,1,1
563,7,226,505,7,6,1,1,1
564,1,198,489,7,5,1,1,1
564,3,243,471,7,6,1,1,1
564,7,226,505,7,6,1,1,1
565,1,198,490,6,6,1,1,1
565,3,242,471,7,6,1,1,1
565,7,227,504,6,5,1,1,1
566,1,198,490,6,6,1,1,1
566,3,242,471,7,6,1,1,1
566,7,227,504,6,5,1,1,1
567,1,198,491,7,6,1,1,1
567,3,241,470,7,6,1,1,1
567,7,227,504,6,5,1,1,1
568,1,198,491,7,6,1,1,1
568,3,241,470,7,6,1,1,1
568,7,227,504,6,5,1,1,1
569,1,198,493,7,5,1,1,1
569,3,240,470,7,5,1,1,1
569,7,227,503,7,5,1,1,1
570,1,198,493,7,5,1,1,1
570,3,240,470,7,5,1,1,1
570,7,227,503,7,5,1,1,1
571,1,198,494,7,6,1,1,1
571,3,239,469,7,6,1,1,1
571,7,227,502,8,6,1,1,1
572,1,198,494,7,6,1,1,1
572,3,239,469,7,6,1,1,1
572,7,227,502,8,6,1,1,1
573,1,198,495,7,6,1,1,1
573,3,237,469,8,6,1,1,1
573,7,227,502,8,6,1,1,1
574,1,198,495,7,6,1,1,1
574,3,237,469,8,6,1,1,1
574,7,227,502,8,6,1,1,1
575,1,198,497,7,5,1,1,1
575,3,236,469,8,6,1,1,1
575,7,228,501,7,6,1,1,1
576,1,198,497,7,5,1,1,1
576,3,236,469,8,6,1,1,1
576,7,228,501,7,6,1,1,1
577,1,198,498,7,5,1,1,1
577,3,235,468,8,6,1,1,1
577,7,228,500,8,6,1,1,1
578,1,198,498,7,5,1,1,1
578,3,235,468,8,6,1,1,1
578,7,228,500,8,6,1,1,1
579,1,198,499,7,5,1,1,1
579,3,234,468,8,6,1,1,1
579,7,228,499,8,6,1,1,1
579,14,238,507,7,4,1,1,1
580,1,198,499,7,5,1,1,1
580,3,234,468,8,6,1,1,1
580,7,228,499,8,6,1,1,1
580,14,238,507,7,4,1,1,1
581,1,198,500,7,5,1,1,1
581,3,233,468,8,6,1,1,1
581,7,229,499,7,6,1,1,1
581,14,239,506,7,5,1,1,1
582,1,198,500,7,5,1,1,1
582,3,233,468,8,6,1,1,1
582,7,229,499,7,6,1,1,1
582,14,239,506,7,5,1,1,1
583,1,198,501,8,5,1,1,1
583,3,232,468,7,6,1,1,1
583,7,229,499,7,5,1,1,1
583,14,240,506,7,5,1,1,1
584,1,198,501,8,5,1,1,1
584,3,232,468,7,6,1,1,1
584,7,229,499,7,5,1,1,1
584,14,240,506,7,5,1,1,1
585,1,199,502,7,6,1,1,1
585,3,231,468,8,6,1,1,1
585,7,229,498,7,6,1,1,1
585,14,241,506,8,5,1,1,1
586,1,199,502,7,6,1,1,1
586,3,231,468,8,6,1,1,1
586,7,229,498,7,6,1,1,1
586,14,241,506,8,5,1,1,1
587,1,199,503,7,6,1,1,1
587,3,230,468,7,6,1,1,1
587,7,229,498,7,6,1,1,1
587,14,242,505,7,6,1,1,1
588,1,199,503,7,6,1,1,1
588,3,230,468,7,6,1,1,1
588,7,229,498,7,6,1,1,1
588,14,242,505,7,6,1,1,1
589,1,200,504,6,6,1,1,1
589,3,229,468,7,6,1,1,1
589,7,228,498,8,6,1,1,1
589,14,242,505,8,6,1,1,1
590,1,200,504,6,6,1,1,1
590,3,229,468,7,6,1,1,1
590,7,228,498,8,6,1,1,1
590,14,242,505,8,6,1,1,1
591,1,200,505,7,6,1,1,1
591,3,228,468,7,6,1,1,1
591,7,228,498,8,6,1,1,1
591,14,243,505,8,5,1,1,1
592,1,200,505,7,6,1,1,1
592,3,228,468,7,6,1,1,1
592,7,228,498,8,6,1,1,1
592,14,243,505,8,5,1,1,1
593,1,201,506,6,5,1,1,1
593,3,227,469,6,5,1,1,1
593,7,228,498,8,6,1,1,1
593,14,244,504,8,6,1,1,1
594,1,201,506,6,5,1,1,1
594,3,227,469,6,5,1,1,1
594,7,228,498,8,6,1,1,1
594,14,244,504,8,6,1,1,1
595,1,201,507,6,4,1,1,1
595,3,225,469,7,6,1,1,1
595,7,228,497,8,7,1,1,1
595,14,245,504,8,6,1,1,1
596,1,201,507,6,4,1,1,1
596,3,225,469,7,6,1,1,1
596,7,228,497,8,7,1,1,1
596,14,245,504,8,6,1,1,1
597,1,201,508,6,3,1,1,1
597,3,224,469,7,6,1,1,1
597,7,228,497,8,7,1,1,1
597,14,245,503,8,6,1,1,1
598,1,201,508,6,3,1,1,1
598,3,224,469,7,6,1,1,1
598,7,228,497,8,7,1,1,1
598,14,245,503,8,6,1,1,1
599,3,223,469,7,6,1,1,1
599,7,228,497,8,6,1,1,1
599,14,246,503,8,6,1,1,1
600,3,223,469,7,6,1,1,1
600,7,228,497,8,6,1,1,1
600,14,246,503,8,6,1,1,1
601,3,222,470,6,5,1,1,1
601,7,228,497,8,6,1,1,1
601,14,247,502,8,6,1,1,1
602,3,222,470,6,5,1,1,1
602,7,228,497,8,6,1,1,1
602,14,247,502,8,6,1,1,1
603,3,220,470,8,6,1,1,1
603,7,228,497,7,6,1,1,1
603,14,248,502,7,5,1,1,1
604,3,220,470,8,6,1,1,1
604,7,228,497,7,6,1,1,1
604,14,248,502,7,5,1,1,1
605,3,219,470,8,6,1,1,1
605,7,227,497,7,6,1,1,1
605,14,249,501,7,6,1,1,1
606,3,219,470,8,6,1,1,1
606,7,227,497,7,6,1,1,1
606,14,249,501,7,6,1,1,1
607,3,218,471,8,5,1,1,1
607,7,227,497,7,6,1,1,1
607,14,249,501,7,5,1,1,1
608,3,218,471,8,5,1,1,1
608,7,227,497,7,6,1,1,1
608,14,249,501,7,5,1,1,1
609,3,218,471,6,6,1,1,1
609,7,226,497,7,6,1,1,1
609,14,250,500,8,5,1,1,1
610,3,218,471,6,6,1,1,1
610,7,226,497,7,6,1,1,1
610,14,250,500,8,5,1,1,1
611,3,216,471,8,6,1,1,1
611,7,225,497,7,6,1,1,1
611,14,251,499,7,6,1,1,1
612,3,216,471,8,6,1,1,1
612,7,225,497,7,6,1,1,1
612,14,251,499,7,6,1,1,1
613,3,215,472,8,5,1,1,1
613,7,225,498,6,5,1,1,1
613,14,252,499,6,5,1,1,1
614,3,215,472,8,5,1,1,1
614,7,225,498,6,5,1,1,1
614,14,252,499,6,5,1,1,1
615,3,215,472,7,6,1,1,1
615,7,224,498,6,5,1,1,1
615,14,252,498,8,5,1,1,1
616,3,215,472,7,6,1,1,1
616,7,224,498,6,5,1,1,1
616,14,252,498,8,5,1,1,1
617,3,214,472,8,6,1,1,1
617,7,223,498,6,5,1,1,1
617,14,252,497,8,6,1,1,1
618,3,214,472,8,6,1,1,1
618,7,223,498,6,5,1,1,1
618,14,252,497,8,6,1,1,1
619,3,213,473,8,6,1,1,1
619,7,222,498,7,6,1,1,1
619,14,253,497,8,6,1,1,1
620,3,213,473,8,6,1,1,1
620,7,222,498,7,6,1,1,1
620,14,253,497,8,6,1,1,1
621,3,213,474,6,6,1,1,1
621,7,221,499,7,5,1,1,1
621,14,253,496,8,6,1,1,1
622,3,213,474,6,6,1,1,1
622,7,221,499,7,5,1,1,1
622,14,253,496,8,6,1,1,1
623,3,212,474,7,6,1,1,1
623,7,220,499,7,5,1,1,1
623,14,254,496,7,6,1,1,1
624,3,212,474,7,6,1,1,1
624,7,220,499,7,5,1,1,1
624,14,254,496,7,6,1,1,1
625,3,211,475,8,6,1,1,1
625,7,219,499,7,6,1,1,1
625,14,255,496,6,5,1,1,1
626,3,211,475,8,6,1,1,1
626,7,219,499,7,6,1,1,1
626,14,255,496,6,5,1,1,1
627,3,211,476,7,6,1,1,1
627,7,219,500,6,5,1,1,1
627,14,255,495,7,5,1,1,1
628,3,211,476,7,6,1,1,1
628,7,219,500,6,5,1,1,1
628,14,255,495,7,5,1,1,1
629,3,210,477,7,5,1,1,1
629,7,218,500,7,6,1,1,1
629,14,255,494,7,6,1,1,1
630,3,210,477,7,5,1,1,1
630,7,218,500,7,6,1,1,1
630,14,255,494,7,6,1,1,1
631,3,210,477,7,6,1,1,1
631,7,217,501,8,5,1,1,1
631,14,255,493,7,6,1,1,1
632,3,210,477,7,6,1,1,1
632,7,217,501,8,5,1,1,1
632,14,255,493,7,6,1,1,1
633,3,210,478,7,6,1,1,1
633,7,216,501,8,6,1,1,1
633,14,255,493,8,6,1,1,1
634,3,210,478,7,6,1,1,1
634,7,216,501,8,6,1,1,1
634,14,255,493,8,6,1,1,1
635,3,209,479,7,6,1,1,1
635,7,216,501,7,6,1,1,1
635,14,255,492,7,6,1,1,1
636,3,209,479,7,6,1,1,1
636,7,216,501,7,6,1,1,1
636,14,255,492,7,6,1,1,1
637,3,209,480,7,5,1,1,1
637,7,215,501,7,6,1,1,1
637,14,255,492,7,6,1,1,1
638,3,209,480,7,5,1,1,1
638,7,215,501,7,6,1,1,1
638,14,255,492,7,6,1,1,1
639,3,208,481,7,5,1,1,1
639,7,215,502,6,6,1,1,1
639,14,255,491,7,6,1,1,1
640,3,208,481,7,5,1,1,1
640,7,215,502,6,6,1,1,1
640,14,255,491,7,6,1,1,1
641,3,208,481,7,6,1,1,1
641,7,214,502,7,6,1,1,1
641,14,255,491,6,5,1,1,1
642,3,208,481,7,6,1,1,1
642,7,214,502,7,6,1,1,1
642,14,255,491,6,5,1,1,1
643,3,208,482,7,6,1,1,1
643,7,213,503,7,6,1,1,1
643,14,254,491,6,5,1,1,1
644,3,208,482,7,6,1,1,1
644,7,213,503,7,6,1,1,1
644,14,254,491,6,5,1,1,1
645,3,208,483,7,5,1,1,1
645,7,212,503,7,6,1,1,1
645,14,253,490,7,6,1,1,1
646,3,208,483,7,5,1,1,1
646,7,212,503,7,6,1,1,1
646,14,253,490,7,6,1,1,1
647,3,208,484,7,5,1,1,1
647,7,212,504,6,5,1,1,1
647,14,253,490,7,5,1,1,1
648,3,208,484,7,5,1,1,1
648,7,212,504,6,5,1,1,1
648,14,253,490,7,5,1,1,1
649,3,207,485,8,5,1,1,1
649,7,211,504,6,6,1,1,1
649,14,252,489,8,6,1,1,1
650,3,207,485,8,5,1,1,1
650,7,211,504,6,6,1,1,1
650,14,252,489,8,6,1,1,1
651,3,207,485,8,6,1,1,1
651,7,210,505,7,5,1,1,1
651,14,252,489,7,6,1,1,1
652,3,207,485,8,6,1,1,1
652,7,210,505,7,5,1,1,1
652,14,252,489,7,6,1,1,1
653,3,206,486,8,6,1,1,1
653,7,210,505,6,6,1,1,1
653,14,252,488,7,6,1,1,1
654,3,206,486,8,6,1,1,1
654,7,210,505,6,6,1,1,1
654,14,252,488,7,6,1,1,1
655,3,206,487,8,6,1,1,1
655,7,209,506,6,5,1,1,1
655,14,251,488,8,6,1,1,1
656,3,206,487,8,6,1,1,1
656,7,209,506,6,5,1,1,1
656,14,251,488,8,6,1,1,1
657,3,206,488,7,6,1,1,1
657,7,208,506,7,5,1,1,1
657,9,222,507,7,4,1,1,1
657,14,251,488,7,6,1,1,1
658,3,206,488,7,6,1,1,1
658,7,208,506,7,5,1,1,1
658,9,222,507,7,4,1,1,1
658,14,251,488,7,6,1,1,1
659,3,206,489,6,6,1,1,1
659,7,207,507,7,4,1,1,1
659,9,222,507,7,4,1,1,1
659,14,251,488,6,5,1,1,1
660,3,206,489,6,6,1,1,1
660,7,207,507,7,4,1,1,1
660,9,222,507,7,4,1,1,1
660,14,251,488,6,5,1,1,1
661,3,205,490,8,6,1,1,1
661,7,208,507,5,4,1,1,1
661,9,223,507,7,4,1,1,1
661,14,251,487,6,5,1,1,1
662,3,205,490,8,6,1,1,1
662,7,208,507,5,4,1,1,1
662,9,223,507,7,4,1,1,1
662,14,251,487,6,5,1,1,1
663,3,205,490,7,6,1,1,1
663,7,207,508,5,3,1,1,1
663,9,223,506,7,5,1,1,1
663,14,250,487,7,5,1,1,1
664,3,205,490,7,6,1,1,1
664,7,207,508,5,3,1,1,1
664,9,223,506,7,5,1,1,1
664,14,250,487,7,5,1,1,1
665,3,205,492,6,5,1,1,1
665,9,223,506,8,5,1,1,1
665,14,250,486,6,5,1,1,1
666,3,205,492,6,5,1,1,1
666,9,223,506,8,5,1,1,1
666,14,250,486,6,5,1,1,1
667,3,204,493,7,6,1,1,1
667,9,223,505,8,5,1,1,1
667,14,250,486,6,5,1,1,1
668,3,204,493,7,6,1,1,1
668,9,223,505,8,5,1,1,1
668,14,250,486,6,5,1,1,1
669,3,203,494,8,6,1,1,1
669,9,224,504,8,6,1,1,1
669,14,249,486,7,5,1,1,1
670,3,203,494,8,6,1,1,1
670,9,224,504,8,6,1,1,1
670,14,249,486,7,5,1,1,1
671,3,203,495,8,6,1,1,1
671,9,224,504,8,6,1,1,1
671,14,249,485,7,6,1,1,1
672,3,203,495,8,6,1,1,1
672,9,224,504,8,6,1,1,1
672,14,249,485,7,6,1,1,1
673,3,203,495,7,6,1,1,1
673,9,225,503,7,6,1,1,1
673,14,248,485,8,6,1,1,1
674,3,203,495,7,6,1,1,1
674,9,225,503,7,6,1,1,1
674,14,248,485,8,6,1,1,1
675,3,203,496,7,6,1,1,1
675,9,225,503,8,6,1,1,1
675,14,248,485,7,6,1,1,1
676,3,203,496,7,6,1,1,1
676,9,225,503,8,6,1,1,1
676,14,248,485,7,6,1,1,1
677,3,203,497,7,5,1,1,1
677,9,226,502,7,6,1,1,1
677,14,247,485,8,5,1,1,1
678,3,203,497,7,5,1,1,1
678,9,226,502,7,6,1,1,1
678,14,247,485,8,5,1,1,1
679,3,202,498,8,5,1,1,1
679,9,226,502,6,5,1,1,1
679,14,247,484,8,6,1,1,1
680,3,202,498,8,5,1,1,1
680,9,226,502,6,5,1,1,1
680,14,247,484,8,6,1,1,1
681,3,203,498,7,6,1,1,1
681,9,225,502,8,5,1,1,1
681,14,247,484,7,6,1,1,1
682,3,203,498,7,6,1,1,1
682,9,225,502,8,5,1,1,1
682,14,247,484,7,6,1,1,1
683,3,203,499,7,6,1,1,1
683,9,226,501,7,6,1,1,1
683,14,246,484,8,6,1,1,1
684,3,203,499,7,6,1,1,1
684,9,226,501,7,6,1,1,1
684,14,246,484,8,6,1,1,1
685,3,203,500,7,5,1,1,1
685,9,227,501,6,5,1,1,1
685,14,247,484,6,6,1,1,1
686,3,203,500,7,5,1,1,1
686,9,227,501,6,5,1,1,1
686,14,247,484,6,6,1,1,1
687,3,203,500,8,6,1,1,1
687,9,227,501,7,5,1,1,1
687,14,246,484,6,5,1,1,1
688,3,203,500,8,6,1,1,1
688,9,227,501,7,5,1,1,1
688,14,246,484,6,5,1,1,1
689,3,203,501,8,6,1,1,1
689,9,227,500,8,6,1,1,1
689,14,245,484,8,5,1,1,1
690,3,203,501,8,6,1,1,1
690,9,227,500,8,6,1,1,1
690,14,245,484,8,5,1,1,1
691,3,204,502,8,6,1,1,1
691,9,228,500,7,6,1,1,1
691,14,245,483,7,6,1,1,1
692,3,204,502,8,6,1,1,1
692,9,228,500,7,6,1,1,1
692,14,245,483,7,6,1,1,1
693,3,204,503,7,6,1,1,1
693,9,227,500,8,5,1,1,1
693,14,244,483,8,6,1,1,1
694,3,204,503,7,6,1,1,1
694,9,227,500,8,5,1,1,1
694,14,244,483,8,6,1,1,1
695,3,205,504,7,6,1,1,1
695,9,228,499,8,6,1,1,1
695,14,244,483,8,6,1,1,1
696,3,205,504,7,6,1,1,1
696,9,228,499,8,6,1,1,1
696,14,244,483,8,6,1,1,1
697,3,205,504,8,6,1,1,1
697,9,229,499,6,6,1,1,1
697,14,244,483,7,6,1,1,1
698,3,205,504,8,6,1,1,1
698,9,229,499,6,6,1,1,1
698,14,244,483,7,6,1,1,1
699,3,206,505,7,6,1,1,1
699,9,229,499,6,5,1,1,1
699,14,244,483,6,6,1,1,1
700,3,206,505,7,6,1,1,1
700,9,229,499,6,5,1,1,1
700,14,244,483,6,6,1,1,1
701,3,206,506,8,5,1,1,1
701,9,228,499,8,5,1,1,1
701,14,243,483,7,5,1,1,1
702,3,206,506,8,5,1,1,1
702,9,228,499,8,5,1,1,1
702,14,243,483,7,5,1,1,1
703,3,207,506,6,5,1,1,1
703,9,228,498,8,6,1,1,1
703,14,243,483,6,5,1,1,1
704,3,207,506,6,5,1,1,1
704,9,228,498,8,6,1,1,1
704,14,243,483,6,5,1,1,1
705,3,207,507,7,4,1,1,1
705,9,228,498,8,6,1,1,1
705,14,242,483,7,5,1,1,1
706,3,207,507,7,4,1,1,1
706,9,228,498,8,6,1,1,1
706,14,242,483,7,5,1,1,1
707,3,208,507,6,4,1,1,1
707,9,229,498,7,6,1,1,1
707,14,242,483,6,5,1,1,1
708,3,208,507,6,4,1,1,1
708,9,229,498,7,6,1,1,1
708,14,242,483,6,5,1,1,1
709,3,208,508,6,3,1,1,1
709,9,229,498,6,5,1,1,1
709,14,241,483,7,5,1,1,1
710,3,208,508,6,3,1,1,1
710,9,229,498,6,5,1,1,1
710,14,241,483,7,5,1,1,1
711,9,228,498,8,5,1,1,1
711,14,241,483,6,5,1,1,1
712,9,228,498,8,5,1,1,1
712,14,241,483,6,5,1,1,1
713,9,228,497,8,6,1,1,1
713,14,240,483,7,5,1,1,1
714,9,228,497,8,6,1,1,1
714,14,240,483,7,5,1,1,1
715,9,228,497,8,6,1,1,1
715,14,239,483,8,5,1,1,1
716,9,228,497,8,6,1,1,1
716,14,239,483,8,5,1,1,1
717,9,228,497,8,6,1,1,1
717,14,239,482,7,6,1,1,1
718,9,228,497,8,6,1,1,1
718,14,239,482,7,6,1,1,1
719,9,228,497,8,6,1,1,1
719,14,238,482,8,6,1,1,1
720,9,228,497,8,6,1,1,1
720,14,238,482,8,6,1,1,1
721,9,229,497,6,6,1,1,1
721,14,238,482,7,6,1,1,1
722,9,229,497,6,6,1,1,1
722,14,238,482,7,6,1,1,1
723,9,229,497,6,6,1,1,1
723,14,238,482,7,6,1,1,1
724,9,229,497,6,6,1,1,1
724,14,238,482,7,6,1,1,1
725,9,229,497,6,5,1,1,1
725,14,238,482,6,5,1,1,1
726,9,229,497,6,5,1,1,1
726,14,238,482,6,5,1,1,1
727,9,229,497,6,5,1,1,1
727,14,238,482,6,5,1,1,1
728,9,229,497,6,5,1,1,1
728,14,238,482,6,5,1,1,1
729,9,229,497,6,5,1,1,1
729,14,237,482,7,6,1,1,1
730,9,229,497,6,5,1,1,1
730,14,237,482,7,6,1,1,1
731,9,229,497,6,5,1,1,1
731,14,236,482,8,6,1,1,1
732,9,229,497,6,5,1,1,1
732,14,236,482,8,6,1,1,1
733,9,229,497,7,5,1,1,1
733,14,236,482,7,6,1,1,1
734,9,229,497,7,5,1,1,1
734,14,236,482,7,6,1,1,1
735,9,229,497,8,5,1,1,1
735,14,236,483,6,5,1,1,1
736,9,229,497,8,5,1,1,1
736,14,236,483,6,5,1,1,1
737,9,230,497,7,5,1,1,1
737,14,235,483,7,6,1,1,1
738,9,230,497,7,5,1,1,1
738,14,235,483,7,6,1,1,1
739,9,230,496,8,6,1,1,1
739,14,235,483,6,6,1,1,1
740,9,230,496,8,6,1,1,1
740,14,235,483,6,6,1,1,1
741,9,230,496,8,6,1,1,1
741,14,234,484,7,5,1,1,1
742,9,230,496,8,6,1,1,1
742,14,234,484,7,5,1,1,1
743,9,230,496,8,6,1,1,1
743,14,234,484,6,5,1,1,1
744,9,230,496,8,6,1,1,1
744,14,234,484,6,5,1,1,1
745,9,231,496,7,6,1,1,1
745,14,234,484,6,5,1,1,1
746,9,231,496,7,6,1,1,1
746,14,234,484,6,5,1,1,1
747,9,231,496,8,6,1,1,1
747,14,233,484,7,5,1,1,1
748,9,231,496,8,6,1,1,1
748,14,233,484,7,5,1,1,1
749,9,231,496,8,6,1,1,1
749,14,233,484,7,5,1,1,1
750,9,231,496,8,6,1,1,1
750,14,233,484,7,5,1,1,1
