1,1,171,34,10,6,1,1,1
1,2,147,204,12,7,1,1,1
2,1,171,34,10,6,1,1,1
2,2,147,204,12,7,1,1,1
29,36,151,410,8,6,1,1,1
30,36,151,410,8,6,1,1,1
31,36,152,409,8,6,1,1,1
32,36,152,409,8,6,1,1,1
33,43,157,406,12,7,1,1,1
34,43,157,406,12,7,1,1,1
35,43,162,405,10,6,1,1,1
36,43,162,405,10,6,1,1,1
37,43,165,403,12,7,1,1,1
38,43,165,403,12,7,1,1,1
39,43,169,401,10,6,1,1,1
40,43,169,401,10,6,1,1,1
41,43,173,399,11,7,1,1,1
42,43,173,399,11,7,1,1,1
43,43,176,397,11,7,1,1,1
43,58,236,255,11,6,1,1,1
44,43,176,397,11,7,1,1,1
44,58,236,255,11,6,1,1,1
45,43,180,395,10,7,1,1,1
45,58,237,256,11,6,1,1,1
46,43,180,395,10,7,1,1,1
46,58,237,256,11,6,1,1,1
47,43,184,393,11,7,1,1,1
48,43,184,393,11,7,1,1,1
49,43,188,391,10,6,1,1,1
49,65,247,260,11,6,1,1,1
50,43,188,391,10,6,1,1,1
50,65,247,260,11,6,1,1,1
51,43,192,389,10,6,1,1,1
51,65,248,261,11,6,1,1,1
52,43,192,389,10,6,1,1,1
52,65,248,261,11,6,1,1,1
53,43,196,387,10,6,1,1,1
54,43,196,387,10,6,1,1,1
55,43,200,384,11,7,1,1,1
55,75,259,265,10,6,1,1,1
56,43,200,384,11,7,1,1,1
56,75,259,265,10,6,1,1,1
57,43,205,382,10,6,1,1,1
57,75,263,266,10,6,1,1,1
58,43,205,382,10,6,1,1,1
58,75,263,266,10,6,1,1,1
59,43,209,380,10,6,1,1,1
59,75,267,267,11,7,1,1,1
60,43,209,380,10,6,1,1,1
60,75,267,267,11,7,1,1,1
61,43,214,377,10,6,1,1,1
61,75,270,268,12,7,1,1,1
62,43,214,377,10,6,1,1,1
62,75,270,268,12,7,1,1,1
63,43,218,374,11,7,1,1,1
63,75,274,269,12,7,1,1,1
64,43,218,374,11,7,1,1,1
64,75,274,269,12,7,1,1,1
65,43,223,372,10,6,1,1,1
65,75,278,270,12,8,1,1,1
66,43,223,372,10,6,1,1,1
66,75,278,270,12,8,1,1,1
67,43,227,369,10,6,1,1,1
67,75,282,271,11,8,1,1,1
68,43,227,369,10,6,1,1,1
68,75,282,271,11,8,1,1,1
69,43,233,366,10,6,1,1,1
69,75,287,272,11,7,1,1,1
70,43,233,366,10,6,1,1,1
70,75,287,272,11,7,1,1,1
71,43,237,363,10,6,1,1,1
71,75,291,273,10,7,1,1,1
72,43,237,363,10,6,1,1,1
72,75,291,273,10,7,1,1,1
73,43,242,360,10,6,1,1,1
73,75,294,274,11,7,1,1,1
73,93,218,101,10,6,1,1,1
73,94,515,123,9,6,1,1,1
74,43,242,360,10,6,1,1,1
74,75,294,274,11,7,1,1,1
74,93,218,101,10,6,1,1,1
74,94,515,123,9,6,1,1,1
75,93,218,100,10,6,1,1,1
75,94,515,124,9,6,1,1,1
76,93,218,100,10,6,1,1,1
76,94,515,124,9,6,1,1,1
79,65,265,275,11,6,1,1,1
79,102,214,91,10,6,1,1,1
80,65,265,275,11,6,1,1,1
80,102,214,91,10,6,1,1,1
81,65,267,276,11,6,1,1,1
81,102,214,90,10,6,1,1,1
82,65,267,276,11,6,1,1,1
82,102,214,90,10,6,1,1,1
83,58,252,276,11,6,1,1,1
84,58,252,276,11,6,1,1,1
85,58,253,278,11,6,1,1,1
86,58,253,278,11,6,1,1,1
89,120,209,75,10,6,1,1,1
90,120,209,75,10,6,1,1,1
91,120,209,72,10,6,1,1,1
92,120,209,72,10,6,1,1,1
93,120,208,69,10,6,1,1,1
94,120,208,69,10,6,1,1,1
95,120,207,66,10,6,1,1,1
96,120,207,66,10,6,1,1,1
97,120,207,64,9,6,1,1,1
98,120,207,64,9,6,1,1,1
99,120,206,61,10,6,1,1,1
100,120,206,61,10,6,1,1,1
101,120,206,58,9,6,1,1,1
102,120,206,58,9,6,1,1,1
103,120,206,56,9,5,1,1,1
104,120,206,56,9,5,1,1,1
105,120,205,53,11,6,1,1,1
106,120,205,53,11,6,1,1,1
107,120,204,50,11,7,1,1,1
108,120,204,50,11,7,1,1,1
109,120,204,48,10,6,1,1,1
110,120,204,48,10,6,1,1,1
111,120,204,46,10,6,1,1,1
111,154,159,274,12,7,1,1,1
112,120,204,46,10,6,1,1,1
112,154,159,274,12,7,1,1,1
113,120,204,44,10,6,1,1,1
113,154,158,274,12,7,1,1,1
114,120,204,44,10,6,1,1,1
114,154,158,274,12,7,1,1,1
115,120,204,42,10,6,1,1,1
116,120,204,42,10,6,1,1,1
117,120,204,39,10,6,1,1,1
118,120,204,39,10,6,1,1,1
119,120,205,37,10,6,1,1,1
120,120,205,37,10,6,1,1,1
121,120,205,36,10,6,1,1,1
122,120,205,36,10,6,1,1,1
123,120,206,34,9,6,1,1,1
124,120,206,34,9,6,1,1,1
125,120,206,32,10,6,1,1,1
126,120,206,32,10,6,1,1,1
127,120,207,31,9,5,1,1,1
128,120,207,31,9,5,1,1,1
129,120,208,29,9,5,1,1,1
130,120,208,29,9,5,1,1,1
131,120,208,27,10,6,1,1,1
132,120,208,27,10,6,1,1,1
133,120,208,26,11,6,1,1,1
134,120,208,26,11,6,1,1,1
135,120,209,24,10,6,1,1,1
136,120,209,24,10,6,1,1,1
137,120,210,23,11,6,1,1,1
138,120,210,23,11,6,1,1,1
139,120,211,22,11,6,1,1,1
139,195,74,259,12,7,1,1,1
140,120,211,22,11,6,1,1,1
140,195,74,259,12,7,1,1,1
141,120,212,21,11,6,1,1,1
141,195,73,258,12,7,1,1,1
142,120,212,21,11,6,1,1,1
142,195,73,258,12,7,1,1,1
143,120,214,20,10,6,1,1,1
144,120,214,20,10,6,1,1,1
145,120,215,19,10,6,1,1,1
146,120,215,19,10,6,1,1,1
147,43,405,276,10,6,1,1,1
147,120,216,19,10,6,1,1,1
148,43,405,276,10,6,1,1,1
148,120,216,19,10,6,1,1,1
149,43,410,274,9,6,1,1,1
149,120,217,18,10,6,1,1,1
150,43,410,274,9,6,1,1,1
150,120,217,18,10,6,1,1,1
151,120,218,18,11,6,1,1,1
152,120,218,18,11,6,1,1,1
153,120,219,17,11,6,1,1,1
154,120,219,17,11,6,1,1,1
155,120,221,17,10,6,1,1,1
156,120,221,17,10,6,1,1,1
157,120,224,16,10,6,1,1,1
157,220,31,243,11,6,1,1,1
158,120,224,16,10,6,1,1,1
158,220,31,243,11,6,1,1,1
159,120,225,15,10,6,1,1,1
159,220,31,242,10,6,1,1,1
160,120,225,15,10,6,1,1,1
160,220,31,242,10,6,1,1,1
179,266,339,20,10,6,1,1,1
180,266,339,20,10,6,1,1,1
181,266,341,21,10,6,1,1,1
181,271,157,150,9,6,1,1,1
182,266,341,21,10,6,1,1,1
182,271,157,150,9,6,1,1,1
183,266,342,22,10,6,1,1,1
183,271,157,149,9,6,1,1,1
184,266,342,22,10,6,1,1,1
184,271,157,149,9,6,1,1,1
185,266,344,23,10,6,1,1,1
186,266,344,23,10,6,1,1,1
187,266,346,24,10,6,1,1,1
187,278,79,207,10,6,1,1,1
188,266,346,24,10,6,1,1,1
188,278,79,207,10,6,1,1,1
189,266,347,25,10,6,1,1,1
189,278,75,204,12,7,1,1,1
189,282,156,135,9,6,1,1,1
190,266,347,25,10,6,1,1,1
190,278,75,204,12,7,1,1,1
190,282,156,135,9,6,1,1,1
191,266,349,26,10,6,1,1,1
191,278,72,201,12,7,1,1,1
191,282,156,134,9,6,1,1,1
192,266,349,26,10,6,1,1,1
192,278,72,201,12,7,1,1,1
192,282,156,134,9,6,1,1,1
193,266,351,28,10,6,1,1,1
193,278,69,199,11,6,1,1,1
194,266,351,28,10,6,1,1,1
194,278,69,199,11,6,1,1,1
195,266,352,29,10,6,1,1,1
195,278,66,196,11,6,1,1,1
196,266,352,29,10,6,1,1,1
196,278,66,196,11,6,1,1,1
197,266,354,30,10,6,1,1,1
197,278,63,193,12,6,1,1,1
197,289,158,121,10,6,1,1,1
198,266,354,30,10,6,1,1,1
198,278,63,193,12,6,1,1,1
198,289,158,121,10,6,1,1,1
199,266,355,32,11,6,1,1,1
199,278,60,190,12,7,1,1,1
199,289,158,120,10,6,1,1,1
200,266,355,32,11,6,1,1,1
200,278,60,190,12,7,1,1,1
200,289,158,120,10,6,1,1,1
201,266,357,34,10,6,1,1,1
201,278,58,187,11,6,1,1,1
201,292,159,114,10,6,1,1,1
202,266,357,34,10,6,1,1,1
202,278,58,187,11,6,1,1,1
202,292,159,114,10,6,1,1,1
203,266,360,36,9,5,1,1,1
203,278,56,184,12,6,1,1,1
203,292,159,113,10,6,1,1,1
204,266,360,36,9,5,1,1,1
204,278,56,184,12,6,1,1,1
204,292,159,113,10,6,1,1,1
205,102,161,106,10,6,1,1,1
205,266,361,37,10,6,1,1,1
205,278,53,181,12,7,1,1,1
206,102,161,106,10,6,1,1,1
206,266,361,37,10,6,1,1,1
206,278,53,181,12,7,1,1,1
207,93,162,103,10,6,1,1,1
207,102,160,107,10,6,1,1,1
207,266,363,39,10,6,1,1,1
207,278,51,178,12,7,1,1,1
208,93,162,103,10,6,1,1,1
208,102,160,107,10,6,1,1,1
208,266,363,39,10,6,1,1,1
208,278,51,178,12,7,1,1,1
209,93,161,104,10,6,1,1,1
209,266,365,41,10,6,1,1,1
209,278,50,175,11,7,1,1,1
209,298,77,413,10,7,1,1,1
210,93,161,104,10,6,1,1,1
210,266,365,41,10,6,1,1,1
210,278,50,175,11,7,1,1,1
210,298,77,413,10,7,1,1,1
211,266,367,43,10,6,1,1,1
211,278,48,173,11,6,1,1,1
211,298,77,413,10,7,1,1,1
212,266,367,43,10,6,1,1,1
212,278,48,173,11,6,1,1,1
212,298,77,413,10,7,1,1,1
213,266,369,46,9,5,1,1,1
213,278,47,170,10,6,1,1,1
214,266,369,46,9,5,1,1,1
214,278,47,170,10,6,1,1,1
215,266,370,48,10,6,1,1,1
215,278,45,167,11,6,1,1,1
216,266,370,48,10,6,1,1,1
216,278,45,167,11,6,1,1,1
217,266,372,50,10,6,1,1,1
217,278,44,164,10,6,1,1,1
218,266,372,50,10,6,1,1,1
218,278,44,164,10,6,1,1,1
219,266,374,53,11,6,1,1,1
219,278,42,161,11,6,1,1,1
220,266,374,53,11,6,1,1,1
220,278,42,161,11,6,1,1,1
221,266,376,55,11,6,1,1,1
221,278,41,158,11,6,1,1,1
222,266,376,55,11,6,1,1,1
222,278,41,158,11,6,1,1,1
223,266,378,58,11,6,1,1,1
223,278,40,155,12,6,1,1,1
223,312,350,396,11,7,1,1,1
224,266,378,58,11,6,1,1,1
224,278,40,155,12,6,1,1,1
224,312,350,396,11,7,1,1,1
225,266,380,60,11,7,1,1,1
225,278,39,152,12,7,1,1,1
225,312,349,397,12,7,1,1,1
226,266,380,60,11,7,1,1,1
226,278,39,152,12,7,1,1,1
226,312,349,397,12,7,1,1,1
227,266,382,63,11,6,1,1,1
227,278,38,149,12,7,1,1,1
228,266,382,63,11,6,1,1,1
228,278,38,149,12,7,1,1,1
229,266,384,66,11,6,1,1,1
229,278,38,146,11,6,1,1,1
229,316,339,402,9,6,1,1,1
229,317,179,71,10,6,1,1,1
230,266,384,66,11,6,1,1,1
230,278,38,146,11,6,1,1,1
230,316,339,402,9,6,1,1,1
230,317,179,71,10,6,1,1,1
231,266,386,69,11,6,1,1,1
231,278,37,143,11,6,1,1,1
231,316,338,403,9,6,1,1,1
231,317,180,70,10,6,1,1,1
232,266,386,69,11,6,1,1,1
232,278,37,143,11,6,1,1,1
232,316,338,403,9,6,1,1,1
232,317,180,70,10,6,1,1,1
233,266,388,72,10,6,1,1,1
233,278,37,140,10,6,1,1,1
233,319,331,405,9,6,1,1,1
234,266,388,72,10,6,1,1,1
234,278,37,140,10,6,1,1,1
234,319,331,405,9,6,1,1,1
235,266,390,75,10,6,1,1,1
235,278,36,136,11,7,1,1,1
235,319,331,406,9,6,1,1,1
236,266,390,75,10,6,1,1,1
236,278,36,136,11,7,1,1,1
236,319,331,406,9,6,1,1,1
237,266,392,78,10,6,1,1,1
237,278,36,133,11,6,1,1,1
237,322,190,61,9,6,1,1,1
237,323,323,408,10,7,1,1,1
238,266,392,78,10,6,1,1,1
238,278,36,133,11,6,1,1,1
238,322,190,61,9,6,1,1,1
238,323,323,408,10,7,1,1,1
239,266,393,81,11,6,1,1,1
239,278,36,130,11,6,1,1,1
239,322,190,60,9,6,1,1,1
239,323,322,409,11,7,1,1,1
240,266,393,81,11,6,1,1,1
240,278,36,130,11,6,1,1,1
240,322,190,60,9,6,1,1,1
240,323,322,409,11,7,1,1,1
241,266,395,84,11,7,1,1,1
241,278,35,126,11,7,1,1,1
241,325,315,411,9,6,1,1,1
242,266,395,84,11,7,1,1,1
242,278,35,126,11,7,1,1,1
242,325,315,411,9,6,1,1,1
243,266,397,88,11,6,1,1,1
243,278,35,123,12,6,1,1,1
243,325,312,412,9,6,1,1,1
243,326,197,54,10,6,1,1,1
244,266,397,88,11,6,1,1,1
244,278,35,123,12,6,1,1,1
244,325,312,412,9,6,1,1,1
244,326,197,54,10,6,1,1,1
245,266,399,91,10,6,1,1,1
245,278,35,120,12,6,1,1,1
245,325,308,413,9,6,1,1,1
245,326,198,53,10,6,1,1,1
246,266,399,91,10,6,1,1,1
246,278,35,120,12,6,1,1,1
246,325,308,413,9,6,1,1,1
246,326,198,53,10,6,1,1,1
247,266,401,94,10,6,1,1,1
247,278,35,116,12,7,1,1,1
247,325,303,414,10,6,1,1,1
248,266,401,94,10,6,1,1,1
248,278,35,116,12,7,1,1,1
248,325,303,414,10,6,1,1,1
249,266,403,98,10,6,1,1,1
249,278,35,113,13,7,1,1,1
249,325,300,415,9,6,1,1,1
249,328,207,48,10,6,1,1,1
250,266,403,98,10,6,1,1,1
250,278,35,113,13,7,1,1,1
250,325,300,415,9,6,1,1,1
250,328,207,48,10,6,1,1,1
251,266,405,101,9,6,1,1,1
251,278,36,110,11,7,1,1,1
251,325,297,416,8,6,1,1,1
251,328,210,47,10,6,1,1,1
252,266,405,101,9,6,1,1,1
252,278,36,110,11,7,1,1,1
252,325,297,416,8,6,1,1,1
252,328,210,47,10,6,1,1,1
253,266,406,105,10,6,1,1,1
253,278,37,107,11,7,1,1,1
253,325,293,417,8,5,1,1,1
253,328,213,45,10,6,1,1,1
254,266,406,105,10,6,1,1,1
254,278,37,107,11,7,1,1,1
254,325,293,417,8,5,1,1,1
254,328,213,45,10,6,1,1,1
255,266,408,108,10,6,1,1,1
255,278,38,104,11,6,1,1,1
255,328,216,43,10,6,1,1,1
256,266,408,108,10,6,1,1,1
256,278,38,104,11,6,1,1,1
256,328,216,43,10,6,1,1,1
257,266,410,112,10,6,1,1,1
257,278,39,101,10,6,1,1,1
257,328,220,41,10,6,1,1,1
258,266,410,112,10,6,1,1,1
258,278,39,101,10,6,1,1,1
258,328,220,41,10,6,1,1,1
259,266,412,115,10,6,1,1,1
259,278,40,98,10,6,1,1,1
259,325,282,419,10,6,1,1,1
259,328,223,40,10,6,1,1,1
260,266,412,115,10,6,1,1,1
260,278,40,98,10,6,1,1,1
260,325,282,419,10,6,1,1,1
260,328,223,40,10,6,1,1,1
261,266,414,119,10,6,1,1,1
261,278,40,95,11,6,1,1,1
261,325,279,418,10,6,1,1,1
261,328,227,38,10,6,1,1,1
262,266,414,119,10,6,1,1,1
262,278,40,95,11,6,1,1,1
262,325,279,418,10,6,1,1,1
262,328,227,38,10,6,1,1,1
263,266,416,123,10,6,1,1,1
263,278,42,92,11,6,1,1,1
263,325,276,419,9,6,1,1,1
263,328,231,37,10,6,1,1,1
264,266,416,123,10,6,1,1,1
264,278,42,92,11,6,1,1,1
264,325,276,419,9,6,1,1,1
264,328,231,37,10,6,1,1,1
265,266,418,127,10,6,1,1,1
265,278,43,89,11,6,1,1,1
265,325,273,419,9,6,1,1,1
265,328,234,36,10,6,1,1,1
266,266,418,127,10,6,1,1,1
266,278,43,89,11,6,1,1,1
266,325,273,419,9,6,1,1,1
266,328,234,36,10,6,1,1,1
267,266,420,131,10,6,1,1,1
267,278,44,86,12,6,1,1,1
267,325,269,419,10,6,1,1,1
267,328,238,34,10,6,1,1,1
268,266,420,131,10,6,1,1,1
268,278,44,86,12,6,1,1,1
268,325,269,419,10,6,1,1,1
268,328,238,34,10,6,1,1,1
269,266,422,134,10,6,1,1,1
269,278,46,83,12,6,1,1,1
269,325,267,419,9,6,1,1,1
269,328,242,33,10,6,1,1,1
270,266,422,134,10,6,1,1,1
270,278,46,83,12,6,1,1,1
270,325,267,419,9,6,1,1,1
270,328,242,33,10,6,1,1,1
271,266,424,138,10,6,1,1,1
271,278,48,79,12,7,1,1,1
271,325,264,419,9,6,1,1,1
271,328,246,32,10,6,1,1,1
272,266,424,138,10,6,1,1,1
272,278,48,79,12,7,1,1,1
272,325,264,419,9,6,1,1,1
272,328,246,32,10,6,1,1,1
273,266,426,142,10,6,1,1,1
273,278,51,77,11,6,1,1,1
273,325,262,419,9,6,1,1,1
273,328,249,31,10,6,1,1,1
274,266,426,142,10,6,1,1,1
274,278,51,77,11,6,1,1,1
274,325,262,419,9,6,1,1,1
274,328,249,31,10,6,1,1,1
275,266,428,146,9,6,1,1,1
275,278,53,74,11,6,1,1,1
275,325,259,418,10,7,1,1,1
275,328,254,30,10,6,1,1,1
276,266,428,146,9,6,1,1,1
276,278,53,74,11,6,1,1,1
276,325,259,418,10,7,1,1,1
276,328,254,30,10,6,1,1,1
277,266,430,150,9,6,1,1,1
277,278,55,71,11,6,1,1,1
277,325,256,418,10,6,1,1,1
277,328,258,29,10,6,1,1,1
278,266,430,150,9,6,1,1,1
278,278,55,71,11,6,1,1,1
278,325,256,418,10,6,1,1,1
278,328,258,29,10,6,1,1,1
279,266,431,154,10,6,1,1,1
279,278,58,68,11,6,1,1,1
279,325,254,418,9,6,1,1,1
279,328,263,29,9,5,1,1,1
280,266,431,154,10,6,1,1,1
280,278,58,68,11,6,1,1,1
280,325,254,418,9,6,1,1,1
280,328,263,29,9,5,1,1,1
281,266,432,158,10,6,1,1,1
281,278,60,65,12,7,1,1,1
281,325,251,417,10,6,1,1,1
281,328,266,28,10,6,1,1,1
281,329,237,424,9,6,1,1,1
282,266,432,158,10,6,1,1,1
282,278,60,65,12,7,1,1,1
282,325,251,417,10,6,1,1,1
282,328,266,28,10,6,1,1,1
282,329,237,424,9,6,1,1,1
283,266,434,162,10,6,1,1,1
283,278,62,62,13,7,1,1,1
283,325,249,417,9,5,1,1,1
283,328,271,28,9,5,1,1,1
283,329,237,424,9,6,1,1,1
284,266,434,162,10,6,1,1,1
284,278,62,62,13,7,1,1,1
284,325,249,417,9,5,1,1,1
284,328,271,28,9,5,1,1,1
284,329,237,424,9,6,1,1,1
285,266,436,166,9,6,1,1,1
285,278,65,59,12,7,1,1,1
285,325,246,416,9,6,1,1,1
285,328,275,27,10,6,1,1,1
285,329,237,424,9,6,1,1,1
286,266,436,166,9,6,1,1,1
286,278,65,59,12,7,1,1,1
286,325,246,416,9,6,1,1,1
286,328,275,27,10,6,1,1,1
286,329,237,424,9,6,1,1,1
287,266,437,171,9,5,1,1,1
287,278,68,57,12,7,1,1,1
287,325,244,415,9,6,1,1,1
287,328,280,27,9,5,1,1,1
287,329,237,424,9,6,1,1,1
288,266,437,171,9,5,1,1,1
288,278,68,57,12,7,1,1,1
288,325,244,415,9,6,1,1,1
288,328,280,27,9,5,1,1,1
288,329,237,424,9,6,1,1,1
289,266,438,175,10,6,1,1,1
289,278,71,54,11,7,1,1,1
289,325,241,414,10,6,1,1,1
289,328,284,26,10,6,1,1,1
289,329,237,424,9,6,1,1,1
290,266,438,175,10,6,1,1,1
290,278,71,54,11,7,1,1,1
290,325,241,414,10,6,1,1,1
290,328,284,26,10,6,1,1,1
290,329,237,424,9,6,1,1,1
291,266,440,179,9,6,1,1,1
291,278,73,51,12,7,1,1,1
291,325,239,413,9,6,1,1,1
291,328,288,26,10,6,1,1,1
291,329,237,424,9,6,1,1,1
292,266,440,179,9,6,1,1,1
292,278,73,51,12,7,1,1,1
292,325,239,413,9,6,1,1,1
292,328,288,26,10,6,1,1,1
292,329,237,424,9,6,1,1,1
293,266,441,183,10,6,1,1,1
293,278,76,49,12,6,1,1,1
293,325,236,412,10,6,1,1,1
293,328,293,26,10,6,1,1,1
293,329,237,424,9,6,1,1,1
294,266,441,183,10,6,1,1,1
294,278,76,49,12,6,1,1,1
294,325,236,412,10,6,1,1,1
294,328,293,26,10,6,1,1,1
294,329,237,424,9,6,1,1,1
295,266,443,187,9,6,1,1,1
295,278,79,46,11,7,1,1,1
295,325,233,410,11,7,1,1,1
295,328,297,26,10,6,1,1,1
295,329,237,424,9,6,1,1,1
296,266,443,187,9,6,1,1,1
296,278,79,46,11,7,1,1,1
296,325,233,410,11,7,1,1,1
296,328,297,26,10,6,1,1,1
296,329,237,424,9,6,1,1,1
297,266,444,192,10,6,1,1,1
297,278,81,43,12,7,1,1,1
297,325,231,409,10,6,1,1,1
297,328,302,26,10,6,1,1,1
297,329,237,424,9,6,1,1,1
298,266,444,192,10,6,1,1,1
298,278,81,43,12,7,1,1,1
298,325,231,409,10,6,1,1,1
298,328,302,26,10,6,1,1,1
298,329,237,424,9,6,1,1,1
299,266,446,196,9,6,1,1,1
299,278,84,41,11,6,1,1,1
299,325,229,408,10,6,1,1,1
299,328,306,26,10,6,1,1,1
299,329,236,424,9,6,1,1,1
300,266,446,196,9,6,1,1,1
300,278,84,41,11,6,1,1,1
300,325,229,408,10,6,1,1,1
300,328,306,26,10,6,1,1,1
300,329,236,424,9,6,1,1,1
301,266,447,201,9,5,1,1,1
301,278,87,38,12,7,1,1,1
301,325,227,406,10,6,1,1,1
301,328,311,27,10,6,1,1,1
301,329,236,424,9,6,1,1,1
302,266,447,201,9,5,1,1,1
302,278,87,38,12,7,1,1,1
302,325,227,406,10,6,1,1,1
302,328,311,27,10,6,1,1,1
302,329,236,424,9,6,1,1,1
303,266,448,205,9,6,1,1,1
303,278,90,36,11,7,1,1,1
303,325,225,405,10,6,1,1,1
303,328,316,27,10,6,1,1,1
304,266,448,205,9,6,1,1,1
304,278,90,36,11,7,1,1,1
304,325,225,405,10,6,1,1,1
304,328,316,27,10,6,1,1,1
305,266,449,210,10,5,1,1,1
305,278,93,33,12,7,1,1,1
305,325,223,403,10,6,1,1,1
305,328,322,28,9,5,1,1,1
306,266,449,210,10,5,1,1,1
306,278,93,33,12,7,1,1,1
306,325,223,403,10,6,1,1,1
306,328,322,28,9,5,1,1,1
307,266,450,214,10,5,1,1,1
307,278,96,31,12,7,1,1,1
307,325,222,401,10,6,1,1,1
307,328,326,28,9,6,1,1,1
308,266,450,214,10,5,1,1,1
308,278,96,31,12,7,1,1,1
308,325,222,401,10,6,1,1,1
308,328,326,28,9,6,1,1,1
309,266,452,218,10,6,1,1,1
309,278,100,29,11,7,1,1,1
309,325,220,399,11,7,1,1,1
309,328,330,29,10,6,1,1,1
310,266,452,218,10,6,1,1,1
310,278,100,29,11,7,1,1,1
310,325,220,399,11,7,1,1,1
310,328,330,29,10,6,1,1,1
311,266,453,222,10,6,1,1,1
311,278,103,27,11,6,1,1,1
311,325,219,397,10,7,1,1,1
311,328,336,30,9,5,1,1,1
312,266,453,222,10,6,1,1,1
312,278,103,27,11,6,1,1,1
312,325,219,397,10,7,1,1,1
312,328,336,30,9,5,1,1,1
313,266,454,227,10,6,1,1,1
313,278,107,25,11,6,1,1,1
313,325,217,396,11,6,1,1,1
313,328,340,30,10,6,1,1,1
314,266,454,227,10,6,1,1,1
314,278,107,25,11,6,1,1,1
314,325,217,396,11,6,1,1,1
314,328,340,30,10,6,1,1,1
315,266,455,231,10,7,1,1,1
315,278,111,23,11,6,1,1,1
315,325,216,393,11,7,1,1,1
315,328,345,31,10,6,1,1,1
316,266,455,231,10,7,1,1,1
316,278,111,23,11,6,1,1,1
316,325,216,393,11,7,1,1,1
316,328,345,31,10,6,1,1,1
317,266,456,236,10,6,1,1,1
317,278,115,21,11,6,1,1,1
317,325,215,391,10,6,1,1,1
317,328,349,32,10,6,1,1,1
318,266,456,236,10,6,1,1,1
318,278,115,21,11,6,1,1,1
318,325,215,391,10,6,1,1,1
318,328,349,32,10,6,1,1,1
319,266,456,240,11,6,1,1,1
319,278,119,19,11,6,1,1,1
319,325,214,389,10,6,1,1,1
319,328,354,33,10,6,1,1,1
320,266,456,240,11,6,1,1,1
320,278,119,19,11,6,1,1,1
320,325,214,389,10,6,1,1,1
320,328,354,33,10,6,1,1,1
321,266,457,244,11,7,1,1,1
321,278,123,17,11,6,1,1,1
321,325,213,387,10,6,1,1,1
321,328,359,34,10,6,1,1,1
322,266,457,244,11,7,1,1,1
322,278,123,17,11,6,1,1,1
322,325,213,387,10,6,1,1,1
322,328,359,34,10,6,1,1,1
323,266,458,249,10,6,1,1,1
323,278,127,15,11,6,1,1,1
323,325,212,385,10,6,1,1,1
323,328,364,35,10,6,1,1,1
324,266,458,249,10,6,1,1,1
324,278,127,15,11,6,1,1,1
324,325,212,385,10,6,1,1,1
324,328,364,35,10,6,1,1,1
325,266,459,253,9,6,1,1,1
325,278,131,13,10,6,1,1,1
325,292,131,14,12,7,1,1,1
325,325,211,382,9,6,1,1,1
325,328,369,36,9,6,1,1,1
326,266,459,253,9,6,1,1,1
326,278,131,13,10,6,1,1,1
326,292,131,14,12,7,1,1,1
326,325,211,382,9,6,1,1,1
326,328,369,36,9,6,1,1,1
327,266,460,258,9,5,1,1,1
327,292,134,12,11,7,1,1,1
327,325,209,380,10,6,1,1,1
327,328,373,38,10,6,1,1,1
328,266,460,258,9,5,1,1,1
328,292,134,12,11,7,1,1,1
328,325,209,380,10,6,1,1,1
328,328,373,38,10,6,1,1,1
329,266,460,262,10,5,1,1,1
329,292,138,11,11,6,1,1,1
329,325,208,377,10,6,1,1,1
329,328,378,39,10,6,1,1,1
330,266,460,262,10,5,1,1,1
330,292,138,11,11,6,1,1,1
330,325,208,377,10,6,1,1,1
330,328,378,39,10,6,1,1,1
331,266,461,266,10,6,1,1,1
331,292,139,9,10,6,1,1,1
331,325,207,374,11,7,1,1,1
331,328,383,41,10,6,1,1,1
332,266,461,266,10,6,1,1,1
332,292,139,9,10,6,1,1,1
332,325,207,374,11,7,1,1,1
332,328,383,41,10,6,1,1,1
333,266,461,270,10,6,1,1,1
333,289,149,8,10,6,1,1,1
333,325,206,372,10,6,1,1,1
333,328,388,43,10,6,1,1,1
334,266,461,270,10,6,1,1,1
334,289,149,8,10,6,1,1,1
334,325,206,372,10,6,1,1,1
334,328,388,43,10,6,1,1,1
335,266,461,274,11,6,1,1,1
335,289,151,6,11,6,1,1,1
335,325,205,369,10,6,1,1,1
335,328,393,44,10,6,1,1,1
336,266,461,274,11,6,1,1,1
336,289,151,6,11,6,1,1,1
336,325,205,369,10,6,1,1,1
336,328,393,44,10,6,1,1,1
337,266,462,278,10,6,1,1,1
337,289,155,4,11,6,1,1,1
337,325,204,366,10,6,1,1,1
337,328,398,46,10,6,1,1,1
337,329,236,424,9,6,1,1,1
338,266,462,278,10,6,1,1,1
338,289,155,4,11,6,1,1,1
338,325,204,366,10,6,1,1,1
338,328,398,46,10,6,1,1,1
338,329,236,424,9,6,1,1,1
339,266,462,282,10,6,1,1,1
339,289,159,2,11,7,1,1,1
339,325,204,363,10,6,1,1,1
339,328,403,48,10,6,1,1,1
339,329,237,424,9,6,1,1,1
340,266,462,282,10,6,1,1,1
340,289,159,2,11,7,1,1,1
340,325,204,363,10,6,1,1,1
340,328,403,48,10,6,1,1,1
340,329,237,424,9,6,1,1,1
341,266,462,287,10,6,1,1,1
341,289,164,0,11,7,1,1,1
341,325,203,360,10,6,1,1,1
341,328,407,50,10,6,1,1,1
341,329,237,424,9,6,1,1,1
342,266,462,287,10,6,1,1,1
342,289,164,0,11,7,1,1,1
342,325,203,360,10,6,1,1,1
342,328,407,50,10,6,1,1,1
342,329,237,424,9,6,1,1,1
343,266,462,291,10,6,1,1,1
343,289,166,0,12,6,1,1,1
343,317,170,0,10,6,1,1,1
343,325,202,357,10,6,1,1,1
343,328,413,53,9,5,1,1,1
343,329,237,424,9,6,1,1,1
344,266,462,291,10,6,1,1,1
344,289,166,0,12,6,1,1,1
344,317,170,0,10,6,1,1,1
344,325,202,357,10,6,1,1,1
344,328,413,53,9,5,1,1,1
344,329,237,424,9,6,1,1,1
345,266,462,295,10,6,1,1,1
345,317,173,0,10,4,1,1,1
345,325,202,354,10,6,1,1,1
345,328,418,55,9,5,1,1,1
345,329,237,424,9,6,1,1,1
346,266,462,295,10,6,1,1,1
346,317,173,0,10,4,1,1,1
346,325,202,354,10,6,1,1,1
346,328,418,55,9,5,1,1,1
346,329,237,424,9,6,1,1,1
347,266,462,299,10,6,1,1,1
347,317,173,0,10,3,1,1,1
347,325,201,351,10,6,1,1,1
347,328,423,57,9,6,1,1,1
347,329,237,424,9,6,1,1,1
348,266,462,299,10,6,1,1,1
348,317,173,0,10,3,1,1,1
348,325,201,351,10,6,1,1,1
348,328,423,57,9,6,1,1,1
348,329,237,424,9,6,1,1,1
349,266,462,303,10,6,1,1,1
349,325,201,348,10,6,1,1,1
349,328,427,59,10,6,1,1,1
349,329,237,424,9,6,1,1,1
350,266,462,303,10,6,1,1,1
350,325,201,348,10,6,1,1,1
350,328,427,59,10,6,1,1,1
350,329,237,424,9,6,1,1,1
351,266,462,307,10,6,1,1,1
351,325,201,344,10,7,1,1,1
351,328,431,62,11,6,1,1,1
352,266,462,307,10,6,1,1,1
352,325,201,344,10,7,1,1,1
352,328,431,62,11,6,1,1,1
353,266,462,311,10,6,1,1,1
353,325,201,341,10,6,1,1,1
353,328,436,64,10,6,1,1,1
354,266,462,311,10,6,1,1,1
354,325,201,341,10,6,1,1,1
354,328,436,64,10,6,1,1,1
355,266,462,315,10,6,1,1,1
355,325,201,338,10,6,1,1,1
355,328,441,67,10,6,1,1,1
356,266,462,315,10,6,1,1,1
356,325,201,338,10,6,1,1,1
356,328,441,67,10,6,1,1,1
357,266,462,319,10,6,1,1,1
357,325,202,334,9,6,1,1,1
357,328,445,69,11,6,1,1,1
358,266,462,319,10,6,1,1,1
358,325,202,334,9,6,1,1,1
358,328,445,69,11,6,1,1,1
359,266,461,322,11,7,1,1,1
359,325,202,331,10,6,1,1,1
359,328,450,72,10,6,1,1,1
360,266,461,322,11,7,1,1,1
360,325,202,331,10,6,1,1,1
360,328,450,72,10,6,1,1,1
361,266,461,326,11,6,1,1,1
361,325,202,327,10,6,1,1,1
361,328,455,75,10,6,1,1,1
362,266,461,326,11,6,1,1,1
362,325,202,327,10,6,1,1,1
362,328,455,75,10,6,1,1,1
363,266,461,330,10,6,1,1,1
363,325,203,324,9,6,1,1,1
363,328,459,78,10,6,1,1,1
364,266,461,330,10,6,1,1,1
364,325,203,324,9,6,1,1,1
364,328,459,78,10,6,1,1,1
365,266,460,333,11,7,1,1,1
365,325,203,320,10,6,1,1,1
365,328,464,81,10,6,1,1,1
366,266,460,333,11,7,1,1,1
366,325,203,320,10,6,1,1,1
366,328,464,81,10,6,1,1,1
367,266,460,337,11,6,1,1,1
367,325,204,317,10,6,1,1,1
367,328,468,84,10,6,1,1,1
368,266,460,337,11,6,1,1,1
368,325,204,317,10,6,1,1,1
368,328,468,84,10,6,1,1,1
369,266,460,340,10,7,1,1,1
369,325,204,313,10,6,1,1,1
369,328,473,87,9,6,1,1,1
370,266,460,340,10,7,1,1,1
370,325,204,313,10,6,1,1,1
370,328,473,87,9,6,1,1,1
371,266,460,344,10,6,1,1,1
371,325,206,310,9,5,1,1,1
371,328,477,90,9,6,1,1,1
372,266,460,344,10,6,1,1,1
372,325,206,310,9,5,1,1,1
372,328,477,90,9,6,1,1,1
373,266,459,347,11,7,1,1,1
373,325,206,306,10,6,1,1,1
373,328,481,93,10,6,1,1,1
374,266,459,347,11,7,1,1,1
374,325,206,306,10,6,1,1,1
374,328,481,93,10,6,1,1,1
375,266,459,351,10,6,1,1,1
375,325,207,302,10,6,1,1,1
375,328,485,96,10,6,1,1,1
376,266,459,351,10,6,1,1,1
376,325,207,302,10,6,1,1,1
376,328,485,96,10,6,1,1,1
377,266,458,354,10,6,1,1,1
377,325,207,298,11,6,1,1,1
377,328,489,100,11,6,1,1,1
378,266,458,354,10,6,1,1,1
378,325,207,298,11,6,1,1,1
378,328,489,100,11,6,1,1,1
379,266,458,357,10,6,1,1,1
379,325,208,294,10,7,1,1,1
379,328,494,103,10,6,1,1,1
380,266,458,357,10,6,1,1,1
380,325,208,294,10,7,1,1,1
380,328,494,103,10,6,1,1,1
381,266,456,360,11,6,1,1,1
381,325,209,291,10,6,1,1,1
381,328,498,107,10,6,1,1,1
382,266,456,360,11,6,1,1,1
382,325,209,291,10,6,1,1,1
382,328,498,107,10,6,1,1,1
383,266,455,363,11,7,1,1,1
383,325,211,287,9,6,1,1,1
383,328,502,110,10,6,1,1,1
384,266,455,363,11,7,1,1,1
384,325,211,287,9,6,1,1,1
384,328,502,110,10,6,1,1,1
385,266,455,366,11,7,1,1,1
385,325,212,283,10,6,1,1,1
385,328,506,114,10,6,1,1,1
386,266,455,366,11,7,1,1,1
386,325,212,283,10,6,1,1,1
386,328,506,114,10,6,1,1,1
387,266,454,369,11,7,1,1,1
387,325,213,279,9,6,1,1,1
387,328,510,117,10,6,1,1,1
388,266,454,369,11,7,1,1,1
388,325,213,279,9,6,1,1,1
388,328,510,117,10,6,1,1,1
389,266,453,372,11,7,1,1,1
389,325,215,276,8,5,1,1,1
389,328,513,121,10,6,1,1,1
390,266,453,372,11,7,1,1,1
390,325,215,276,8,5,1,1,1
390,328,513,121,10,6,1,1,1
391,266,453,375,10,6,1,1,1
391,325,216,272,9,5,1,1,1
391,328,517,125,10,6,1,1,1
392,266,453,375,10,6,1,1,1
392,325,216,272,9,5,1,1,1
392,328,517,125,10,6,1,1,1
393,266,452,378,10,6,1,1,1
393,325,217,268,10,5,1,1,1
393,328,521,128,11,7,1,1,1
394,266,452,378,10,6,1,1,1
394,325,217,268,10,5,1,1,1
394,328,521,128,11,7,1,1,1
395,266,451,380,9,6,1,1,1
395,325,219,264,10,6,1,1,1
395,328,525,132,10,6,1,1,1
396,266,451,380,9,6,1,1,1
396,325,219,264,10,6,1,1,1
396,328,525,132,10,6,1,1,1
397,266,450,383,9,6,1,1,1
397,325,220,260,10,6,1,1,1
397,328,528,136,10,6,1,1,1
397,332,268,424,9,5,1,1,1
398,266,450,383,9,6,1,1,1
398,325,220,260,10,6,1,1,1
398,328,528,136,10,6,1,1,1
398,332,268,424,9,5,1,1,1
399,266,449,385,9,6,1,1,1
399,325,222,256,10,6,1,1,1
399,328,532,140,10,6,1,1,1
399,332,268,424,9,5,1,1,1
400,266,449,385,9,6,1,1,1
400,325,222,256,10,6,1,1,1
400,328,532,140,10,6,1,1,1
400,332,268,424,9,5,1,1,1
401,266,447,387,10,7,1,1,1
401,325,224,252,9,5,1,1,1
401,328,535,144,10,6,1,1,1
402,266,447,387,10,7,1,1,1
402,325,224,252,9,5,1,1,1
402,328,535,144,10,6,1,1,1
403,266,446,390,10,6,1,1,1
403,325,226,248,9,5,1,1,1
403,328,538,148,11,6,1,1,1
404,266,446,390,10,6,1,1,1
404,325,226,248,9,5,1,1,1
404,328,538,148,11,6,1,1,1
405,266,445,392,9,6,1,1,1
405,325,228,244,9,5,1,1,1
405,328,542,152,10,6,1,1,1
406,266,445,392,9,6,1,1,1
406,325,228,244,9,5,1,1,1
406,328,542,152,10,6,1,1,1
407,266,444,394,9,6,1,1,1
407,325,230,240,9,5,1,1,1
407,328,545,156,10,6,1,1,1
408,266,444,394,9,6,1,1,1
408,325,230,240,9,5,1,1,1
408,328,545,156,10,6,1,1,1
409,266,443,397,9,6,1,1,1
409,325,232,236,9,5,1,1,1
409,328,549,160,10,6,1,1,1
410,266,443,397,9,6,1,1,1
410,325,232,236,9,5,1,1,1
410,328,549,160,10,6,1,1,1
419,348,297,0,9,4,1,1,1
420,348,297,0,9,4,1,1,1
421,348,296,0,9,4,1,1,1
422,348,296,0,9,4,1,1,1
423,353,283,0,14,6,1,1,1
424,353,283,0,14,6,1,1,1
425,353,282,0,14,7,1,1,1
426,353,282,0,14,7,1,1,1
435,332,272,414,11,6,1,1,1
436,332,272,414,11,6,1,1,1
437,332,272,413,11,6,1,1,1
438,332,272,413,11,6,1,1,1
447,407,207,417,11,6,1,1,1
448,407,207,417,11,6,1,1,1
449,407,206,417,11,7,1,1,1
449,412,226,21,9,6,1,1,1
450,407,206,417,11,7,1,1,1
450,412,226,21,9,6,1,1,1
451,407,204,417,11,7,1,1,1
451,412,227,22,9,6,1,1,1
452,407,204,417,11,7,1,1,1
452,412,227,22,9,6,1,1,1
453,407,202,417,12,7,1,1,1
453,418,57,425,8,7,1,1,1
454,407,202,417,12,7,1,1,1
454,418,57,425,8,7,1,1,1
455,407,201,417,11,7,1,1,1
455,418,57,426,8,6,1,1,1
456,407,201,417,11,7,1,1,1
456,418,57,426,8,6,1,1,1
457,407,200,416,10,7,1,1,1
458,407,200,416,10,7,1,1,1
459,407,198,416,11,7,1,1,1
460,407,198,416,11,7,1,1,1
461,407,197,416,11,6,1,1,1
462,407,197,416,11,6,1,1,1
463,407,195,415,11,7,1,1,1
464,407,195,415,11,7,1,1,1
465,407,194,414,11,7,1,1,1
466,407,194,414,11,7,1,1,1
467,407,193,414,10,6,1,1,1
468,407,193,414,10,6,1,1,1
469,407,192,413,9,6,1,1,1
470,407,192,413,9,6,1,1,1
471,407,191,412,9,6,1,1,1
472,407,191,412,9,6,1,1,1
473,407,189,411,10,6,1,1,1
474,407,189,411,10,6,1,1,1
475,407,188,410,10,6,1,1,1
476,407,188,410,10,6,1,1,1
477,407,186,408,11,7,1,1,1
478,407,186,408,11,7,1,1,1
479,407,185,407,10,6,1,1,1
480,407,185,407,10,6,1,1,1
481,407,184,405,11,7,1,1,1
482,407,184,405,11,7,1,1,1
483,407,183,404,10,6,1,1,1
483,464,404,319,11,7,1,1,1
484,407,183,404,10,6,1,1,1
484,464,404,319,11,7,1,1,1
485,407,182,402,10,7,1,1,1
485,464,404,320,11,7,1,1,1
486,407,182,402,10,7,1,1,1
486,464,404,320,11,7,1,1,1
487,407,180,400,11,7,1,1,1
488,407,180,400,11,7,1,1,1
489,407,179,399,10,6,1,1,1
490,407,179,399,10,6,1,1,1
491,407,179,397,9,6,1,1,1
491,473,405,334,11,7,1,1,1
492,407,179,397,9,6,1,1,1
492,473,405,334,11,7,1,1,1
493,407,177,395,10,6,1,1,1
493,473,405,335,11,7,1,1,1
494,407,177,395,10,6,1,1,1
494,473,405,335,11,7,1,1,1
495,407,176,393,9,6,1,1,1
496,407,176,393,9,6,1,1,1
497,407,175,390,9,6,1,1,1
497,483,405,345,10,6,1,1,1
498,407,175,390,9,6,1,1,1
498,483,405,345,10,6,1,1,1
499,407,174,388,9,6,1,1,1
499,483,405,346,10,6,1,1,1
500,407,174,388,9,6,1,1,1
500,483,405,346,10,6,1,1,1
501,407,172,385,11,7,1,1,1
502,407,172,385,11,7,1,1,1
503,407,172,383,10,6,1,1,1
504,407,172,383,10,6,1,1,1
505,407,171,380,11,7,1,1,1
506,407,171,380,11,7,1,1,1
507,407,171,378,10,6,1,1,1
507,495,332,100,10,6,1,1,1
508,407,171,378,10,6,1,1,1
508,495,332,100,10,6,1,1,1
509,407,170,375,10,6,1,1,1
509,495,332,101,10,6,1,1,1
510,407,170,375,10,6,1,1,1
510,495,332,101,10,6,1,1,1
511,407,170,372,10,6,1,1,1
512,407,170,372,10,6,1,1,1
513,407,170,369,9,6,1,1,1
514,407,170,369,9,6,1,1,1
515,407,169,366,10,6,1,1,1
515,412,244,56,9,6,1,1,1
516,407,169,366,10,6,1,1,1
516,412,244,56,9,6,1,1,1
517,407,169,363,10,6,1,1,1
517,412,244,58,10,6,1,1,1
518,407,169,363,10,6,1,1,1
518,412,244,58,10,6,1,1,1
519,407,168,360,11,6,1,1,1
520,407,168,360,11,6,1,1,1
521,407,168,357,10,6,1,1,1
522,407,168,357,10,6,1,1,1
523,407,168,354,10,6,1,1,1
524,407,168,354,10,6,1,1,1
525,407,167,351,10,6,1,1,1
526,407,167,351,10,6,1,1,1
527,407,167,347,10,6,1,1,1
528,407,167,347,10,6,1,1,1
529,407,167,344,10,6,1,1,1
530,407,167,344,10,6,1,1,1
531,407,166,340,11,7,1,1,1
531,517,359,136,13,7,1,1,1
532,407,166,340,11,7,1,1,1
532,517,359,136,13,7,1,1,1
533,407,166,337,10,6,1,1,1
533,517,360,137,13,7,1,1,1
534,407,166,337,10,6,1,1,1
534,517,360,137,13,7,1,1,1
535,407,165,333,11,7,1,1,1
536,407,165,333,11,7,1,1,1
537,407,165,330,10,6,1,1,1
537,522,365,145,13,7,1,1,1
538,407,165,330,10,6,1,1,1
538,522,365,145,13,7,1,1,1
539,407,165,326,10,6,1,1,1
539,522,367,148,13,7,1,1,1
540,407,165,326,10,6,1,1,1
540,522,367,148,13,7,1,1,1
541,407,164,322,11,7,1,1,1
541,522,370,152,11,6,1,1,1
542,407,164,322,11,7,1,1,1
542,522,370,152,11,6,1,1,1
543,407,165,319,9,5,1,1,1
543,522,371,155,11,6,1,1,1
544,407,165,319,9,5,1,1,1
544,522,371,155,11,6,1,1,1
545,407,164,315,10,6,1,1,1
545,522,372,158,12,7,1,1,1
546,407,164,315,10,6,1,1,1
546,522,372,158,12,7,1,1,1
547,407,164,311,10,6,1,1,1
547,522,373,161,12,7,1,1,1
548,407,164,311,10,6,1,1,1
548,522,373,161,12,7,1,1,1
549,407,164,307,10,6,1,1,1
549,522,374,164,12,7,1,1,1
549,528,334,36,10,6,1,1,1
550,407,164,307,10,6,1,1,1
550,522,374,164,12,7,1,1,1
550,528,334,36,10,6,1,1,1
551,407,164,303,10,6,1,1,1
551,522,374,167,13,7,1,1,1
551,528,335,36,10,6,1,1,1
552,407,164,303,10,6,1,1,1
552,522,374,167,13,7,1,1,1
552,528,335,36,10,6,1,1,1
553,407,164,299,10,6,1,1,1
553,522,375,170,12,7,1,1,1
553,529,343,35,10,6,1,1,1
554,407,164,299,10,6,1,1,1
554,522,375,170,12,7,1,1,1
554,529,343,35,10,6,1,1,1
555,407,164,295,10,6,1,1,1
555,522,375,174,11,6,1,1,1
555,529,348,35,10,6,1,1,1
556,407,164,295,10,6,1,1,1
556,522,375,174,11,6,1,1,1
556,529,348,35,10,6,1,1,1
557,407,164,291,10,6,1,1,1
557,522,376,177,10,6,1,1,1
557,529,354,35,9,5,1,1,1
558,407,164,291,10,6,1,1,1
558,522,376,177,10,6,1,1,1
558,529,354,35,9,5,1,1,1
559,407,163,286,11,7,1,1,1
559,522,375,180,11,6,1,1,1
559,529,359,35,8,4,1,1,1
560,407,163,286,11,7,1,1,1
560,522,375,180,11,6,1,1,1
560,529,359,35,8,4,1,1,1
561,407,163,282,10,7,1,1,1
561,522,374,183,11,7,1,1,1
561,529,364,35,8,4,1,1,1
562,407,163,282,10,7,1,1,1
562,522,374,183,11,7,1,1,1
562,529,364,35,8,4,1,1,1
563,407,162,278,11,7,1,1,1
563,522,373,186,12,7,1,1,1
563,529,368,35,8,4,1,1,1
564,407,162,278,11,7,1,1,1
564,522,373,186,12,7,1,1,1
564,529,368,35,8,4,1,1,1
565,407,161,274,11,7,1,1,1
565,522,373,189,11,7,1,1,1
565,529,372,35,9,5,1,1,1
566,407,161,274,11,7,1,1,1
566,522,373,189,11,7,1,1,1
566,529,372,35,9,5,1,1,1
567,407,161,270,11,7,1,1,1
567,522,372,192,10,7,1,1,1
567,529,375,35,10,5,1,1,1
568,407,161,270,11,7,1,1,1
568,522,372,192,10,7,1,1,1
568,529,375,35,10,5,1,1,1
569,407,161,266,10,6,1,1,1
569,522,370,195,11,7,1,1,1
569,529,379,35,10,6,1,1,1
570,407,161,266,10,6,1,1,1
570,522,370,195,11,7,1,1,1
570,529,379,35,10,6,1,1,1
571,407,160,262,10,6,1,1,1
571,522,369,198,10,7,1,1,1
571,529,383,35,10,6,1,1,1
572,407,160,262,10,6,1,1,1
572,522,369,198,10,7,1,1,1
572,529,383,35,10,6,1,1,1
573,407,160,258,9,6,1,1,1
573,522,367,202,11,6,1,1,1
573,529,386,36,10,6,1,1,1
574,407,160,258,9,6,1,1,1
574,522,367,202,11,6,1,1,1
574,529,386,36,10,6,1,1,1
575,407,159,254,10,6,1,1,1
575,522,365,205,12,6,1,1,1
575,529,390,37,10,6,1,1,1
576,407,159,254,10,6,1,1,1
576,522,365,205,12,6,1,1,1
576,529,390,37,10,6,1,1,1
577,407,159,250,9,6,1,1,1
577,522,364,208,11,6,1,1,1
577,529,393,38,10,6,1,1,1
578,407,159,250,9,6,1,1,1
578,522,364,208,11,6,1,1,1
578,529,393,38,10,6,1,1,1
579,407,157,245,11,7,1,1,1
579,522,362,211,11,7,1,1,1
579,529,396,39,10,6,1,1,1
580,407,157,245,11,7,1,1,1
580,522,362,211,11,7,1,1,1
580,529,396,39,10,6,1,1,1
581,407,157,241,11,7,1,1,1
581,522,360,214,11,6,1,1,1
581,529,399,40,10,6,1,1,1
582,407,157,241,11,7,1,1,1
582,522,360,214,11,6,1,1,1
582,529,399,40,10,6,1,1,1
583,407,156,237,11,6,1,1,1
583,522,358,217,10,6,1,1,1
583,529,402,41,10,6,1,1,1
584,407,156,237,11,6,1,1,1
584,522,358,217,10,6,1,1,1
584,529,402,41,10,6,1,1,1
585,407,156,232,10,7,1,1,1
585,522,355,219,11,7,1,1,1
585,529,405,43,10,6,1,1,1
586,407,156,232,10,7,1,1,1
586,522,355,219,11,7,1,1,1
586,529,405,43,10,6,1,1,1
587,407,156,228,10,7,1,1,1
587,522,353,222,11,6,1,1,1
587,529,408,44,10,6,1,1,1
588,407,156,228,10,7,1,1,1
588,522,353,222,11,6,1,1,1
588,529,408,44,10,6,1,1,1
589,407,156,224,9,6,1,1,1
589,522,350,224,11,7,1,1,1
589,529,410,46,10,6,1,1,1
590,407,156,224,9,6,1,1,1
590,522,350,224,11,7,1,1,1
590,529,410,46,10,6,1,1,1
591,407,155,220,10,6,1,1,1
591,522,348,227,10,7,1,1,1
591,529,413,48,10,6,1,1,1
591,530,298,419,9,6,1,1,1
592,407,155,220,10,6,1,1,1
592,522,348,227,10,7,1,1,1
592,529,413,48,10,6,1,1,1
592,530,298,419,9,6,1,1,1
593,407,155,216,9,6,1,1,1
593,522,344,230,11,7,1,1,1
593,529,416,50,10,6,1,1,1
593,530,298,418,9,6,1,1,1
594,407,155,216,9,6,1,1,1
594,522,344,230,11,7,1,1,1
594,529,416,50,10,6,1,1,1
594,530,298,418,9,6,1,1,1
595,407,154,212,11,6,1,1,1
595,522,341,233,12,6,1,1,1
595,529,418,51,10,7,1,1,1
595,531,289,417,10,7,1,1,1
596,407,154,212,11,6,1,1,1
596,522,341,233,12,6,1,1,1
596,529,418,51,10,7,1,1,1
596,531,289,417,10,7,1,1,1
597,407,154,208,10,6,1,1,1
597,522,338,235,11,7,1,1,1
597,529,421,54,9,5,1,1,1
597,531,286,416,9,7,1,1,1
598,407,154,208,10,6,1,1,1
598,522,338,235,11,7,1,1,1
598,529,421,54,9,5,1,1,1
598,531,286,416,9,7,1,1,1
599,407,154,203,10,7,1,1,1
599,522,335,238,11,6,1,1,1
599,529,423,56,10,6,1,1,1
599,531,282,416,9,6,1,1,1
600,407,154,203,10,7,1,1,1
600,522,335,238,11,6,1,1,1
600,529,423,56,10,6,1,1,1
600,531,282,416,9,6,1,1,1
601,407,154,199,9,6,1,1,1
601,522,332,240,11,7,1,1,1
601,529,425,58,10,6,1,1,1
601,531,277,415,10,6,1,1,1
602,407,154,199,9,6,1,1,1
602,522,332,240,11,7,1,1,1
602,529,425,58,10,6,1,1,1
602,531,277,415,10,6,1,1,1
603,407,153,195,10,6,1,1,1
603,522,329,242,11,7,1,1,1
603,529,428,60,9,6,1,1,1
603,531,273,414,9,6,1,1,1
604,407,153,195,10,6,1,1,1
604,522,329,242,11,7,1,1,1
604,529,428,60,9,6,1,1,1
604,531,273,414,9,6,1,1,1
605,407,153,191,9,6,1,1,1
605,522,325,245,12,7,1,1,1
605,529,430,63,9,6,1,1,1
605,531,269,413,9,6,1,1,1
606,407,153,191,9,6,1,1,1
606,522,325,245,12,7,1,1,1
606,529,430,63,9,6,1,1,1
606,531,269,413,9,6,1,1,1
607,407,152,187,10,6,1,1,1
607,522,322,247,11,7,1,1,1
607,529,432,65,9,6,1,1,1
607,531,264,411,10,7,1,1,1
608,407,152,187,10,6,1,1,1
608,522,322,247,11,7,1,1,1
608,529,432,65,9,6,1,1,1
608,531,264,411,10,7,1,1,1
609,407,152,183,9,6,1,1,1
609,522,319,250,11,6,1,1,1
609,529,434,68,9,6,1,1,1
609,531,260,410,9,6,1,1,1
610,407,152,183,9,6,1,1,1
610,522,319,250,11,6,1,1,1
610,529,434,68,9,6,1,1,1
610,531,260,410,9,6,1,1,1
611,407,151,179,10,6,1,1,1
611,522,315,252,11,7,1,1,1
611,529,435,70,10,6,1,1,1
611,531,255,409,9,6,1,1,1
612,407,151,179,10,6,1,1,1
612,522,315,252,11,7,1,1,1
612,529,435,70,10,6,1,1,1
612,531,255,409,9,6,1,1,1
613,407,151,175,10,6,1,1,1
613,522,312,255,10,6,1,1,1
613,529,437,73,10,6,1,1,1
613,531,251,407,10,7,1,1,1
614,407,151,175,10,6,1,1,1
614,522,312,255,10,6,1,1,1
614,529,437,73,10,6,1,1,1
614,531,251,407,10,7,1,1,1
615,407,151,171,10,6,1,1,1
615,522,308,257,11,6,1,1,1
615,529,439,76,9,6,1,1,1
615,531,246,406,10,6,1,1,1
616,407,151,171,10,6,1,1,1
616,522,308,257,11,6,1,1,1
616,529,439,76,9,6,1,1,1
616,531,246,406,10,6,1,1,1
617,407,150,167,10,6,1,1,1
617,522,305,259,10,7,1,1,1
617,529,440,79,10,6,1,1,1
617,531,242,404,9,6,1,1,1
618,407,150,167,10,6,1,1,1
618,522,305,259,10,7,1,1,1
618,529,440,79,10,6,1,1,1
618,531,242,404,9,6,1,1,1
619,407,150,163,10,6,1,1,1
619,522,301,262,10,6,1,1,1
619,529,441,82,10,6,1,1,1
619,531,237,402,9,6,1,1,1
620,407,150,163,10,6,1,1,1
620,522,301,262,10,6,1,1,1
620,529,441,82,10,6,1,1,1
620,531,237,402,9,6,1,1,1
621,407,151,159,10,7,1,1,1
621,522,296,264,11,6,1,1,1
621,529,443,85,10,6,1,1,1
621,531,232,400,10,7,1,1,1
622,407,151,159,10,7,1,1,1
622,522,296,264,11,6,1,1,1
622,529,443,85,10,6,1,1,1
622,531,232,400,10,7,1,1,1
623,407,151,156,10,6,1,1,1
623,522,292,266,10,6,1,1,1
623,529,444,88,10,6,1,1,1
623,531,227,398,11,7,1,1,1
624,407,151,156,10,6,1,1,1
624,522,292,266,10,6,1,1,1
624,529,444,88,10,6,1,1,1
624,531,227,398,11,7,1,1,1
625,407,151,152,10,6,1,1,1
625,522,288,268,10,6,1,1,1
625,529,445,91,10,6,1,1,1
625,531,223,396,10,7,1,1,1
626,407,151,152,10,6,1,1,1
626,522,288,268,10,6,1,1,1
626,529,445,91,10,6,1,1,1
626,531,223,396,10,7,1,1,1
627,407,152,148,10,7,1,1,1
627,522,284,270,10,6,1,1,1
627,529,447,95,9,5,1,1,1
627,531,219,395,9,6,1,1,1
628,407,152,148,10,7,1,1,1
628,522,284,270,10,6,1,1,1
628,529,447,95,9,5,1,1,1
628,531,219,395,9,6,1,1,1
629,407,153,145,10,6,1,1,1
629,522,280,272,10,6,1,1,1
629,529,448,98,9,6,1,1,1
629,531,214,392,11,7,1,1,1
630,407,153,145,10,6,1,1,1
630,522,280,272,10,6,1,1,1
630,529,448,98,9,6,1,1,1
630,531,214,392,11,7,1,1,1
631,407,154,141,10,6,1,1,1
631,522,276,274,10,6,1,1,1
631,529,449,101,10,6,1,1,1
631,531,209,390,11,7,1,1,1
632,407,154,141,10,6,1,1,1
632,522,276,274,10,6,1,1,1
632,529,449,101,10,6,1,1,1
632,531,209,390,11,7,1,1,1
633,407,154,137,10,6,1,1,1
633,522,272,275,10,6,1,1,1
633,529,450,105,10,6,1,1,1
633,531,206,388,9,6,1,1,1
634,407,154,137,10,6,1,1,1
634,522,272,275,10,6,1,1,1
634,529,450,105,10,6,1,1,1
634,531,206,388,9,6,1,1,1
635,407,155,134,10,6,1,1,1
635,522,267,277,10,6,1,1,1
635,529,451,108,10,6,1,1,1
635,531,202,386,9,6,1,1,1
635,533,0,421,12,7,1,1,1
636,407,155,134,10,6,1,1,1
636,522,267,277,10,6,1,1,1
636,529,451,108,10,6,1,1,1
636,531,202,386,9,6,1,1,1
636,533,0,421,12,7,1,1,1
637,407,157,130,9,6,1,1,1
637,522,263,278,11,6,1,1,1
637,529,452,112,10,6,1,1,1
637,531,198,384,9,6,1,1,1
637,533,0,421,13,8,1,1,1
638,407,157,130,9,6,1,1,1
638,522,263,278,11,6,1,1,1
638,529,452,112,10,6,1,1,1
638,531,198,384,9,6,1,1,1
638,533,0,421,13,8,1,1,1
639,407,158,127,9,5,1,1,1
639,522,259,279,10,6,1,1,1
639,529,453,116,10,6,1,1,1
639,531,193,381,11,7,1,1,1
639,533,1,421,12,8,1,1,1
640,407,158,127,9,5,1,1,1
640,522,259,279,10,6,1,1,1
640,529,453,116,10,6,1,1,1
640,531,193,381,11,7,1,1,1
640,533,1,421,12,8,1,1,1
641,407,159,123,9,6,1,1,1
641,522,254,280,12,7,1,1,1
641,529,454,119,10,6,1,1,1
641,531,189,379,10,6,1,1,1
641,533,1,421,12,8,1,1,1
642,407,159,123,9,6,1,1,1
642,522,254,280,12,7,1,1,1
642,529,454,119,10,6,1,1,1
642,531,189,379,10,6,1,1,1
642,533,1,421,12,8,1,1,1
643,407,160,120,9,6,1,1,1
643,522,250,281,12,7,1,1,1
643,529,455,123,10,6,1,1,1
643,531,185,376,11,7,1,1,1
643,533,1,421,12,8,1,1,1
644,407,160,120,9,6,1,1,1
644,522,250,281,12,7,1,1,1
644,529,455,123,10,6,1,1,1
644,531,185,376,11,7,1,1,1
644,533,1,421,12,8,1,1,1
645,407,160,117,10,6,1,1,1
645,522,246,282,12,7,1,1,1
645,529,456,127,9,6,1,1,1
645,531,182,374,10,6,1,1,1
645,533,1,421,12,8,1,1,1
646,407,160,117,10,6,1,1,1
646,522,246,282,12,7,1,1,1
646,529,456,127,9,6,1,1,1
646,531,182,374,10,6,1,1,1
646,533,1,421,12,8,1,1,1
647,407,161,113,10,6,1,1,1
647,522,242,283,12,7,1,1,1
647,529,456,131,10,6,1,1,1
647,531,179,371,9,6,1,1,1
647,533,1,420,12,9,1,1,1
648,407,161,113,10,6,1,1,1
648,522,242,283,12,7,1,1,1
648,529,456,131,10,6,1,1,1
648,531,179,371,9,6,1,1,1
648,533,1,420,12,9,1,1,1
649,407,162,110,10,6,1,1,1
649,522,238,284,12,7,1,1,1
649,529,457,135,9,6,1,1,1
649,531,175,368,10,6,1,1,1
650,407,162,110,10,6,1,1,1
650,522,238,284,12,7,1,1,1
650,529,457,135,9,6,1,1,1
650,531,175,368,10,6,1,1,1
651,407,163,107,10,6,1,1,1
651,522,234,285,12,7,1,1,1
651,529,458,139,9,6,1,1,1
651,531,172,365,9,6,1,1,1
652,407,163,107,10,6,1,1,1
652,522,234,285,12,7,1,1,1
652,529,458,139,9,6,1,1,1
652,531,172,365,9,6,1,1,1
653,407,164,104,10,6,1,1,1
653,522,230,286,11,6,1,1,1
653,529,458,143,10,6,1,1,1
653,531,168,361,11,7,1,1,1
654,407,164,104,10,6,1,1,1
654,522,230,286,11,6,1,1,1
654,529,458,143,10,6,1,1,1
654,531,168,361,11,7,1,1,1
655,407,165,101,9,6,1,1,1
655,517,458,148,9,5,1,1,1
655,522,226,287,12,7,1,1,1
655,529,459,146,10,6,1,1,1
655,531,165,358,10,7,1,1,1
656,407,165,101,9,6,1,1,1
656,517,458,148,9,5,1,1,1
656,522,226,287,12,7,1,1,1
656,529,459,146,10,6,1,1,1
656,531,165,358,10,7,1,1,1
657,407,165,98,10,6,1,1,1
657,517,460,148,9,5,1,1,1
657,522,223,288,10,6,1,1,1
657,531,162,355,10,7,1,1,1
658,407,165,98,10,6,1,1,1
658,517,460,148,9,5,1,1,1
658,522,223,288,10,6,1,1,1
658,531,162,355,10,7,1,1,1
659,407,166,95,10,6,1,1,1
659,522,219,289,10,6,1,1,1
659,531,159,352,10,6,1,1,1
660,407,166,95,10,6,1,1,1
660,522,219,289,10,6,1,1,1
660,531,159,352,10,6,1,1,1
661,407,168,93,9,5,1,1,1
661,522,214,289,11,7,1,1,1
661,531,156,349,10,6,1,1,1
662,407,168,93,9,5,1,1,1
662,522,214,289,11,7,1,1,1
662,531,156,349,10,6,1,1,1
663,407,169,90,9,6,1,1,1
663,522,210,290,10,6,1,1,1
663,531,153,345,10,7,1,1,1
664,407,169,90,9,6,1,1,1
664,522,210,290,10,6,1,1,1
664,531,153,345,10,7,1,1,1
665,407,170,87,10,6,1,1,1
665,522,206,290,10,6,1,1,1
665,531,149,342,10,6,1,1,1
665,533,1,421,11,7,1,1,1
666,407,170,87,10,6,1,1,1
666,522,206,290,10,6,1,1,1
666,531,149,342,10,6,1,1,1
666,533,1,421,11,7,1,1,1
667,407,171,85,10,6,1,1,1
667,522,202,291,10,6,1,1,1
667,531,146,339,10,6,1,1,1
667,533,1,421,10,6,1,1,1
668,407,171,85,10,6,1,1,1
668,522,202,291,10,6,1,1,1
668,531,146,339,10,6,1,1,1
668,533,1,421,10,6,1,1,1
669,407,173,82,10,6,1,1,1
669,522,198,291,10,6,1,1,1
669,531,143,336,10,6,1,1,1
669,533,0,421,12,7,1,1,1
670,407,173,82,10,6,1,1,1
670,522,198,291,10,6,1,1,1
670,531,143,336,10,6,1,1,1
670,533,0,421,12,7,1,1,1
671,407,175,80,10,5,1,1,1
671,522,194,291,10,6,1,1,1
671,531,140,333,10,6,1,1,1
671,533,0,421,12,7,1,1,1
672,407,175,80,10,5,1,1,1
672,522,194,291,10,6,1,1,1
672,531,140,333,10,6,1,1,1
672,533,0,421,12,7,1,1,1
673,407,177,77,10,6,1,1,1
673,522,189,291,10,6,1,1,1
673,531,137,330,10,6,1,1,1
674,407,177,77,10,6,1,1,1
674,522,189,291,10,6,1,1,1
674,531,137,330,10,6,1,1,1
675,407,179,75,10,6,1,1,1
675,522,185,291,11,6,1,1,1
675,531,134,327,10,6,1,1,1
676,407,179,75,10,6,1,1,1
676,522,185,291,11,6,1,1,1
676,531,134,327,10,6,1,1,1
677,407,181,73,10,6,1,1,1
677,522,181,291,10,6,1,1,1
677,531,132,323,9,6,1,1,1
678,407,181,73,10,6,1,1,1
678,522,181,291,10,6,1,1,1
678,531,132,323,9,6,1,1,1
679,407,183,70,10,6,1,1,1
679,522,177,291,10,6,1,1,1
679,531,129,320,10,6,1,1,1
680,407,183,70,10,6,1,1,1
680,522,177,291,10,6,1,1,1
680,531,129,320,10,6,1,1,1
681,407,185,68,10,6,1,1,1
681,522,172,290,12,7,1,1,1
681,531,126,316,10,6,1,1,1
682,407,185,68,10,6,1,1,1
682,522,172,290,12,7,1,1,1
682,531,126,316,10,6,1,1,1
683,407,188,67,9,5,1,1,1
683,522,168,290,12,7,1,1,1
683,531,124,312,10,7,1,1,1
684,407,188,67,9,5,1,1,1
684,522,168,290,12,7,1,1,1
684,531,124,312,10,7,1,1,1
685,407,190,65,10,6,1,1,1
685,522,165,290,11,6,1,1,1
685,531,121,309,10,6,1,1,1
686,407,190,65,10,6,1,1,1
686,522,165,290,11,6,1,1,1
686,531,121,309,10,6,1,1,1
687,407,192,63,9,6,1,1,1
687,522,161,289,11,7,1,1,1
687,531,119,305,11,7,1,1,1
688,407,192,63,9,6,1,1,1
688,522,161,289,11,7,1,1,1
688,531,119,305,11,7,1,1,1
689,407,193,61,10,6,1,1,1
689,522,157,289,12,7,1,1,1
689,531,117,301,10,7,1,1,1
690,407,193,61,10,6,1,1,1
690,522,157,289,12,7,1,1,1
690,531,117,301,10,7,1,1,1
691,407,196,60,10,6,1,1,1
691,522,153,288,12,7,1,1,1
691,531,115,298,10,6,1,1,1
692,407,196,60,10,6,1,1,1
692,522,153,288,12,7,1,1,1
692,531,115,298,10,6,1,1,1
693,407,198,58,10,6,1,1,1
693,522,149,288,12,7,1,1,1
693,531,113,294,10,6,1,1,1
694,407,198,58,10,6,1,1,1
694,522,149,288,12,7,1,1,1
694,531,113,294,10,6,1,1,1
695,407,200,57,10,6,1,1,1
695,522,145,287,12,7,1,1,1
695,531,111,290,10,6,1,1,1
696,407,200,57,10,6,1,1,1
696,522,145,287,12,7,1,1,1
696,531,111,290,10,6,1,1,1
697,407,202,55,10,6,1,1,1
697,522,142,287,10,6,1,1,1
697,531,110,287,10,6,1,1,1
698,407,202,55,10,6,1,1,1
698,522,142,287,10,6,1,1,1
698,531,110,287,10,6,1,1,1
699,407,204,54,10,6,1,1,1
699,522,138,286,11,6,1,1,1
699,531,108,283,10,6,1,1,1
700,407,204,54,10,6,1,1,1
700,522,138,286,11,6,1,1,1
700,531,108,283,10,6,1,1,1
701,407,207,53,9,6,1,1,1
701,522,134,285,12,7,1,1,1
701,531,106,279,11,7,1,1,1
702,407,207,53,9,6,1,1,1
702,522,134,285,12,7,1,1,1
702,531,106,279,11,7,1,1,1
703,407,209,52,9,6,1,1,1
703,522,131,285,10,6,1,1,1
703,531,105,276,10,6,1,1,1
704,407,209,52,9,6,1,1,1
704,522,131,285,10,6,1,1,1
704,531,105,276,10,6,1,1,1
705,407,211,51,9,6,1,1,1
705,522,127,284,11,6,1,1,1
705,531,103,272,10,6,1,1,1
706,407,211,51,9,6,1,1,1
706,522,127,284,11,6,1,1,1
706,531,103,272,10,6,1,1,1
707,407,213,50,9,6,1,1,1
707,522,123,282,12,7,1,1,1
707,531,103,268,9,6,1,1,1
708,407,213,50,9,6,1,1,1
708,522,123,282,12,7,1,1,1
708,531,103,268,9,6,1,1,1
709,407,215,49,10,6,1,1,1
709,522,120,282,10,6,1,1,1
709,531,101,265,10,5,1,1,1
710,407,215,49,10,6,1,1,1
710,522,120,282,10,6,1,1,1
710,531,101,265,10,5,1,1,1
711,407,217,48,10,6,1,1,1
711,522,115,280,12,7,1,1,1
711,531,99,261,10,6,1,1,1
712,407,217,48,10,6,1,1,1
712,522,115,280,12,7,1,1,1
712,531,99,261,10,6,1,1,1
713,407,220,48,9,6,1,1,1
713,522,112,279,10,7,1,1,1
713,531,98,257,10,6,1,1,1
714,407,220,48,9,6,1,1,1
714,522,112,279,10,7,1,1,1
714,531,98,257,10,6,1,1,1
715,407,222,47,10,6,1,1,1
715,522,108,278,11,7,1,1,1
715,531,97,253,10,6,1,1,1
716,407,222,47,10,6,1,1,1
716,522,108,278,11,7,1,1,1
716,531,97,253,10,6,1,1,1
717,407,225,47,9,5,1,1,1
717,522,104,277,12,7,1,1,1
717,531,96,249,11,6,1,1,1
718,407,225,47,9,5,1,1,1
718,522,104,277,12,7,1,1,1
718,531,96,249,11,6,1,1,1
719,407,228,47,9,5,1,1,1
719,522,101,276,11,6,1,1,1
719,531,95,245,10,7,1,1,1
720,407,228,47,9,5,1,1,1
720,522,101,276,11,6,1,1,1
720,531,95,245,10,7,1,1,1
721,407,230,46,9,6,1,1,1
721,522,97,274,12,7,1,1,1
721,531,94,242,10,6,1,1,1
722,407,230,46,9,6,1,1,1
722,522,97,274,12,7,1,1,1
722,531,94,242,10,6,1,1,1
723,407,232,46,10,6,1,1,1
723,522,94,273,11,6,1,1,1
723,531,93,238,10,6,1,1,1
724,407,232,46,10,6,1,1,1
724,522,94,273,11,6,1,1,1
724,531,93,238,10,6,1,1,1
725,407,234,46,10,6,1,1,1
725,522,91,272,11,6,1,1,1
725,531,92,234,10,6,1,1,1
726,407,234,46,10,6,1,1,1
726,522,91,272,11,6,1,1,1
726,531,92,234,10,6,1,1,1
727,407,238,46,9,5,1,1,1
727,522,88,270,11,7,1,1,1
727,531,92,230,10,6,1,1,1
728,407,238,46,9,5,1,1,1
728,522,88,270,11,7,1,1,1
728,531,92,230,10,6,1,1,1
729,407,240,46,9,5,1,1,1
729,522,85,268,12,7,1,1,1
729,531,91,226,10,6,1,1,1
730,407,240,46,9,5,1,1,1
730,522,85,268,12,7,1,1,1
730,531,91,226,10,6,1,1,1
731,407,243,46,9,5,1,1,1
731,522,82,267,11,6,1,1,1
731,531,90,222,10,6,1,1,1
732,407,243,46,9,5,1,1,1
732,522,82,267,11,6,1,1,1
732,531,90,222,10,6,1,1,1
733,407,245,46,10,6,1,1,1
733,522,79,265,12,7,1,1,1
733,531,90,218,10,6,1,1,1
734,407,245,46,10,6,1,1,1
734,522,79,265,12,7,1,1,1
734,531,90,218,10,6,1,1,1
735,407,247,46,10,6,1,1,1
735,522,76,263,12,7,1,1,1
735,531,90,214,10,6,1,1,1
736,407,247,46,10,6,1,1,1
736,522,76,263,12,7,1,1,1
736,531,90,214,10,6,1,1,1
737,407,250,46,10,6,1,1,1
737,522,73,262,11,6,1,1,1
737,531,89,211,10,6,1,1,1
738,407,250,46,10,6,1,1,1
738,522,73,262,11,6,1,1,1
738,531,89,211,10,6,1,1,1
739,407,252,47,11,6,1,1,1
739,522,71,260,10,6,1,1,1
739,531,90,207,9,6,1,1,1
740,407,252,47,11,6,1,1,1
740,522,71,260,10,6,1,1,1
740,531,90,207,9,6,1,1,1
741,407,255,47,10,6,1,1,1
741,522,68,258,11,6,1,1,1
741,531,89,204,10,5,1,1,1
742,407,255,47,10,6,1,1,1
742,522,68,258,11,6,1,1,1
742,531,89,204,10,5,1,1,1
743,407,257,48,11,6,1,1,1
743,522,65,256,12,7,1,1,1
743,531,89,200,10,6,1,1,1
744,407,257,48,11,6,1,1,1
744,522,65,256,12,7,1,1,1
744,531,89,200,10,6,1,1,1
745,407,260,49,10,6,1,1,1
745,522,63,254,10,7,1,1,1
745,531,89,196,10,6,1,1,1
746,407,260,49,10,6,1,1,1
746,522,63,254,10,7,1,1,1
746,531,89,196,10,6,1,1,1
747,407,262,49,10,6,1,1,1
747,522,60,253,11,6,1,1,1
747,531,88,192,10,6,1,1,1
748,407,262,49,10,6,1,1,1
748,522,60,253,11,6,1,1,1
748,531,88,192,10,6,1,1,1
749,407,265,50,10,6,1,1,1
749,522,58,251,10,6,1,1,1
749,531,89,189,10,6,1,1,1
750,407,265,50,10,6,1,1,1
750,522,58,251,10,6,1,1,1
750,531,89,189,10,6,1,1,1
