1,1,427,8,11,7,1,1,1
1,2,588,184,10,6,1,1,1
1,3,261,233,8,6,1,1,1
1,4,480,406,10,6,1,1,1
2,1,427,8,11,7,1,1,1
2,2,588,184,10,6,1,1,1
2,3,261,233,8,6,1,1,1
2,4,480,406,10,6,1,1,1
13,22,266,216,10,6,1,1,1
13,24,444,24,10,6,1,1,1
14,22,266,216,10,6,1,1,1
14,24,444,24,10,6,1,1,1
15,22,266,213,11,6,1,1,1
15,24,445,25,9,6,1,1,1
16,22,266,213,11,6,1,1,1
16,24,445,25,9,6,1,1,1
17,22,268,210,11,6,1,1,1
18,22,268,210,11,6,1,1,1
19,22,269,207,11,6,1,1,1
20,22,269,207,11,6,1,1,1
21,22,271,204,11,6,1,1,1
22,22,271,204,11,6,1,1,1
23,22,273,201,10,6,1,1,1
24,22,273,201,10,6,1,1,1
25,22,274,198,11,6,1,1,1
26,22,274,198,11,6,1,1,1
27,22,276,195,10,6,1,1,1
28,22,276,195,10,6,1,1,1
29,22,278,192,9,6,1,1,1
29,47,432,433,10,6,1,1,1
30,22,278,192,9,6,1,1,1
30,47,432,433,10,6,1,1,1
31,22,280,190,9,5,1,1,1
31,47,430,434,10,6,1,1,1
32,22,280,190,9,5,1,1,1
32,47,430,434,10,6,1,1,1
33,22,282,187,10,5,1,1,1
33,47,426,435,10,6,1,1,1
34,22,282,187,10,5,1,1,1
34,47,426,435,10,6,1,1,1
35,22,284,184,9,6,1,1,1
35,47,423,436,8,6,1,1,1
35,52,470,57,11,7,1,1,1
36,22,284,184,9,6,1,1,1
36,47,423,436,8,6,1,1,1
36,52,470,57,11,7,1,1,1
37,22,286,182,9,5,1,1,1
37,47,419,437,9,5,1,1,1
37,52,471,58,11,7,1,1,1
38,22,286,182,9,5,1,1,1
38,47,419,437,9,5,1,1,1
38,52,471,58,11,7,1,1,1
39,22,288,179,9,5,1,1,1
39,47,415,437,9,6,1,1,1
40,22,288,179,9,5,1,1,1
40,47,415,437,9,6,1,1,1
41,22,290,176,9,6,1,1,1
41,47,411,438,10,5,1,1,1
42,22,290,176,9,6,1,1,1
42,47,411,438,10,5,1,1,1
43,22,291,174,10,5,1,1,1
43,47,408,438,9,6,1,1,1
44,22,291,174,10,5,1,1,1
44,47,408,438,9,6,1,1,1
45,22,293,171,10,6,1,1,1
45,47,404,439,9,5,1,1,1
46,22,293,171,10,6,1,1,1
46,47,404,439,9,5,1,1,1
47,22,295,169,9,5,1,1,1
47,47,401,439,9,5,1,1,1
48,22,295,169,9,5,1,1,1
48,47,401,439,9,5,1,1,1
49,22,297,166,10,5,1,1,1
49,47,397,439,9,5,1,1,1
50,22,297,166,10,5,1,1,1
50,47,397,439,9,5,1,1,1
51,22,299,163,9,6,1,1,1
51,47,394,439,8,5,1,1,1
52,22,299,163,9,6,1,1,1
52,47,394,439,8,5,1,1,1
53,22,301,161,10,5,1,1,1
53,47,391,439,8,5,1,1,1
54,22,301,161,10,5,1,1,1
54,47,391,439,8,5,1,1,1
55,22,303,158,9,6,1,1,1
55,47,387,439,9,5,1,1,1
56,22,303,158,9,6,1,1,1
56,47,387,439,9,5,1,1,1
57,22,306,156,8,5,1,1,1
58,22,306,156,8,5,1,1,1
59,22,308,154,8,5,1,1,1
60,22,308,154,8,5,1,1,1
61,22,310,151,8,5,1,1,1
62,22,310,151,8,5,1,1,1
63,22,311,149,10,5,1,1,1
64,22,311,149,10,5,1,1,1
65,22,314,146,9,6,1,1,1
66,22,314,146,9,6,1,1,1
67,22,316,144,10,5,1,1,1
68,22,316,144,10,5,1,1,1
69,22,318,141,10,6,1,1,1
70,22,318,141,10,6,1,1,1
71,22,321,139,9,6,1,1,1
72,22,321,139,9,6,1,1,1
73,22,323,137,10,5,1,1,1
73,89,359,431,8,5,1,1,1
74,22,323,137,10,5,1,1,1
74,89,359,431,8,5,1,1,1
75,22,326,134,10,6,1,1,1
75,89,356,429,9,6,1,1,1
76,22,326,134,10,6,1,1,1
76,89,356,429,9,6,1,1,1
77,22,329,132,10,6,1,1,1
77,89,353,428,9,5,1,1,1
78,22,329,132,10,6,1,1,1
78,89,353,428,9,5,1,1,1
79,22,332,130,9,6,1,1,1
79,89,350,426,9,6,1,1,1
80,22,332,130,9,6,1,1,1
80,89,350,426,9,6,1,1,1
81,22,335,128,9,5,1,1,1
81,89,347,424,9,6,1,1,1
82,22,335,128,9,5,1,1,1
82,89,347,424,9,6,1,1,1
83,22,338,126,9,5,1,1,1
83,89,344,422,9,6,1,1,1
83,101,508,136,11,6,1,1,1
84,22,338,126,9,5,1,1,1
84,89,344,422,9,6,1,1,1
84,101,508,136,11,6,1,1,1
85,22,341,124,10,6,1,1,1
85,89,341,421,9,6,1,1,1
85,101,508,137,11,6,1,1,1
86,22,341,124,10,6,1,1,1
86,89,341,421,9,6,1,1,1
86,101,508,137,11,6,1,1,1
87,22,344,122,10,6,1,1,1
87,89,337,419,10,6,1,1,1
88,22,344,122,10,6,1,1,1
88,89,337,419,10,6,1,1,1
89,22,347,120,9,6,1,1,1
89,89,335,417,9,5,1,1,1
89,106,510,146,11,6,1,1,1
90,22,347,120,9,6,1,1,1
90,89,335,417,9,5,1,1,1
90,106,510,146,11,6,1,1,1
91,22,350,118,10,6,1,1,1
91,89,332,415,8,5,1,1,1
91,106,510,149,11,6,1,1,1
92,22,350,118,10,6,1,1,1
92,89,332,415,8,5,1,1,1
92,106,510,149,11,6,1,1,1
93,22,353,117,9,5,1,1,1
93,89,329,413,8,5,1,1,1
93,106,511,150,11,6,1,1,1
94,22,353,117,9,5,1,1,1
94,89,329,413,8,5,1,1,1
94,106,511,150,11,6,1,1,1
95,22,357,115,8,5,1,1,1
95,89,326,411,8,5,1,1,1
95,109,512,156,10,6,1,1,1
96,22,357,115,8,5,1,1,1
96,89,326,411,8,5,1,1,1
96,109,512,156,10,6,1,1,1
97,22,359,113,9,6,1,1,1
97,109,512,159,10,6,1,1,1
98,22,359,113,9,6,1,1,1
98,109,512,159,10,6,1,1,1
99,22,362,112,9,5,1,1,1
99,109,512,162,10,6,1,1,1
100,22,362,112,9,5,1,1,1
100,109,512,162,10,6,1,1,1
101,22,365,110,8,5,1,1,1
101,109,513,166,9,5,1,1,1
102,22,365,110,8,5,1,1,1
102,109,513,166,9,5,1,1,1
103,22,367,108,10,6,1,1,1
103,109,513,169,10,6,1,1,1
104,22,367,108,10,6,1,1,1
104,109,513,169,10,6,1,1,1
105,22,370,107,9,5,1,1,1
105,109,513,172,10,6,1,1,1
106,22,370,107,9,5,1,1,1
106,109,513,172,10,6,1,1,1
107,22,373,105,10,6,1,1,1
107,109,513,175,10,6,1,1,1
108,22,373,105,10,6,1,1,1
108,109,513,175,10,6,1,1,1
109,22,375,104,10,6,1,1,1
109,109,513,178,10,6,1,1,1
110,22,375,104,10,6,1,1,1
110,109,513,178,10,6,1,1,1
111,22,379,103,8,5,1,1,1
111,109,512,181,10,6,1,1,1
112,22,379,103,8,5,1,1,1
112,109,512,181,10,6,1,1,1
113,22,381,101,10,6,1,1,1
113,109,512,185,10,6,1,1,1
113,120,518,420,10,6,1,1,1
114,22,381,101,10,6,1,1,1
114,109,512,185,10,6,1,1,1
114,120,518,420,10,6,1,1,1
115,22,384,100,10,6,1,1,1
115,109,511,188,10,6,1,1,1
115,120,517,421,10,6,1,1,1
116,22,384,100,10,6,1,1,1
116,109,511,188,10,6,1,1,1
116,120,517,421,10,6,1,1,1
117,22,387,99,10,6,1,1,1
117,109,511,191,10,6,1,1,1
118,22,387,99,10,6,1,1,1
118,109,511,191,10,6,1,1,1
119,22,390,98,9,6,1,1,1
119,109,510,195,10,6,1,1,1
120,22,390,98,9,6,1,1,1
120,109,510,195,10,6,1,1,1
121,22,394,97,8,5,1,1,1
121,109,509,198,10,6,1,1,1
122,22,394,97,8,5,1,1,1
122,109,509,198,10,6,1,1,1
123,22,396,96,9,6,1,1,1
123,109,508,201,11,6,1,1,1
124,22,396,96,9,6,1,1,1
124,109,508,201,11,6,1,1,1
125,22,398,95,10,6,1,1,1
125,109,508,204,10,6,1,1,1
126,22,398,95,10,6,1,1,1
126,109,508,204,10,6,1,1,1
127,22,402,95,8,5,1,1,1
127,109,506,207,11,6,1,1,1
128,22,402,95,8,5,1,1,1
128,109,506,207,11,6,1,1,1
129,22,405,94,8,5,1,1,1
129,109,505,210,10,6,1,1,1
130,22,405,94,8,5,1,1,1
130,109,505,210,10,6,1,1,1
131,22,407,94,8,5,1,1,1
131,109,504,214,10,6,1,1,1
132,22,407,94,8,5,1,1,1
132,109,504,214,10,6,1,1,1
133,22,410,93,8,5,1,1,1
133,109,502,217,10,6,1,1,1
134,22,410,93,8,5,1,1,1
134,109,502,217,10,6,1,1,1
135,22,412,93,9,5,1,1,1
135,109,501,220,10,6,1,1,1
136,22,412,93,9,5,1,1,1
136,109,501,220,10,6,1,1,1
137,22,415,92,8,5,1,1,1
137,24,414,92,10,6,1,1,1
137,109,499,223,10,6,1,1,1
137,143,471,442,9,6,1,1,1
138,22,415,92,8,5,1,1,1
138,24,414,92,10,6,1,1,1
138,109,499,223,10,6,1,1,1
138,143,471,442,9,6,1,1,1
139,24,416,93,9,6,1,1,1
139,109,497,226,10,6,1,1,1
139,143,470,443,9,6,1,1,1
140,24,416,93,9,6,1,1,1
140,109,497,226,10,6,1,1,1
140,143,470,443,9,6,1,1,1
141,24,415,94,10,6,1,1,1
141,109,495,229,10,6,1,1,1
142,24,415,94,10,6,1,1,1
142,109,495,229,10,6,1,1,1
143,109,493,232,10,6,1,1,1
143,150,420,93,10,5,1,1,1
144,109,493,232,10,6,1,1,1
144,150,420,93,10,5,1,1,1
145,109,490,235,11,6,1,1,1
145,150,422,93,10,5,1,1,1
146,109,490,235,11,6,1,1,1
146,150,422,93,10,5,1,1,1
147,52,426,92,7,6,1,1,1
147,109,488,238,10,5,1,1,1
147,150,423,93,10,5,1,1,1
148,52,426,92,7,6,1,1,1
148,109,488,238,10,5,1,1,1
148,150,423,93,10,5,1,1,1
149,52,426,93,9,5,1,1,1
149,109,485,240,11,6,1,1,1
150,52,426,93,9,5,1,1,1
150,109,485,240,11,6,1,1,1
151,52,428,93,9,6,1,1,1
151,109,482,243,11,6,1,1,1
152,52,428,93,9,6,1,1,1
152,109,482,243,11,6,1,1,1
153,52,430,93,8,6,1,1,1
153,109,480,246,10,6,1,1,1
154,52,430,93,8,6,1,1,1
154,109,480,246,10,6,1,1,1
155,52,432,94,9,5,1,1,1
155,109,477,248,10,7,1,1,1
156,52,432,94,9,5,1,1,1
156,109,477,248,10,7,1,1,1
157,52,434,94,9,5,1,1,1
157,109,474,251,10,6,1,1,1
158,52,434,94,9,5,1,1,1
158,109,474,251,10,6,1,1,1
159,52,436,95,9,5,1,1,1
159,109,471,254,10,6,1,1,1
160,52,436,95,9,5,1,1,1
160,109,471,254,10,6,1,1,1
161,52,437,95,10,6,1,1,1
161,109,467,256,11,6,1,1,1
162,52,437,95,10,6,1,1,1
162,109,467,256,11,6,1,1,1
163,52,439,96,9,6,1,1,1
163,109,464,259,10,6,1,1,1
164,52,439,96,9,6,1,1,1
164,109,464,259,10,6,1,1,1
165,52,441,97,10,5,1,1,1
165,109,460,261,11,7,1,1,1
166,52,441,97,10,5,1,1,1
166,109,460,261,11,7,1,1,1
167,52,442,97,10,6,1,1,1
167,109,457,263,10,7,1,1,1
168,52,442,97,10,6,1,1,1
168,109,457,263,10,7,1,1,1
169,52,444,98,10,6,1,1,1
169,109,453,266,11,7,1,1,1
170,52,444,98,10,6,1,1,1
170,109,453,266,11,7,1,1,1
171,52,446,99,9,6,1,1,1
171,109,449,268,11,7,1,1,1
172,52,446,99,9,6,1,1,1
172,109,449,268,11,7,1,1,1
173,52,448,101,8,5,1,1,1
173,109,445,271,11,6,1,1,1
174,52,448,101,8,5,1,1,1
174,109,445,271,11,6,1,1,1
175,52,449,102,8,5,1,1,1
175,109,442,273,10,7,1,1,1
176,52,449,102,8,5,1,1,1
176,109,442,273,10,7,1,1,1
177,52,450,103,9,6,1,1,1
177,109,438,276,10,6,1,1,1
178,52,450,103,9,6,1,1,1
178,109,438,276,10,6,1,1,1
179,52,451,105,9,5,1,1,1
179,109,434,278,9,6,1,1,1
180,52,451,105,9,5,1,1,1
180,109,434,278,9,6,1,1,1
181,52,452,106,9,6,1,1,1
181,109,429,281,10,5,1,1,1
182,52,452,106,9,6,1,1,1
182,109,429,281,10,5,1,1,1
183,52,453,108,9,5,1,1,1
183,109,425,283,9,6,1,1,1
184,52,453,108,9,5,1,1,1
184,109,425,283,9,6,1,1,1
185,52,453,109,10,6,1,1,1
185,109,420,285,10,6,1,1,1
186,52,453,109,10,6,1,1,1
186,109,420,285,10,6,1,1,1
187,52,454,111,10,6,1,1,1
187,109,416,287,9,6,1,1,1
188,52,454,111,10,6,1,1,1
188,109,416,287,9,6,1,1,1
189,52,455,113,10,6,1,1,1
189,109,411,289,10,6,1,1,1
190,52,455,113,10,6,1,1,1
190,109,411,289,10,6,1,1,1
191,52,456,115,9,5,1,1,1
191,109,406,291,10,6,1,1,1
192,52,456,115,9,5,1,1,1
192,109,406,291,10,6,1,1,1
193,52,457,117,8,5,1,1,1
193,109,401,293,10,6,1,1,1
194,52,457,117,8,5,1,1,1
194,109,401,293,10,6,1,1,1
195,52,457,119,8,5,1,1,1
195,109,397,295,9,6,1,1,1
196,52,457,119,8,5,1,1,1
196,109,397,295,9,6,1,1,1
197,52,457,121,9,5,1,1,1
197,109,391,297,10,6,1,1,1
198,52,457,121,9,5,1,1,1
198,109,391,297,10,6,1,1,1
199,52,457,123,9,6,1,1,1
199,109,386,298,10,7,1,1,1
200,52,457,123,9,6,1,1,1
200,109,386,298,10,7,1,1,1
201,52,457,125,10,6,1,1,1
201,109,381,300,10,6,1,1,1
202,52,457,125,10,6,1,1,1
202,109,381,300,10,6,1,1,1
203,52,457,128,9,5,1,1,1
203,109,376,302,9,6,1,1,1
204,52,457,128,9,5,1,1,1
204,109,376,302,9,6,1,1,1
205,52,457,130,9,6,1,1,1
205,109,371,304,8,5,1,1,1
206,52,457,130,9,6,1,1,1
206,109,371,304,8,5,1,1,1
207,52,457,132,10,6,1,1,1
207,109,365,305,10,6,1,1,1
208,52,457,132,10,6,1,1,1
208,109,365,305,10,6,1,1,1
209,52,457,135,9,5,1,1,1
209,109,359,306,10,7,1,1,1
210,52,457,135,9,5,1,1,1
210,109,359,306,10,7,1,1,1
211,52,457,137,9,6,1,1,1
211,109,354,308,10,6,1,1,1
212,52,457,137,9,6,1,1,1
212,109,354,308,10,6,1,1,1
213,52,456,140,10,6,1,1,1
213,109,348,309,10,6,1,1,1
214,52,456,140,10,6,1,1,1
214,109,348,309,10,6,1,1,1
215,52,456,143,9,5,1,1,1
215,109,342,311,10,6,1,1,1
216,52,456,143,9,5,1,1,1
216,109,342,311,10,6,1,1,1
217,52,456,146,8,5,1,1,1
217,109,336,312,10,6,1,1,1
218,52,456,146,8,5,1,1,1
218,109,336,312,10,6,1,1,1
219,52,456,148,8,5,1,1,1
219,101,454,149,11,6,1,1,1
219,109,331,313,10,6,1,1,1
220,52,456,148,8,5,1,1,1
220,101,454,149,11,6,1,1,1
220,109,331,313,10,6,1,1,1
221,101,454,151,10,6,1,1,1
221,109,325,314,10,6,1,1,1
222,101,454,151,10,6,1,1,1
222,109,325,314,10,6,1,1,1
223,101,453,151,10,6,1,1,1
223,109,318,315,11,6,1,1,1
224,101,453,151,10,6,1,1,1
224,109,318,315,11,6,1,1,1
225,109,313,316,10,6,1,1,1
226,109,313,316,10,6,1,1,1
227,109,307,318,9,5,1,1,1
228,109,307,318,9,5,1,1,1
229,109,301,319,9,5,1,1,1
230,109,301,319,9,5,1,1,1
231,109,295,319,10,6,1,1,1
232,109,295,319,10,6,1,1,1
233,109,289,320,10,6,1,1,1
234,109,289,320,10,6,1,1,1
235,109,283,321,10,6,1,1,1
236,109,283,321,10,6,1,1,1
237,109,277,322,9,5,1,1,1
238,109,277,322,9,5,1,1,1
239,109,271,322,10,6,1,1,1
240,109,271,322,10,6,1,1,1
241,109,264,322,10,6,1,1,1
242,109,264,322,10,6,1,1,1
243,109,258,323,10,6,1,1,1
244,109,258,323,10,6,1,1,1
245,109,251,323,11,6,1,1,1
246,109,251,323,11,6,1,1,1
247,109,245,323,11,7,1,1,1
248,109,245,323,11,7,1,1,1
249,109,238,323,11,7,1,1,1
250,109,238,323,11,7,1,1,1
251,109,232,323,11,7,1,1,1
251,221,165,133,9,6,1,1,1
252,109,232,323,11,7,1,1,1
252,221,165,133,9,6,1,1,1
253,109,225,324,11,6,1,1,1
253,221,165,130,9,6,1,1,1
254,109,225,324,11,6,1,1,1
254,221,165,130,9,6,1,1,1
255,109,219,324,10,6,1,1,1
255,221,164,127,9,6,1,1,1
256,109,219,324,10,6,1,1,1
256,221,164,127,9,6,1,1,1
257,109,212,323,11,7,1,1,1
257,221,163,124,9,6,1,1,1
258,109,212,323,11,7,1,1,1
258,221,163,124,9,6,1,1,1
259,109,206,324,10,6,1,1,1
259,221,162,121,10,6,1,1,1
260,109,206,324,10,6,1,1,1
260,221,162,121,10,6,1,1,1
261,109,198,323,11,7,1,1,1
261,221,162,118,9,6,1,1,1
262,109,198,323,11,7,1,1,1
262,221,162,118,9,6,1,1,1
263,109,192,323,10,6,1,1,1
263,221,162,116,8,5,1,1,1
264,109,192,323,10,6,1,1,1
264,221,162,116,8,5,1,1,1
265,109,186,323,10,6,1,1,1
265,221,161,113,9,6,1,1,1
266,109,186,323,10,6,1,1,1
266,221,161,113,9,6,1,1,1
267,109,179,322,11,7,1,1,1
267,221,160,110,9,6,1,1,1
268,109,179,322,11,7,1,1,1
268,221,160,110,9,6,1,1,1
269,109,172,322,11,6,1,1,1
269,221,160,108,8,6,1,1,1
270,109,172,322,11,6,1,1,1
270,221,160,108,8,6,1,1,1
271,109,166,321,11,7,1,1,1
271,221,159,106,9,5,1,1,1
272,109,166,321,11,7,1,1,1
272,221,159,106,9,5,1,1,1
273,109,159,321,11,6,1,1,1
273,221,158,103,9,6,1,1,1
274,109,159,321,11,6,1,1,1
274,221,158,103,9,6,1,1,1
275,109,153,320,11,7,1,1,1
275,221,157,101,10,6,1,1,1
276,109,153,320,11,7,1,1,1
276,221,157,101,10,6,1,1,1
277,109,146,320,10,6,1,1,1
277,221,157,99,9,6,1,1,1
278,109,146,320,10,6,1,1,1
278,221,157,99,9,6,1,1,1
279,109,140,319,10,6,1,1,1
279,221,156,97,10,6,1,1,1
280,109,140,319,10,6,1,1,1
280,221,156,97,10,6,1,1,1
281,109,133,318,10,6,1,1,1
281,221,155,95,10,6,1,1,1
282,109,133,318,10,6,1,1,1
282,221,155,95,10,6,1,1,1
283,109,126,317,11,7,1,1,1
283,221,155,94,9,5,1,1,1
284,109,126,317,11,7,1,1,1
284,221,155,94,9,5,1,1,1
285,109,120,316,11,7,1,1,1
285,221,154,92,10,6,1,1,1
286,109,120,316,11,7,1,1,1
286,221,154,92,10,6,1,1,1
287,109,113,315,12,7,1,1,1
287,221,154,90,9,6,1,1,1
288,109,113,315,12,7,1,1,1
288,221,154,90,9,6,1,1,1
289,109,109,314,11,7,1,1,1
289,221,156,89,9,6,1,1,1
290,109,109,314,11,7,1,1,1
290,221,156,89,9,6,1,1,1
291,109,102,313,12,7,1,1,1
291,221,155,87,10,6,1,1,1
292,109,102,313,12,7,1,1,1
292,221,155,87,10,6,1,1,1
293,260,117,312,10,6,1,1,1
294,260,117,312,10,6,1,1,1
295,260,120,311,10,6,1,1,1
296,260,120,311,10,6,1,1,1
297,260,124,309,11,7,1,1,1
298,260,124,309,11,7,1,1,1
299,260,129,308,11,6,1,1,1
300,260,129,308,11,6,1,1,1
301,260,135,307,10,6,1,1,1
302,260,135,307,10,6,1,1,1
303,260,141,305,10,6,1,1,1
304,260,141,305,10,6,1,1,1
305,260,146,304,10,6,1,1,1
306,260,146,304,10,6,1,1,1
307,260,150,302,10,6,1,1,1
307,285,242,81,10,5,1,1,1
308,260,150,302,10,6,1,1,1
308,285,242,81,10,5,1,1,1
309,285,242,80,10,5,1,1,1
310,285,242,80,10,5,1,1,1
311,285,241,79,12,5,1,1,1
312,285,241,79,12,5,1,1,1
313,285,242,78,10,6,1,1,1
314,285,242,78,10,6,1,1,1
315,285,241,78,12,5,1,1,1
316,285,241,78,12,5,1,1,1
317,285,242,77,10,6,1,1,1
318,285,242,77,10,6,1,1,1
319,285,242,77,10,5,1,1,1
319,304,113,292,10,6,1,1,1
320,285,242,77,10,5,1,1,1
320,304,113,292,10,6,1,1,1
321,304,115,290,12,7,1,1,1
322,304,115,290,12,7,1,1,1
323,304,116,289,12,7,1,1,1
324,304,116,289,12,7,1,1,1
351,369,412,82,9,6,1,1,1
352,369,412,82,9,6,1,1,1
353,369,411,83,10,6,1,1,1
354,369,411,83,10,6,1,1,1
355,369,412,84,10,6,1,1,1
356,369,412,84,10,6,1,1,1
357,369,412,85,10,6,1,1,1
358,369,412,85,10,6,1,1,1
359,369,412,86,10,6,1,1,1
360,369,412,86,10,6,1,1,1
361,369,412,88,10,6,1,1,1
362,369,412,88,10,6,1,1,1
363,369,413,90,9,5,1,1,1
364,369,413,90,9,5,1,1,1
365,369,412,91,10,6,1,1,1
366,369,412,91,10,6,1,1,1
367,369,412,93,10,6,1,1,1
368,369,412,93,10,6,1,1,1
369,369,413,95,8,6,1,1,1
369,389,223,161,11,6,1,1,1
370,369,413,95,8,6,1,1,1
370,389,223,161,11,6,1,1,1
371,369,413,97,8,5,1,1,1
371,389,222,160,12,6,1,1,1
372,369,413,97,8,5,1,1,1
372,389,222,160,12,6,1,1,1
373,369,413,99,8,5,1,1,1
374,369,413,99,8,5,1,1,1
375,369,413,101,8,5,1,1,1
375,393,223,153,8,5,1,1,1
376,369,413,101,8,5,1,1,1
376,393,223,153,8,5,1,1,1
377,369,412,103,10,6,1,1,1
377,393,223,152,8,5,1,1,1
378,369,412,103,10,6,1,1,1
378,393,223,152,8,5,1,1,1
379,369,412,105,10,6,1,1,1
379,397,221,147,10,6,1,1,1
380,369,412,105,10,6,1,1,1
380,397,221,147,10,6,1,1,1
381,369,412,107,10,6,1,1,1
381,397,221,145,9,5,1,1,1
382,369,412,107,10,6,1,1,1
382,397,221,145,9,5,1,1,1
383,369,412,110,10,6,1,1,1
383,397,220,142,10,6,1,1,1
384,369,412,110,10,6,1,1,1
384,397,220,142,10,6,1,1,1
385,369,411,112,10,6,1,1,1
385,397,219,139,11,6,1,1,1
386,369,411,112,10,6,1,1,1
386,397,219,139,11,6,1,1,1
387,369,412,115,8,5,1,1,1
387,397,219,137,10,5,1,1,1
388,369,412,115,8,5,1,1,1
388,397,219,137,10,5,1,1,1
389,369,411,117,10,6,1,1,1
389,397,219,135,9,5,1,1,1
389,402,120,209,11,6,1,1,1
390,369,411,117,10,6,1,1,1
390,397,219,135,9,5,1,1,1
390,402,120,209,11,6,1,1,1
391,369,412,120,8,5,1,1,1
391,397,219,132,10,5,1,1,1
391,402,119,208,11,6,1,1,1
392,369,412,120,8,5,1,1,1
392,397,219,132,10,5,1,1,1
392,402,119,208,11,6,1,1,1
393,369,411,122,10,6,1,1,1
393,397,218,130,11,5,1,1,1
394,369,411,122,10,6,1,1,1
394,397,218,130,11,5,1,1,1
395,369,411,125,10,6,1,1,1
395,397,219,127,9,6,1,1,1
396,369,411,125,10,6,1,1,1
396,397,219,127,9,6,1,1,1
397,369,412,128,8,5,1,1,1
397,397,219,125,9,6,1,1,1
398,369,412,128,8,5,1,1,1
398,397,219,125,9,6,1,1,1
399,369,411,130,10,6,1,1,1
399,397,219,123,9,5,1,1,1
400,369,411,130,10,6,1,1,1
400,397,219,123,9,5,1,1,1
401,369,411,133,10,6,1,1,1
401,397,220,121,8,5,1,1,1
402,369,411,133,10,6,1,1,1
402,397,220,121,8,5,1,1,1
403,369,410,136,10,6,1,1,1
403,397,220,119,8,5,1,1,1
403,409,125,407,8,7,1,1,1
404,369,410,136,10,6,1,1,1
404,397,220,119,8,5,1,1,1
404,409,125,407,8,7,1,1,1
405,369,410,139,10,6,1,1,1
405,397,220,117,9,5,1,1,1
405,409,125,408,8,6,1,1,1
406,369,410,139,10,6,1,1,1
406,397,220,117,9,5,1,1,1
406,409,125,408,8,6,1,1,1
407,369,410,142,10,6,1,1,1
407,397,220,115,10,5,1,1,1
407,409,125,407,8,7,1,1,1
407,412,94,184,10,6,1,1,1
408,369,410,142,10,6,1,1,1
408,397,220,115,10,5,1,1,1
408,409,125,407,8,7,1,1,1
408,412,94,184,10,6,1,1,1
409,369,409,145,10,6,1,1,1
409,397,221,113,9,5,1,1,1
409,409,125,407,8,7,1,1,1
409,412,93,183,10,6,1,1,1
410,369,409,145,10,6,1,1,1
410,397,221,113,9,5,1,1,1
410,409,125,407,8,7,1,1,1
410,412,93,183,10,6,1,1,1
411,369,409,148,10,6,1,1,1
411,397,221,111,9,5,1,1,1
412,369,409,148,10,6,1,1,1
412,397,221,111,9,5,1,1,1
413,369,408,151,10,6,1,1,1
413,397,221,109,10,6,1,1,1
414,369,408,151,10,6,1,1,1
414,397,221,109,10,6,1,1,1
415,369,408,155,9,5,1,1,1
415,397,222,108,9,5,1,1,1
415,418,84,172,11,7,1,1,1
416,369,408,155,9,5,1,1,1
416,397,222,108,9,5,1,1,1
416,418,84,172,11,7,1,1,1
417,369,407,158,10,6,1,1,1
417,397,223,106,10,6,1,1,1
417,418,82,170,11,6,1,1,1
418,369,407,158,10,6,1,1,1
418,397,223,106,10,6,1,1,1
418,418,82,170,11,6,1,1,1
419,369,406,161,10,6,1,1,1
419,397,224,105,9,5,1,1,1
419,418,80,167,10,6,1,1,1
420,369,406,161,10,6,1,1,1
420,397,224,105,9,5,1,1,1
420,418,80,167,10,6,1,1,1
421,369,406,165,9,5,1,1,1
421,397,224,103,10,6,1,1,1
421,418,78,164,11,7,1,1,1
422,369,406,165,9,5,1,1,1
422,397,224,103,10,6,1,1,1
422,418,78,164,11,7,1,1,1
423,369,405,168,9,6,1,1,1
423,397,225,102,9,5,1,1,1
423,418,77,162,10,6,1,1,1
424,369,405,168,9,6,1,1,1
424,397,225,102,9,5,1,1,1
424,418,77,162,10,6,1,1,1
425,369,403,172,10,6,1,1,1
425,397,226,101,9,5,1,1,1
425,418,75,159,10,6,1,1,1
426,369,403,172,10,6,1,1,1
426,397,226,101,9,5,1,1,1
426,418,75,159,10,6,1,1,1
427,369,403,176,9,5,1,1,1
427,397,227,100,9,5,1,1,1
427,418,73,156,11,6,1,1,1
428,369,403,176,9,5,1,1,1
428,397,227,100,9,5,1,1,1
428,418,73,156,11,6,1,1,1
429,369,402,179,9,6,1,1,1
429,397,228,99,9,5,1,1,1
429,418,72,153,11,7,1,1,1
430,369,402,179,9,6,1,1,1
430,397,228,99,9,5,1,1,1
430,418,72,153,11,7,1,1,1
431,369,401,183,9,5,1,1,1
431,397,229,98,9,5,1,1,1
431,418,71,151,10,6,1,1,1
432,369,401,183,9,5,1,1,1
432,397,229,98,9,5,1,1,1
432,418,71,151,10,6,1,1,1
433,369,399,186,10,6,1,1,1
433,397,231,97,9,5,1,1,1
433,418,70,149,10,6,1,1,1
434,369,399,186,10,6,1,1,1
434,397,231,97,9,5,1,1,1
434,418,70,149,10,6,1,1,1
435,369,398,190,10,6,1,1,1
435,397,231,96,10,6,1,1,1
435,418,69,146,10,6,1,1,1
436,369,398,190,10,6,1,1,1
436,397,231,96,10,6,1,1,1
436,418,69,146,10,6,1,1,1
437,369,397,194,10,6,1,1,1
437,397,233,95,10,6,1,1,1
437,418,68,144,11,6,1,1,1
438,369,397,194,10,6,1,1,1
438,397,233,95,10,6,1,1,1
438,418,68,144,11,6,1,1,1
439,369,397,198,8,6,1,1,1
439,397,235,95,9,5,1,1,1
439,418,67,141,11,7,1,1,1
440,369,397,198,8,6,1,1,1
440,397,235,95,9,5,1,1,1
440,418,67,141,11,7,1,1,1
441,369,395,202,9,5,1,1,1
441,397,236,94,10,6,1,1,1
441,418,66,139,10,6,1,1,1
442,369,395,202,9,5,1,1,1
442,397,236,94,10,6,1,1,1
442,418,66,139,10,6,1,1,1
443,369,394,206,9,5,1,1,1
443,397,237,94,9,5,1,1,1
443,418,65,137,11,6,1,1,1
444,369,394,206,9,5,1,1,1
444,397,237,94,9,5,1,1,1
444,418,65,137,11,6,1,1,1
445,369,393,210,8,5,1,1,1
445,397,239,94,9,5,1,1,1
445,418,64,134,11,7,1,1,1
446,369,393,210,8,5,1,1,1
446,397,239,94,9,5,1,1,1
446,418,64,134,11,7,1,1,1
447,369,392,214,8,5,1,1,1
447,397,240,93,10,6,1,1,1
447,418,64,132,10,6,1,1,1
448,369,392,214,8,5,1,1,1
448,397,240,93,10,6,1,1,1
448,418,64,132,10,6,1,1,1
449,369,391,218,8,5,1,1,1
449,397,242,93,10,6,1,1,1
449,418,63,130,10,6,1,1,1
450,369,391,218,8,5,1,1,1
450,397,242,93,10,6,1,1,1
450,418,63,130,10,6,1,1,1
451,369,390,222,8,5,1,1,1
451,397,243,93,9,5,1,1,1
451,418,64,128,9,6,1,1,1
452,369,390,222,8,5,1,1,1
452,397,243,93,9,5,1,1,1
452,418,64,128,9,6,1,1,1
453,369,388,226,9,5,1,1,1
453,397,245,93,9,5,1,1,1
453,418,63,126,9,5,1,1,1
454,369,388,226,9,5,1,1,1
454,397,245,93,9,5,1,1,1
454,418,63,126,9,5,1,1,1
455,369,387,230,9,5,1,1,1
455,397,247,92,8,6,1,1,1
455,409,130,407,8,7,1,1,1
455,418,62,123,9,6,1,1,1
455,439,208,449,7,5,1,1,1
456,369,387,230,9,5,1,1,1
456,397,247,92,8,6,1,1,1
456,409,130,407,8,7,1,1,1
456,418,62,123,9,6,1,1,1
456,439,208,449,7,5,1,1,1
457,409,130,408,8,6,1,1,1
457,439,208,449,7,4,1,1,1
458,409,130,408,8,6,1,1,1
458,439,208,449,7,4,1,1,1
465,459,303,95,11,5,1,1,1
465,460,112,114,11,6,1,1,1
465,461,231,443,9,6,1,1,1
466,459,303,95,11,5,1,1,1
466,460,112,114,11,6,1,1,1
466,461,231,443,9,6,1,1,1
467,459,305,95,11,6,1,1,1
467,460,113,112,11,6,1,1,1
467,461,231,442,9,6,1,1,1
467,462,36,411,9,6,1,1,1
468,459,305,95,11,6,1,1,1
468,460,113,112,11,6,1,1,1
468,461,231,442,9,6,1,1,1
468,462,36,411,9,6,1,1,1
469,459,308,96,10,5,1,1,1
469,460,113,110,11,6,1,1,1
469,462,36,411,9,6,1,1,1
470,459,308,96,10,5,1,1,1
470,460,113,110,11,6,1,1,1
470,462,36,411,9,6,1,1,1
471,459,309,97,11,5,1,1,1
471,460,113,108,12,6,1,1,1
472,459,309,97,11,5,1,1,1
472,460,113,108,12,6,1,1,1
473,459,312,97,10,6,1,1,1
473,460,114,106,11,7,1,1,1
474,459,312,97,10,6,1,1,1
474,460,114,106,11,7,1,1,1
475,459,313,98,11,5,1,1,1
475,460,114,105,11,6,1,1,1
475,462,36,411,9,6,1,1,1
476,459,313,98,11,5,1,1,1
476,460,114,105,11,6,1,1,1
476,462,36,411,9,6,1,1,1
477,459,315,98,12,6,1,1,1
477,460,115,103,11,6,1,1,1
477,462,36,411,9,6,1,1,1
477,472,208,435,9,6,1,1,1
478,459,315,98,12,6,1,1,1
478,460,115,103,11,6,1,1,1
478,462,36,411,9,6,1,1,1
478,472,208,435,9,6,1,1,1
479,459,317,99,12,6,1,1,1
479,460,115,101,11,6,1,1,1
479,462,36,411,9,6,1,1,1
479,472,207,434,9,6,1,1,1
480,459,317,99,12,6,1,1,1
480,460,115,101,11,6,1,1,1
480,462,36,411,9,6,1,1,1
480,472,207,434,9,6,1,1,1
481,459,320,100,11,6,1,1,1
481,460,116,99,11,6,1,1,1
482,459,320,100,11,6,1,1,1
482,460,116,99,11,6,1,1,1
483,459,322,102,10,5,1,1,1
483,460,117,98,11,6,1,1,1
484,459,322,102,10,5,1,1,1
484,460,117,98,11,6,1,1,1
485,459,325,103,9,5,1,1,1
485,460,118,96,11,6,1,1,1
486,459,325,103,9,5,1,1,1
486,460,118,96,11,6,1,1,1
487,459,327,104,10,6,1,1,1
487,460,119,95,11,6,1,1,1
488,459,327,104,10,6,1,1,1
488,460,119,95,11,6,1,1,1
489,459,329,105,10,6,1,1,1
489,460,120,93,11,6,1,1,1
490,459,329,105,10,6,1,1,1
490,460,120,93,11,6,1,1,1
491,459,332,107,9,5,1,1,1
491,460,121,91,11,6,1,1,1
492,459,332,107,9,5,1,1,1
492,460,121,91,11,6,1,1,1
493,459,334,108,10,6,1,1,1
493,460,123,90,10,6,1,1,1
494,459,334,108,10,6,1,1,1
494,460,123,90,10,6,1,1,1
495,459,336,110,10,5,1,1,1
495,460,124,89,11,6,1,1,1
496,459,336,110,10,5,1,1,1
496,460,124,89,11,6,1,1,1
497,459,339,112,9,5,1,1,1
497,460,126,87,10,6,1,1,1
498,459,339,112,9,5,1,1,1
498,460,126,87,10,6,1,1,1
499,459,341,113,10,6,1,1,1
499,460,128,86,10,6,1,1,1
500,459,341,113,10,6,1,1,1
500,460,128,86,10,6,1,1,1
501,459,344,115,10,6,1,1,1
501,460,130,85,10,5,1,1,1
502,459,344,115,10,6,1,1,1
502,460,130,85,10,5,1,1,1
503,459,346,117,10,6,1,1,1
503,460,131,83,11,6,1,1,1
503,493,167,407,9,6,1,1,1
504,459,346,117,10,6,1,1,1
504,460,131,83,11,6,1,1,1
504,493,167,407,9,6,1,1,1
505,459,349,119,9,6,1,1,1
505,460,133,82,11,6,1,1,1
505,493,166,406,9,6,1,1,1
506,459,349,119,9,6,1,1,1
506,460,133,82,11,6,1,1,1
506,493,166,406,9,6,1,1,1
507,459,352,121,9,5,1,1,1
507,460,135,81,10,6,1,1,1
507,497,162,402,9,6,1,1,1
508,459,352,121,9,5,1,1,1
508,460,135,81,10,6,1,1,1
508,497,162,402,9,6,1,1,1
509,459,354,123,10,6,1,1,1
509,460,137,80,10,6,1,1,1
509,497,161,401,9,6,1,1,1
510,459,354,123,10,6,1,1,1
510,460,137,80,10,6,1,1,1
510,497,161,401,9,6,1,1,1
511,459,357,125,9,6,1,1,1
511,460,139,79,11,6,1,1,1
511,500,157,396,10,7,1,1,1
512,459,357,125,9,6,1,1,1
512,460,139,79,11,6,1,1,1
512,500,157,396,10,7,1,1,1
513,459,359,127,10,6,1,1,1
513,460,142,78,10,6,1,1,1
513,500,155,394,10,6,1,1,1
514,459,359,127,10,6,1,1,1
514,460,142,78,10,6,1,1,1
514,500,155,394,10,6,1,1,1
515,459,362,130,9,5,1,1,1
515,460,144,77,10,6,1,1,1
515,500,153,391,9,6,1,1,1
516,459,362,130,9,5,1,1,1
516,460,144,77,10,6,1,1,1
516,500,153,391,9,6,1,1,1
517,459,364,132,10,6,1,1,1
517,460,146,76,11,6,1,1,1
517,462,37,411,8,6,1,1,1
517,500,152,388,9,6,1,1,1
518,459,364,132,10,6,1,1,1
518,460,146,76,11,6,1,1,1
518,462,37,411,8,6,1,1,1
518,500,152,388,9,6,1,1,1
519,459,367,135,9,5,1,1,1
519,460,148,76,11,6,1,1,1
519,462,36,411,9,6,1,1,1
519,500,150,385,9,6,1,1,1
520,459,367,135,9,5,1,1,1
520,460,148,76,11,6,1,1,1
520,462,36,411,9,6,1,1,1
520,500,150,385,9,6,1,1,1
521,459,369,137,9,6,1,1,1
521,460,151,75,10,6,1,1,1
521,462,36,411,9,6,1,1,1
521,500,148,382,9,6,1,1,1
522,459,369,137,9,6,1,1,1
522,460,151,75,10,6,1,1,1
522,462,36,411,9,6,1,1,1
522,500,148,382,9,6,1,1,1
523,459,371,139,10,6,1,1,1
523,460,153,74,11,6,1,1,1
523,462,37,411,8,6,1,1,1
523,500,146,379,9,6,1,1,1
524,459,371,139,10,6,1,1,1
524,460,153,74,11,6,1,1,1
524,462,37,411,8,6,1,1,1
524,500,146,379,9,6,1,1,1
525,459,373,142,10,6,1,1,1
525,460,156,74,10,6,1,1,1
525,462,36,411,9,6,1,1,1
525,500,144,376,9,6,1,1,1
526,459,373,142,10,6,1,1,1
526,460,156,74,10,6,1,1,1
526,462,36,411,9,6,1,1,1
526,500,144,376,9,6,1,1,1
527,459,376,145,9,5,1,1,1
527,460,158,73,11,6,1,1,1
527,462,36,411,9,6,1,1,1
527,500,142,373,9,6,1,1,1
528,459,376,145,9,5,1,1,1
528,460,158,73,11,6,1,1,1
528,462,36,411,9,6,1,1,1
528,500,142,373,9,6,1,1,1
529,459,377,147,10,6,1,1,1
529,460,161,73,10,6,1,1,1
529,500,140,369,10,7,1,1,1
530,459,377,147,10,6,1,1,1
530,460,161,73,10,6,1,1,1
530,500,140,369,10,7,1,1,1
531,459,380,150,9,6,1,1,1
531,460,164,73,9,5,1,1,1
531,500,138,366,10,6,1,1,1
531,510,615,396,8,4,1,1,1
532,459,380,150,9,6,1,1,1
532,460,164,73,9,5,1,1,1
532,500,138,366,10,6,1,1,1
532,510,615,396,8,4,1,1,1
533,459,382,153,10,6,1,1,1
533,460,166,72,10,6,1,1,1
533,500,137,363,9,6,1,1,1
533,510,615,396,8,4,1,1,1
534,459,382,153,10,6,1,1,1
534,460,166,72,10,6,1,1,1
534,500,137,363,9,6,1,1,1
534,510,615,396,8,4,1,1,1
535,459,384,156,10,6,1,1,1
535,460,168,72,11,6,1,1,1
535,500,135,359,10,7,1,1,1
535,510,615,396,8,4,1,1,1
536,459,384,156,10,6,1,1,1
536,460,168,72,11,6,1,1,1
536,500,135,359,10,7,1,1,1
536,510,615,396,8,4,1,1,1
537,459,386,159,10,6,1,1,1
537,460,170,72,11,6,1,1,1
537,500,134,356,10,6,1,1,1
538,459,386,159,10,6,1,1,1
538,460,170,72,11,6,1,1,1
538,500,134,356,10,6,1,1,1
539,459,388,162,10,6,1,1,1
539,460,173,72,10,6,1,1,1
539,500,133,353,9,6,1,1,1
539,510,615,396,8,4,1,1,1
540,459,388,162,10,6,1,1,1
540,460,173,72,10,6,1,1,1
540,500,133,353,9,6,1,1,1
540,510,615,396,8,4,1,1,1
541,409,124,416,9,6,1,1,1
541,459,390,165,10,6,1,1,1
541,460,175,72,11,6,1,1,1
541,500,132,349,9,7,1,1,1
541,510,615,396,8,4,1,1,1
542,409,124,416,9,6,1,1,1
542,459,390,165,10,6,1,1,1
542,460,175,72,11,6,1,1,1
542,500,132,349,9,7,1,1,1
542,510,615,396,8,4,1,1,1
543,409,125,417,7,5,1,1,1
543,459,392,168,10,6,1,1,1
543,460,178,71,10,6,1,1,1
543,500,130,346,9,6,1,1,1
543,510,615,396,8,4,1,1,1
544,409,125,417,7,5,1,1,1
544,459,392,168,10,6,1,1,1
544,460,178,71,10,6,1,1,1
544,500,130,346,9,6,1,1,1
544,510,615,396,8,4,1,1,1
545,409,125,417,7,5,1,1,1
545,459,394,171,10,6,1,1,1
545,460,181,72,9,5,1,1,1
545,500,130,343,9,6,1,1,1
545,510,615,396,8,4,1,1,1
546,409,125,417,7,5,1,1,1
546,459,394,171,10,6,1,1,1
546,460,181,72,9,5,1,1,1
546,500,130,343,9,6,1,1,1
546,510,615,396,8,4,1,1,1
547,459,397,175,8,5,1,1,1
547,460,184,72,9,5,1,1,1
547,500,129,339,9,6,1,1,1
547,510,615,396,8,4,1,1,1
548,459,397,175,8,5,1,1,1
548,460,184,72,9,5,1,1,1
548,500,129,339,9,6,1,1,1
548,510,615,396,8,4,1,1,1
549,409,125,417,7,5,1,1,1
549,459,398,178,9,6,1,1,1
549,460,186,72,10,6,1,1,1
549,500,128,336,9,6,1,1,1
550,409,125,417,7,5,1,1,1
550,459,398,178,9,6,1,1,1
550,460,186,72,10,6,1,1,1
550,500,128,336,9,6,1,1,1
551,409,125,417,7,5,1,1,1
551,459,400,181,9,6,1,1,1
551,460,187,72,11,6,1,1,1
551,500,128,333,9,5,1,1,1
552,409,125,417,7,5,1,1,1
552,459,400,181,9,6,1,1,1
552,460,187,72,11,6,1,1,1
552,500,128,333,9,5,1,1,1
553,459,402,185,8,5,1,1,1
553,460,190,72,11,6,1,1,1
553,500,127,329,9,6,1,1,1
554,459,402,185,8,5,1,1,1
554,460,190,72,11,6,1,1,1
554,500,127,329,9,6,1,1,1
555,459,403,188,9,6,1,1,1
555,460,192,72,12,7,1,1,1
555,500,126,325,9,6,1,1,1
556,459,403,188,9,6,1,1,1
556,460,192,72,12,7,1,1,1
556,500,126,325,9,6,1,1,1
557,459,405,192,8,5,1,1,1
557,460,195,73,11,6,1,1,1
557,500,126,322,9,6,1,1,1
558,459,405,192,8,5,1,1,1
558,460,195,73,11,6,1,1,1
558,500,126,322,9,6,1,1,1
559,459,406,195,9,6,1,1,1
559,460,197,73,11,6,1,1,1
559,500,125,318,9,6,1,1,1
560,459,406,195,9,6,1,1,1
560,460,197,73,11,6,1,1,1
560,500,125,318,9,6,1,1,1
561,459,407,199,9,5,1,1,1
561,460,200,74,11,6,1,1,1
561,500,125,315,9,6,1,1,1
562,459,407,199,9,5,1,1,1
562,460,200,74,11,6,1,1,1
562,500,125,315,9,6,1,1,1
563,459,408,202,9,6,1,1,1
563,460,202,75,11,6,1,1,1
563,500,124,312,9,5,1,1,1
564,459,408,202,9,6,1,1,1
564,460,202,75,11,6,1,1,1
564,500,124,312,9,5,1,1,1
565,459,410,206,8,5,1,1,1
565,460,205,75,10,6,1,1,1
565,500,124,308,9,6,1,1,1
566,459,410,206,8,5,1,1,1
566,460,205,75,10,6,1,1,1
566,500,124,308,9,6,1,1,1
567,459,411,210,8,5,1,1,1
567,460,207,76,11,6,1,1,1
567,500,123,305,10,5,1,1,1
568,459,411,210,8,5,1,1,1
568,460,207,76,11,6,1,1,1
568,500,123,305,10,5,1,1,1
569,459,412,214,8,5,1,1,1
569,460,209,77,11,6,1,1,1
569,500,123,301,9,6,1,1,1
570,459,412,214,8,5,1,1,1
570,460,209,77,11,6,1,1,1
570,500,123,301,9,6,1,1,1
571,459,412,218,9,5,1,1,1
571,460,212,77,10,6,1,1,1
571,500,123,297,9,6,1,1,1
572,459,412,218,9,5,1,1,1
572,460,212,77,10,6,1,1,1
572,500,123,297,9,6,1,1,1
573,459,413,221,9,6,1,1,1
573,460,214,78,11,6,1,1,1
573,500,123,293,9,6,1,1,1
574,459,413,221,9,6,1,1,1
574,460,214,78,11,6,1,1,1
574,500,123,293,9,6,1,1,1
575,459,414,225,9,6,1,1,1
575,460,217,79,10,6,1,1,1
575,500,123,290,9,6,1,1,1
576,459,414,225,9,6,1,1,1
576,460,217,79,10,6,1,1,1
576,500,123,290,9,6,1,1,1
577,459,415,229,9,6,1,1,1
577,460,219,80,10,6,1,1,1
577,500,123,286,9,6,1,1,1
578,459,415,229,9,6,1,1,1
578,460,219,80,10,6,1,1,1
578,500,123,286,9,6,1,1,1
579,459,416,233,8,5,1,1,1
579,460,221,82,11,6,1,1,1
579,500,123,283,9,6,1,1,1
580,459,416,233,8,5,1,1,1
580,460,221,82,11,6,1,1,1
580,500,123,283,9,6,1,1,1
581,459,416,237,9,5,1,1,1
581,460,223,83,11,6,1,1,1
581,500,124,279,8,6,1,1,1
582,459,416,237,9,5,1,1,1
582,460,223,83,11,6,1,1,1
582,500,124,279,8,6,1,1,1
583,459,416,241,9,5,1,1,1
583,460,226,84,10,6,1,1,1
583,500,123,276,9,5,1,1,1
584,459,416,241,9,5,1,1,1
584,460,226,84,10,6,1,1,1
584,500,123,276,9,5,1,1,1
585,459,416,245,9,5,1,1,1
585,460,227,85,10,6,1,1,1
585,500,124,272,8,6,1,1,1
586,459,416,245,9,5,1,1,1
586,460,227,85,10,6,1,1,1
586,500,124,272,8,6,1,1,1
587,459,417,248,9,6,1,1,1
587,460,229,86,10,6,1,1,1
587,462,28,411,9,6,1,1,1
587,500,123,269,9,5,1,1,1
588,459,417,248,9,6,1,1,1
588,460,229,86,10,6,1,1,1
588,462,28,411,9,6,1,1,1
588,500,123,269,9,5,1,1,1
589,462,28,411,8,6,1,1,1
590,462,28,411,8,6,1,1,1
591,461,257,450,9,6,1,1,1
592,461,257,450,9,6,1,1,1
593,439,243,451,8,6,1,1,1
593,461,258,451,9,6,1,1,1
594,439,243,451,8,6,1,1,1
594,461,258,451,9,6,1,1,1
595,439,244,452,8,6,1,1,1
595,553,189,92,11,6,1,1,1
596,439,244,452,8,6,1,1,1
596,553,189,92,11,6,1,1,1
597,553,191,94,10,5,1,1,1
597,554,231,454,8,5,1,1,1
598,553,191,94,10,5,1,1,1
598,554,231,454,8,5,1,1,1
599,553,192,95,11,6,1,1,1
599,554,231,455,8,5,1,1,1
600,553,192,95,11,6,1,1,1
600,554,231,455,8,5,1,1,1
601,553,194,97,10,6,1,1,1
601,561,224,456,8,5,1,1,1
602,553,194,97,10,6,1,1,1
602,561,224,456,8,5,1,1,1
603,472,219,456,9,6,1,1,1
603,553,196,99,10,6,1,1,1
603,561,223,455,8,7,1,1,1
604,472,219,456,9,6,1,1,1
604,553,196,99,10,6,1,1,1
604,561,223,455,8,7,1,1,1
605,472,217,457,9,6,1,1,1
605,553,197,101,11,6,1,1,1
606,472,217,457,9,6,1,1,1
606,553,197,101,11,6,1,1,1
607,472,217,458,9,6,1,1,1
607,553,199,102,11,6,1,1,1
608,472,217,458,9,6,1,1,1
608,553,199,102,11,6,1,1,1
609,553,201,104,11,6,1,1,1
609,570,208,459,10,5,1,1,1
610,553,201,104,11,6,1,1,1
610,570,208,459,10,5,1,1,1
611,553,202,106,11,6,1,1,1
611,570,205,459,9,6,1,1,1
612,553,202,106,11,6,1,1,1
612,570,205,459,9,6,1,1,1
613,553,204,108,11,6,1,1,1
613,570,201,459,9,6,1,1,1
614,553,204,108,11,6,1,1,1
614,570,201,459,9,6,1,1,1
615,553,206,110,10,6,1,1,1
615,570,197,460,10,5,1,1,1
616,553,206,110,10,6,1,1,1
616,570,197,460,10,5,1,1,1
617,553,207,111,11,7,1,1,1
617,570,194,460,10,6,1,1,1
618,553,207,111,11,7,1,1,1
618,570,194,460,10,6,1,1,1
619,553,208,114,11,6,1,1,1
619,570,190,460,10,6,1,1,1
620,553,208,114,11,6,1,1,1
620,570,190,460,10,6,1,1,1
621,553,210,116,11,6,1,1,1
621,570,187,460,10,6,1,1,1
622,553,210,116,11,6,1,1,1
622,570,187,460,10,6,1,1,1
623,553,212,118,10,6,1,1,1
623,570,184,460,9,5,1,1,1
624,553,212,118,10,6,1,1,1
624,570,184,460,9,5,1,1,1
625,553,213,121,11,6,1,1,1
625,570,180,460,9,5,1,1,1
626,553,213,121,11,6,1,1,1
626,570,180,460,9,5,1,1,1
627,553,215,123,10,6,1,1,1
627,570,176,459,10,6,1,1,1
628,553,215,123,10,6,1,1,1
628,570,176,459,10,6,1,1,1
629,553,216,126,9,5,1,1,1
629,570,174,459,8,5,1,1,1
630,553,216,126,9,5,1,1,1
630,570,174,459,8,5,1,1,1
631,553,217,128,10,6,1,1,1
631,570,170,458,9,6,1,1,1
632,553,217,128,10,6,1,1,1
632,570,170,458,9,6,1,1,1
633,500,106,189,10,5,1,1,1
633,553,218,131,11,6,1,1,1
633,570,166,457,10,6,1,1,1
634,500,106,189,10,5,1,1,1
634,553,218,131,11,6,1,1,1
634,570,166,457,10,6,1,1,1
635,500,107,185,10,6,1,1,1
635,553,220,133,10,6,1,1,1
635,570,163,457,9,6,1,1,1
636,500,107,185,10,6,1,1,1
636,553,220,133,10,6,1,1,1
636,570,163,457,9,6,1,1,1
637,500,109,183,9,5,1,1,1
637,553,221,136,10,6,1,1,1
637,570,160,456,9,6,1,1,1
638,500,109,183,9,5,1,1,1
638,553,221,136,10,6,1,1,1
638,570,160,456,9,6,1,1,1
639,500,112,180,8,5,1,1,1
639,553,222,139,10,6,1,1,1
639,570,156,455,9,6,1,1,1
640,500,112,180,8,5,1,1,1
640,553,222,139,10,6,1,1,1
640,570,156,455,9,6,1,1,1
641,500,114,177,8,5,1,1,1
641,553,224,142,9,5,1,1,1
641,570,152,454,9,6,1,1,1
642,500,114,177,8,5,1,1,1
642,553,224,142,9,5,1,1,1
642,570,152,454,9,6,1,1,1
643,500,115,174,9,5,1,1,1
643,553,224,145,10,5,1,1,1
643,570,149,453,9,6,1,1,1
644,500,115,174,9,5,1,1,1
644,553,224,145,10,5,1,1,1
644,570,149,453,9,6,1,1,1
645,500,117,171,10,6,1,1,1
645,553,225,147,10,6,1,1,1
645,570,146,452,9,6,1,1,1
646,500,117,171,10,6,1,1,1
646,553,225,147,10,6,1,1,1
646,570,146,452,9,6,1,1,1
647,500,119,168,10,6,1,1,1
647,553,226,150,9,6,1,1,1
647,570,143,451,8,5,1,1,1
648,500,119,168,10,6,1,1,1
648,553,226,150,9,6,1,1,1
648,570,143,451,8,5,1,1,1
649,500,122,166,9,5,1,1,1
649,553,227,153,10,5,1,1,1
649,570,139,449,9,6,1,1,1
650,500,122,166,9,5,1,1,1
650,553,227,153,10,5,1,1,1
650,570,139,449,9,6,1,1,1
651,500,124,163,10,6,1,1,1
651,553,227,155,10,6,1,1,1
651,570,136,448,9,6,1,1,1
652,500,124,163,10,6,1,1,1
652,553,227,155,10,6,1,1,1
652,570,136,448,9,6,1,1,1
653,500,128,161,9,5,1,1,1
653,553,228,158,9,6,1,1,1
653,570,133,446,9,6,1,1,1
654,500,128,161,9,5,1,1,1
654,553,228,158,9,6,1,1,1
654,570,133,446,9,6,1,1,1
655,500,130,158,9,6,1,1,1
655,553,229,161,10,5,1,1,1
655,570,130,445,9,6,1,1,1
656,500,130,158,9,6,1,1,1
656,553,229,161,10,5,1,1,1
656,570,130,445,9,6,1,1,1
657,500,132,156,10,6,1,1,1
657,553,229,163,10,6,1,1,1
657,570,127,443,9,6,1,1,1
658,500,132,156,10,6,1,1,1
658,553,229,163,10,6,1,1,1
658,570,127,443,9,6,1,1,1
659,500,135,154,9,5,1,1,1
659,553,230,166,9,6,1,1,1
659,570,124,441,9,6,1,1,1
660,500,135,154,9,5,1,1,1
660,553,230,166,9,6,1,1,1
660,570,124,441,9,6,1,1,1
661,500,138,151,10,6,1,1,1
661,553,230,169,10,5,1,1,1
661,570,122,440,8,5,1,1,1
662,500,138,151,10,6,1,1,1
662,553,230,169,10,5,1,1,1
662,570,122,440,8,5,1,1,1
663,409,120,437,7,5,1,1,1
663,500,141,149,9,6,1,1,1
663,553,231,171,10,6,1,1,1
663,570,119,438,8,6,1,1,1
664,409,120,437,7,5,1,1,1
664,500,141,149,9,6,1,1,1
664,553,231,171,10,6,1,1,1
664,570,119,438,8,6,1,1,1
665,409,120,438,7,5,1,1,1
665,500,143,147,10,6,1,1,1
665,553,231,174,10,6,1,1,1
666,409,120,438,7,5,1,1,1
666,500,143,147,10,6,1,1,1
666,553,231,174,10,6,1,1,1
667,500,146,145,10,6,1,1,1
667,553,231,177,11,5,1,1,1
668,500,146,145,10,6,1,1,1
668,553,231,177,11,5,1,1,1
669,500,149,144,9,5,1,1,1
669,553,232,179,10,6,1,1,1
670,500,149,144,9,5,1,1,1
670,553,232,179,10,6,1,1,1
671,500,152,142,9,5,1,1,1
671,553,232,182,10,6,1,1,1
672,500,152,142,9,5,1,1,1
672,553,232,182,10,6,1,1,1
673,500,155,140,9,6,1,1,1
673,553,232,185,11,6,1,1,1
673,618,311,432,10,5,1,1,1
674,500,155,140,9,6,1,1,1
674,553,232,185,11,6,1,1,1
674,618,311,432,10,5,1,1,1
675,500,158,138,9,6,1,1,1
675,553,233,187,10,6,1,1,1
675,618,310,432,10,5,1,1,1
676,500,158,138,9,6,1,1,1
676,553,233,187,10,6,1,1,1
676,618,310,432,10,5,1,1,1
677,500,160,136,10,6,1,1,1
677,553,233,190,10,6,1,1,1
677,618,310,432,10,5,1,1,1
678,500,160,136,10,6,1,1,1
678,553,233,190,10,6,1,1,1
678,618,310,432,10,5,1,1,1
679,500,163,135,9,5,1,1,1
679,553,232,193,12,6,1,1,1
679,618,310,432,10,5,1,1,1
680,500,163,135,9,5,1,1,1
680,553,232,193,12,6,1,1,1
680,618,310,432,10,5,1,1,1
681,500,166,133,10,6,1,1,1
681,553,234,196,9,6,1,1,1
681,618,310,432,10,5,1,1,1
682,500,166,133,10,6,1,1,1
682,553,234,196,9,6,1,1,1
682,618,310,432,10,5,1,1,1
683,500,169,132,9,5,1,1,1
683,553,234,199,10,5,1,1,1
683,618,310,432,10,5,1,1,1
684,500,169,132,9,5,1,1,1
684,553,234,199,10,5,1,1,1
684,618,310,432,10,5,1,1,1
685,500,172,130,10,6,1,1,1
685,553,234,201,11,6,1,1,1
685,618,310,432,10,5,1,1,1
686,500,172,130,10,6,1,1,1
686,553,234,201,11,6,1,1,1
686,618,310,432,10,5,1,1,1
687,500,175,129,10,6,1,1,1
687,553,234,204,11,6,1,1,1
688,500,175,129,10,6,1,1,1
688,553,234,204,11,6,1,1,1
689,500,178,128,9,5,1,1,1
689,553,235,207,10,6,1,1,1
690,500,178,128,9,5,1,1,1
690,553,235,207,10,6,1,1,1
691,500,181,127,8,5,1,1,1
691,553,235,210,10,6,1,1,1
692,500,181,127,8,5,1,1,1
692,553,235,210,10,6,1,1,1
693,439,281,435,8,6,1,1,1
693,500,184,126,8,5,1,1,1
693,553,235,213,10,6,1,1,1
693,638,77,400,11,7,1,1,1
694,439,281,435,8,6,1,1,1
694,500,184,126,8,5,1,1,1
694,553,235,213,10,6,1,1,1
694,638,77,400,11,7,1,1,1
695,439,282,434,8,6,1,1,1
695,461,277,438,9,6,1,1,1
695,500,187,125,8,5,1,1,1
695,553,235,216,10,6,1,1,1
695,638,75,397,12,7,1,1,1
696,439,282,434,8,6,1,1,1
696,461,277,438,9,6,1,1,1
696,500,187,125,8,5,1,1,1
696,553,235,216,10,6,1,1,1
696,638,75,397,12,7,1,1,1
697,461,278,437,8,6,1,1,1
697,500,189,124,10,5,1,1,1
697,553,234,219,10,6,1,1,1
697,638,73,394,12,7,1,1,1
698,461,278,437,8,6,1,1,1
698,500,189,124,10,5,1,1,1
698,553,234,219,10,6,1,1,1
698,638,73,394,12,7,1,1,1
699,500,192,122,10,6,1,1,1
699,553,234,222,10,6,1,1,1
699,638,72,391,10,6,1,1,1
700,500,192,122,10,6,1,1,1
700,553,234,222,10,6,1,1,1
700,638,72,391,10,6,1,1,1
701,500,196,122,9,5,1,1,1
701,553,233,225,10,6,1,1,1
701,638,70,388,10,6,1,1,1
702,500,196,122,9,5,1,1,1
702,553,233,225,10,6,1,1,1
702,638,70,388,10,6,1,1,1
703,500,200,121,8,5,1,1,1
703,553,232,228,11,6,1,1,1
703,638,69,385,9,6,1,1,1
703,641,264,445,9,6,1,1,1
704,500,200,121,8,5,1,1,1
704,553,232,228,11,6,1,1,1
704,638,69,385,9,6,1,1,1
704,641,264,445,9,6,1,1,1
705,500,202,120,10,6,1,1,1
705,553,231,231,11,6,1,1,1
705,638,67,382,10,6,1,1,1
705,641,262,447,8,5,1,1,1
706,500,202,120,10,6,1,1,1
706,553,231,231,11,6,1,1,1
706,638,67,382,10,6,1,1,1
706,641,262,447,8,5,1,1,1
707,500,205,119,10,6,1,1,1
707,553,231,234,10,6,1,1,1
707,638,65,378,11,7,1,1,1
707,641,259,448,8,5,1,1,1
708,500,205,119,10,6,1,1,1
708,553,231,234,10,6,1,1,1
708,638,65,378,11,7,1,1,1
708,641,259,448,8,5,1,1,1
709,500,208,118,10,6,1,1,1
709,553,230,237,10,6,1,1,1
709,638,64,375,10,6,1,1,1
709,641,256,450,8,5,1,1,1
710,500,208,118,10,6,1,1,1
710,553,230,237,10,6,1,1,1
710,638,64,375,10,6,1,1,1
710,641,256,450,8,5,1,1,1
711,500,211,118,9,5,1,1,1
711,553,229,240,10,6,1,1,1
711,638,63,371,10,7,1,1,1
711,641,253,452,8,5,1,1,1
712,500,211,118,9,5,1,1,1
712,553,229,240,10,6,1,1,1
712,638,63,371,10,7,1,1,1
712,641,253,452,8,5,1,1,1
713,500,214,117,9,6,1,1,1
713,553,228,243,10,6,1,1,1
713,638,61,368,11,7,1,1,1
713,641,249,453,9,6,1,1,1
714,500,214,117,9,6,1,1,1
714,553,228,243,10,6,1,1,1
714,638,61,368,11,7,1,1,1
714,641,249,453,9,6,1,1,1
715,500,216,116,10,6,1,1,1
715,553,226,246,11,6,1,1,1
715,554,247,455,8,5,1,1,1
715,638,60,365,10,6,1,1,1
715,641,247,454,9,6,1,1,1
716,500,216,116,10,6,1,1,1
716,553,226,246,11,6,1,1,1
716,554,247,455,8,5,1,1,1
716,638,60,365,10,6,1,1,1
716,641,247,454,9,6,1,1,1
717,500,219,116,10,6,1,1,1
717,553,225,249,11,6,1,1,1
717,554,247,454,9,5,1,1,1
717,638,59,361,11,7,1,1,1
717,641,244,455,9,6,1,1,1
718,500,219,116,10,6,1,1,1
718,553,225,249,11,6,1,1,1
718,554,247,454,9,5,1,1,1
718,638,59,361,11,7,1,1,1
718,641,244,455,9,6,1,1,1
719,500,222,116,10,6,1,1,1
719,553,224,251,10,7,1,1,1
719,638,58,358,10,6,1,1,1
719,641,240,457,9,6,1,1,1
720,500,222,116,10,6,1,1,1
720,553,224,251,10,7,1,1,1
720,638,58,358,10,6,1,1,1
720,641,240,457,9,6,1,1,1
721,500,225,115,10,6,1,1,1
721,553,223,254,9,6,1,1,1
721,638,56,354,11,7,1,1,1
721,641,237,458,9,6,1,1,1
722,500,225,115,10,6,1,1,1
722,553,223,254,9,6,1,1,1
722,638,56,354,11,7,1,1,1
722,641,237,458,9,6,1,1,1
723,500,228,115,10,6,1,1,1
723,553,222,257,10,6,1,1,1
723,638,55,351,10,6,1,1,1
723,641,233,459,9,6,1,1,1
724,500,228,115,10,6,1,1,1
724,553,222,257,10,6,1,1,1
724,638,55,351,10,6,1,1,1
724,641,233,459,9,6,1,1,1
725,500,231,115,9,6,1,1,1
725,553,220,259,11,6,1,1,1
725,638,53,347,11,7,1,1,1
725,641,230,460,9,6,1,1,1
726,500,231,115,9,6,1,1,1
726,553,220,259,11,6,1,1,1
726,638,53,347,11,7,1,1,1
726,641,230,460,9,6,1,1,1
727,472,227,461,7,5,1,1,1
727,500,233,115,10,6,1,1,1
727,553,220,262,10,6,1,1,1
727,638,52,343,10,7,1,1,1
727,641,227,461,9,6,1,1,1
728,472,227,461,7,5,1,1,1
728,500,233,115,10,6,1,1,1
728,553,220,262,10,6,1,1,1
728,638,52,343,10,7,1,1,1
728,641,227,461,9,6,1,1,1
729,472,227,460,8,5,1,1,1
729,500,236,115,10,6,1,1,1
729,553,219,264,10,6,1,1,1
729,561,223,461,7,6,1,1,1
729,638,51,340,10,6,1,1,1
730,472,227,460,8,5,1,1,1
730,500,236,115,10,6,1,1,1
730,553,219,264,10,6,1,1,1
730,561,223,461,7,6,1,1,1
730,638,51,340,10,6,1,1,1
731,500,239,115,10,6,1,1,1
731,553,217,266,11,7,1,1,1
731,561,224,462,7,5,1,1,1
731,638,50,336,9,6,1,1,1
732,500,239,115,10,6,1,1,1
732,553,217,266,11,7,1,1,1
732,561,224,462,7,5,1,1,1
732,638,50,336,9,6,1,1,1
733,500,242,116,9,5,1,1,1
733,553,216,268,11,7,1,1,1
733,638,49,333,9,6,1,1,1
734,500,242,116,9,5,1,1,1
734,553,216,268,11,7,1,1,1
734,638,49,333,9,6,1,1,1
735,500,244,116,10,6,1,1,1
735,553,216,271,10,6,1,1,1
735,638,47,329,11,6,1,1,1
735,643,212,463,8,6,1,1,1
736,500,244,116,10,6,1,1,1
736,553,216,271,10,6,1,1,1
736,638,47,329,11,6,1,1,1
736,643,212,463,8,6,1,1,1
737,500,247,116,10,6,1,1,1
737,553,215,273,10,6,1,1,1
737,638,46,325,10,7,1,1,1
737,643,209,463,7,6,1,1,1
738,500,247,116,10,6,1,1,1
738,553,215,273,10,6,1,1,1
738,638,46,325,10,7,1,1,1
738,643,209,463,7,6,1,1,1
739,500,250,117,10,6,1,1,1
739,553,213,276,10,6,1,1,1
739,638,46,322,9,6,1,1,1
739,643,205,464,8,5,1,1,1
740,500,250,117,10,6,1,1,1
740,553,213,276,10,6,1,1,1
740,638,46,322,9,6,1,1,1
740,643,205,464,8,5,1,1,1
741,500,253,118,9,5,1,1,1
741,553,212,278,10,6,1,1,1
741,638,45,318,10,6,1,1,1
741,643,201,464,8,6,1,1,1
742,500,253,118,9,5,1,1,1
742,553,212,278,10,6,1,1,1
742,638,45,318,10,6,1,1,1
742,643,201,464,8,6,1,1,1
743,500,255,118,10,6,1,1,1
743,553,209,280,11,6,1,1,1
743,638,45,314,10,6,1,1,1
743,643,197,464,9,6,1,1,1
744,500,255,118,10,6,1,1,1
744,553,209,280,11,6,1,1,1
744,638,45,314,10,6,1,1,1
744,643,197,464,9,6,1,1,1
745,500,258,119,10,6,1,1,1
745,553,208,282,10,7,1,1,1
745,638,44,310,10,6,1,1,1
745,643,194,464,8,6,1,1,1
746,500,258,119,10,6,1,1,1
746,553,208,282,10,7,1,1,1
746,638,44,310,10,6,1,1,1
746,643,194,464,8,6,1,1,1
747,500,261,120,9,6,1,1,1
747,553,207,285,10,6,1,1,1
747,638,44,306,10,6,1,1,1
747,643,190,464,9,6,1,1,1
748,500,261,120,9,6,1,1,1
748,553,207,285,10,6,1,1,1
748,638,44,306,10,6,1,1,1
748,643,190,464,9,6,1,1,1
749,500,263,121,10,6,1,1,1
749,553,205,287,10,6,1,1,1
749,638,44,302,10,6,1,1,1
749,643,187,464,8,6,1,1,1
750,500,263,121,10,6,1,1,1
750,553,205,287,10,6,1,1,1
750,638,44,302,10,6,1,1,1
750,643,187,464,8,6,1,1,1
