1,1,559,143,10,8,1,1,1
1,2,311,329,12,7,1,1,1
2,1,559,143,10,8,1,1,1
2,2,311,329,12,7,1,1,1
49,47,445,1,12,6,1,1,1
50,47,445,1,12,6,1,1,1
51,47,445,4,12,6,1,1,1
52,47,445,4,12,6,1,1,1
53,47,446,7,11,6,1,1,1
54,47,446,7,11,6,1,1,1
55,47,446,9,12,6,1,1,1
56,47,446,9,12,6,1,1,1
57,58,448,14,9,6,1,1,1
58,58,448,14,9,6,1,1,1
59,58,448,17,9,6,1,1,1
60,58,448,17,9,6,1,1,1
61,58,448,18,9,6,1,1,1
62,58,448,18,9,6,1,1,1
63,65,447,24,10,6,1,1,1
64,65,447,24,10,6,1,1,1
65,65,447,25,10,6,1,1,1
66,65,447,25,10,6,1,1,1
67,68,447,31,10,6,1,1,1
68,68,447,31,10,6,1,1,1
69,68,447,32,10,6,1,1,1
70,68,447,32,10,6,1,1,1
99,116,89,360,10,7,1,1,1
100,116,89,360,10,7,1,1,1
101,116,89,360,10,7,1,1,1
102,116,89,360,10,7,1,1,1
103,116,89,360,10,7,1,1,1
104,116,89,360,10,7,1,1,1
105,116,89,360,10,7,1,1,1
106,116,89,360,10,7,1,1,1
107,116,88,360,10,7,1,1,1
108,116,88,360,10,7,1,1,1
109,116,88,360,10,7,1,1,1
110,116,88,360,10,7,1,1,1
111,116,87,360,11,7,1,1,1
112,116,87,360,11,7,1,1,1
113,116,87,360,10,7,1,1,1
114,116,87,360,10,7,1,1,1
115,116,87,360,10,7,1,1,1
116,116,87,360,10,7,1,1,1
117,116,87,360,10,7,1,1,1
118,116,87,360,10,7,1,1,1
119,116,87,360,10,7,1,1,1
120,116,87,360,10,7,1,1,1
121,116,87,360,10,7,1,1,1
122,116,87,360,10,7,1,1,1
123,116,87,360,10,7,1,1,1
124,116,87,360,10,7,1,1,1
125,116,87,360,10,7,1,1,1
126,116,87,360,10,7,1,1,1
127,116,87,360,10,7,1,1,1
128,116,87,360,10,7,1,1,1
129,116,87,360,10,7,1,1,1
130,116,87,360,10,7,1,1,1
131,116,87,360,10,7,1,1,1
132,116,87,360,10,7,1,1,1
133,116,86,360,11,7,1,1,1
134,116,86,360,11,7,1,1,1
135,116,86,360,10,7,1,1,1
136,116,86,360,10,7,1,1,1
137,116,86,360,10,7,1,1,1
138,116,86,360,10,7,1,1,1
139,116,86,360,10,7,1,1,1
140,116,86,360,10,7,1,1,1
143,116,85,359,10,7,1,1,1
144,116,85,359,10,7,1,1,1
145,116,85,359,10,7,1,1,1
145,186,82,96,10,6,1,1,1
146,116,85,359,10,7,1,1,1
146,186,82,96,10,6,1,1,1
147,186,82,95,10,6,1,1,1
148,186,82,95,10,6,1,1,1
149,192,82,89,10,6,1,1,1
150,192,82,89,10,6,1,1,1
151,192,81,85,11,7,1,1,1
152,192,81,85,11,7,1,1,1
153,192,81,82,11,6,1,1,1
154,192,81,82,11,6,1,1,1
155,192,81,79,11,6,1,1,1
156,192,81,79,11,6,1,1,1
157,192,81,76,11,6,1,1,1
158,192,81,76,11,6,1,1,1
159,192,82,73,9,6,1,1,1
160,192,82,73,9,6,1,1,1
161,192,81,69,11,7,1,1,1
162,192,81,69,11,7,1,1,1
163,192,82,66,10,6,1,1,1
164,192,82,66,10,6,1,1,1
165,192,83,63,9,6,1,1,1
166,192,83,63,9,6,1,1,1
167,192,83,60,9,6,1,1,1
167,209,192,0,17,5,1,1,1
168,192,83,60,9,6,1,1,1
168,209,192,0,17,5,1,1,1
169,192,84,57,9,6,1,1,1
169,209,191,0,18,6,1,1,1
170,192,84,57,9,6,1,1,1
170,209,191,0,18,6,1,1,1
171,192,84,54,9,6,1,1,1
172,192,84,54,9,6,1,1,1
173,192,84,52,10,5,1,1,1
174,192,84,52,10,5,1,1,1
175,192,84,49,11,6,1,1,1
176,192,84,49,11,6,1,1,1
177,192,85,46,10,6,1,1,1
177,225,189,14,12,7,1,1,1
178,192,85,46,10,6,1,1,1
178,225,189,14,12,7,1,1,1
179,192,87,43,9,6,1,1,1
179,225,189,17,12,7,1,1,1
180,192,87,43,9,6,1,1,1
180,225,189,17,12,7,1,1,1
181,192,87,40,10,6,1,1,1
181,225,187,20,12,7,1,1,1
182,192,87,40,10,6,1,1,1
182,225,187,20,12,7,1,1,1
183,192,88,38,10,5,1,1,1
183,225,186,23,12,7,1,1,1
184,192,88,38,10,5,1,1,1
184,225,186,23,12,7,1,1,1
185,192,88,35,11,6,1,1,1
185,225,185,25,12,7,1,1,1
186,192,88,35,11,6,1,1,1
186,225,185,25,12,7,1,1,1
187,186,90,73,11,7,1,1,1
188,186,90,73,11,7,1,1,1
189,186,90,71,12,7,1,1,1
190,186,90,71,12,7,1,1,1
193,246,181,119,12,6,1,1,1
194,246,181,119,12,6,1,1,1
195,246,180,122,12,6,1,1,1
196,246,180,122,12,6,1,1,1
197,246,178,125,13,7,1,1,1
197,255,97,102,9,6,1,1,1
198,246,178,125,13,7,1,1,1
198,255,97,102,9,6,1,1,1
199,246,176,129,14,7,1,1,1
199,255,99,100,9,6,1,1,1
200,246,176,129,14,7,1,1,1
200,255,99,100,9,6,1,1,1
201,246,175,132,14,7,1,1,1
201,255,101,98,9,6,1,1,1
202,246,175,132,14,7,1,1,1
202,255,101,98,9,6,1,1,1
203,246,175,136,12,6,1,1,1
203,255,102,96,9,6,1,1,1
204,246,175,136,12,6,1,1,1
204,255,102,96,9,6,1,1,1
205,246,173,139,13,7,1,1,1
205,255,104,94,8,6,1,1,1
205,265,62,439,11,6,1,1,1
206,246,173,139,13,7,1,1,1
206,255,104,94,8,6,1,1,1
206,265,62,439,11,6,1,1,1
207,246,172,143,12,6,1,1,1
207,255,105,93,9,5,1,1,1
207,265,61,439,11,6,1,1,1
208,246,172,143,12,6,1,1,1
208,255,105,93,9,5,1,1,1
208,265,61,439,11,6,1,1,1
209,246,170,146,13,7,1,1,1
209,255,107,91,8,6,1,1,1
209,265,61,439,11,6,1,1,1
210,246,170,146,13,7,1,1,1
210,255,107,91,8,6,1,1,1
210,265,61,439,11,6,1,1,1
211,246,169,149,13,7,1,1,1
211,255,109,90,9,5,1,1,1
212,246,169,149,13,7,1,1,1
212,255,109,90,9,5,1,1,1
213,246,168,153,12,7,1,1,1
213,255,111,88,9,6,1,1,1
214,246,168,153,12,7,1,1,1
214,255,111,88,9,6,1,1,1
215,246,167,156,11,7,1,1,1
215,255,112,86,10,6,1,1,1
216,246,167,156,11,7,1,1,1
216,255,112,86,10,6,1,1,1
217,246,165,160,12,6,1,1,1
217,255,115,85,9,6,1,1,1
218,246,165,160,12,6,1,1,1
218,255,115,85,9,6,1,1,1
219,246,163,163,13,6,1,1,1
219,255,117,84,9,5,1,1,1
220,246,163,163,13,6,1,1,1
220,255,117,84,9,5,1,1,1
221,246,162,166,11,7,1,1,1
221,255,119,82,10,6,1,1,1
222,246,162,166,11,7,1,1,1
222,255,119,82,10,6,1,1,1
223,246,160,169,12,7,1,1,1
223,255,121,81,10,6,1,1,1
224,246,160,169,12,7,1,1,1
224,255,121,81,10,6,1,1,1
225,246,158,173,12,7,1,1,1
225,255,123,80,10,6,1,1,1
226,246,158,173,12,7,1,1,1
226,255,123,80,10,6,1,1,1
227,246,157,176,12,7,1,1,1
227,255,126,79,10,6,1,1,1
228,246,157,176,12,7,1,1,1
228,255,126,79,10,6,1,1,1
229,246,156,179,11,7,1,1,1
229,255,128,78,10,6,1,1,1
230,246,156,179,11,7,1,1,1
230,255,128,78,10,6,1,1,1
231,246,154,183,11,6,1,1,1
231,255,131,77,10,6,1,1,1
232,246,154,183,11,6,1,1,1
232,255,131,77,10,6,1,1,1
233,246,154,186,12,6,1,1,1
233,255,136,76,10,6,1,1,1
233,292,208,431,10,7,1,1,1
233,293,0,361,3,6,1,1,1
234,246,154,186,12,6,1,1,1
234,255,136,76,10,6,1,1,1
234,292,208,431,10,7,1,1,1
234,293,0,361,3,6,1,1,1
235,246,153,189,12,7,1,1,1
235,255,138,75,10,6,1,1,1
235,292,207,432,10,7,1,1,1
235,293,0,360,3,6,1,1,1
236,246,153,189,12,7,1,1,1
236,255,138,75,10,6,1,1,1
236,292,207,432,10,7,1,1,1
236,293,0,360,3,6,1,1,1
239,225,168,76,11,6,1,1,1
239,299,218,436,10,6,1,1,1
240,225,168,76,11,6,1,1,1
240,299,218,436,10,6,1,1,1
241,225,168,77,10,6,1,1,1
241,299,218,437,10,6,1,1,1
242,225,168,77,10,6,1,1,1
242,299,218,437,10,6,1,1,1
243,305,173,76,10,5,1,1,1
243,307,7,343,11,7,1,1,1
244,305,173,76,10,5,1,1,1
244,307,7,343,11,7,1,1,1
245,305,174,75,12,6,1,1,1
245,307,6,342,11,7,1,1,1
245,308,205,441,10,6,1,1,1
245,309,170,204,10,6,1,1,1
246,305,174,75,12,6,1,1,1
246,307,6,342,11,7,1,1,1
246,308,205,441,10,6,1,1,1
246,309,170,204,10,6,1,1,1
247,305,177,74,12,7,1,1,1
247,308,204,442,10,6,1,1,1
247,309,170,205,9,6,1,1,1
248,305,177,74,12,7,1,1,1
248,308,204,442,10,6,1,1,1
248,309,170,205,9,6,1,1,1
249,305,181,74,12,7,1,1,1
250,305,181,74,12,7,1,1,1
251,305,183,74,12,7,1,1,1
252,305,183,74,12,7,1,1,1
257,323,208,447,8,6,1,1,1
257,324,218,75,11,6,1,1,1
257,326,188,222,11,6,1,1,1
258,323,208,447,8,6,1,1,1
258,324,218,75,11,6,1,1,1
258,326,188,222,11,6,1,1,1
259,323,205,448,9,6,1,1,1
259,324,222,75,11,6,1,1,1
259,326,187,225,11,6,1,1,1
260,323,205,448,9,6,1,1,1
260,324,222,75,11,6,1,1,1
260,326,187,225,11,6,1,1,1
261,323,206,449,8,6,1,1,1
261,324,224,75,11,6,1,1,1
261,326,186,226,11,6,1,1,1
262,323,206,449,8,6,1,1,1
262,324,224,75,11,6,1,1,1
262,326,186,226,11,6,1,1,1
263,323,205,450,9,6,1,1,1
264,323,205,450,9,6,1,1,1
283,368,282,257,10,6,1,1,1
283,369,375,83,9,6,1,1,1
284,368,282,257,10,6,1,1,1
284,369,375,83,9,6,1,1,1
285,368,281,259,11,7,1,1,1
285,369,375,84,9,6,1,1,1
285,372,273,447,10,6,1,1,1
286,368,281,259,11,7,1,1,1
286,369,375,84,9,6,1,1,1
286,372,273,447,10,6,1,1,1
287,368,280,262,10,6,1,1,1
287,372,272,447,10,6,1,1,1
287,374,382,86,11,5,1,1,1
288,368,280,262,10,6,1,1,1
288,372,272,447,10,6,1,1,1
288,374,382,86,11,5,1,1,1
289,368,279,264,10,6,1,1,1
289,374,382,87,11,5,1,1,1
290,368,279,264,10,6,1,1,1
290,374,382,87,11,5,1,1,1
291,368,278,266,10,6,1,1,1
291,376,391,88,10,6,1,1,1
291,378,266,444,9,6,1,1,1
292,368,278,266,10,6,1,1,1
292,376,391,88,10,6,1,1,1
292,378,266,444,9,6,1,1,1
293,368,277,268,10,7,1,1,1
293,376,392,89,10,6,1,1,1
293,378,265,443,8,6,1,1,1
294,368,277,268,10,7,1,1,1
294,376,392,89,10,6,1,1,1
294,378,265,443,8,6,1,1,1
295,368,275,271,12,6,1,1,1
295,378,264,443,8,5,1,1,1
295,381,399,91,10,6,1,1,1
296,368,275,271,12,6,1,1,1
296,378,264,443,8,5,1,1,1
296,381,399,91,10,6,1,1,1
297,368,274,273,12,7,1,1,1
297,381,400,92,10,6,1,1,1
298,368,274,273,12,7,1,1,1
298,381,400,92,10,6,1,1,1
299,368,273,275,12,7,1,1,1
299,385,258,440,8,5,1,1,1
300,368,273,275,12,7,1,1,1
300,385,258,440,8,5,1,1,1
301,368,273,277,10,6,1,1,1
301,385,255,438,9,6,1,1,1
302,368,273,277,10,6,1,1,1
302,385,255,438,9,6,1,1,1
303,368,272,279,10,6,1,1,1
303,385,253,437,10,6,1,1,1
304,368,272,279,10,6,1,1,1
304,385,253,437,10,6,1,1,1
305,368,272,281,10,6,1,1,1
305,385,251,436,10,7,1,1,1
306,368,272,281,10,6,1,1,1
306,385,251,436,10,7,1,1,1
307,368,271,282,10,6,1,1,1
308,368,271,282,10,6,1,1,1
309,299,247,432,11,6,1,1,1
309,309,154,207,11,7,1,1,1
309,368,270,284,11,6,1,1,1
310,299,247,432,11,6,1,1,1
310,309,154,207,11,7,1,1,1
310,368,270,284,11,6,1,1,1
311,299,247,430,10,6,1,1,1
311,309,154,207,10,7,1,1,1
311,368,269,285,12,7,1,1,1
312,299,247,430,10,6,1,1,1
312,309,154,207,10,7,1,1,1
312,368,269,285,12,7,1,1,1
313,292,244,427,10,7,1,1,1
313,299,248,430,10,6,1,1,1
313,368,269,287,11,6,1,1,1
314,292,244,427,10,7,1,1,1
314,299,248,430,10,6,1,1,1
314,368,269,287,11,6,1,1,1
315,292,244,426,10,6,1,1,1
315,368,268,288,12,7,1,1,1
316,292,244,426,10,6,1,1,1
316,368,268,288,12,7,1,1,1
317,292,245,426,9,6,1,1,1
317,368,268,289,11,7,1,1,1
318,292,245,426,9,6,1,1,1
318,368,268,289,11,7,1,1,1
319,368,268,291,11,6,1,1,1
320,368,268,291,11,6,1,1,1
321,368,269,292,10,6,1,1,1
321,410,240,419,10,6,1,1,1
322,368,269,292,10,6,1,1,1
322,410,240,419,10,6,1,1,1
323,368,269,293,10,6,1,1,1
323,410,238,416,11,7,1,1,1
324,368,269,293,10,6,1,1,1
324,410,238,416,11,7,1,1,1
325,368,269,294,10,6,1,1,1
325,410,237,414,11,6,1,1,1
326,368,269,294,10,6,1,1,1
326,410,237,414,11,6,1,1,1
327,368,269,295,10,6,1,1,1
327,378,250,438,10,6,1,1,1
327,410,237,412,10,6,1,1,1
328,368,269,295,10,6,1,1,1
328,378,250,438,10,6,1,1,1
328,410,237,412,10,6,1,1,1
329,368,268,295,11,7,1,1,1
329,378,249,437,11,7,1,1,1
329,410,236,409,10,6,1,1,1
330,368,268,295,11,7,1,1,1
330,378,249,437,11,7,1,1,1
330,410,236,409,10,6,1,1,1
331,368,268,296,12,7,1,1,1
331,410,235,406,10,6,1,1,1
332,368,268,296,12,7,1,1,1
332,410,235,406,10,6,1,1,1
333,368,268,297,12,7,1,1,1
333,410,234,403,11,7,1,1,1
334,368,268,297,12,7,1,1,1
334,410,234,403,11,7,1,1,1
335,368,268,297,12,7,1,1,1
335,410,234,401,11,6,1,1,1
336,368,268,297,12,7,1,1,1
336,410,234,401,11,6,1,1,1
337,368,268,298,12,7,1,1,1
337,410,234,398,10,6,1,1,1
338,368,268,298,12,7,1,1,1
338,410,234,398,10,6,1,1,1
339,368,269,299,10,6,1,1,1
339,410,234,395,10,6,1,1,1
340,368,269,299,10,6,1,1,1
340,410,234,395,10,6,1,1,1
341,368,269,299,11,7,1,1,1
341,410,234,392,10,6,1,1,1
342,368,269,299,11,7,1,1,1
342,410,234,392,10,6,1,1,1
343,368,269,300,11,7,1,1,1
343,410,234,388,10,6,1,1,1
344,368,269,300,11,7,1,1,1
344,410,234,388,10,6,1,1,1
345,368,269,300,11,7,1,1,1
345,410,234,385,10,6,1,1,1
346,368,269,300,11,7,1,1,1
346,410,234,385,10,6,1,1,1
347,368,269,301,11,6,1,1,1
347,410,234,382,10,6,1,1,1
348,368,269,301,11,6,1,1,1
348,410,234,382,10,6,1,1,1
349,368,270,301,10,6,1,1,1
349,410,234,378,10,6,1,1,1
350,368,270,301,10,6,1,1,1
350,410,234,378,10,6,1,1,1
351,368,270,301,11,7,1,1,1
351,410,235,375,10,6,1,1,1
352,368,270,301,11,7,1,1,1
352,410,235,375,10,6,1,1,1
353,368,270,301,11,7,1,1,1
353,410,236,371,10,6,1,1,1
354,368,270,301,11,7,1,1,1
354,410,236,371,10,6,1,1,1
355,368,270,301,12,7,1,1,1
355,410,236,367,11,7,1,1,1
356,368,270,301,12,7,1,1,1
356,410,236,367,11,7,1,1,1
357,368,271,301,12,7,1,1,1
357,410,237,364,10,6,1,1,1
358,368,271,301,12,7,1,1,1
358,410,237,364,10,6,1,1,1
359,368,271,301,12,7,1,1,1
359,410,238,360,10,6,1,1,1
360,368,271,301,12,7,1,1,1
360,410,238,360,10,6,1,1,1
361,368,272,301,11,6,1,1,1
361,410,239,356,10,6,1,1,1
362,368,272,301,11,6,1,1,1
362,410,239,356,10,6,1,1,1
363,368,273,301,10,6,1,1,1
363,410,240,353,10,6,1,1,1
364,368,273,301,10,6,1,1,1
364,410,240,353,10,6,1,1,1
365,368,273,300,11,7,1,1,1
365,410,241,349,10,6,1,1,1
366,368,273,300,11,7,1,1,1
366,410,241,349,10,6,1,1,1
367,368,274,300,11,6,1,1,1
367,410,242,345,10,6,1,1,1
368,368,274,300,11,6,1,1,1
368,410,242,345,10,6,1,1,1
369,305,280,91,12,6,1,1,1
369,368,275,299,11,7,1,1,1
369,410,244,341,9,6,1,1,1
370,305,280,91,12,6,1,1,1
370,368,275,299,11,7,1,1,1
370,410,244,341,9,6,1,1,1
371,305,282,92,11,6,1,1,1
371,368,276,299,12,7,1,1,1
371,410,244,337,11,6,1,1,1
372,305,282,92,11,6,1,1,1
372,368,276,299,12,7,1,1,1
372,410,244,337,11,6,1,1,1
373,368,277,298,11,7,1,1,1
373,410,246,333,10,7,1,1,1
374,368,277,298,11,7,1,1,1
374,410,246,333,10,7,1,1,1
375,324,298,82,11,6,1,1,1
375,368,278,298,11,6,1,1,1
375,410,247,330,11,6,1,1,1
376,324,298,82,11,6,1,1,1
376,368,278,298,11,6,1,1,1
376,410,247,330,11,6,1,1,1
377,324,299,83,11,6,1,1,1
377,368,278,297,12,7,1,1,1
377,410,249,326,10,6,1,1,1
378,324,299,83,11,6,1,1,1
378,368,278,297,12,7,1,1,1
378,410,249,326,10,6,1,1,1
379,368,280,296,11,6,1,1,1
379,410,251,322,10,6,1,1,1
380,368,280,296,11,6,1,1,1
380,410,251,322,10,6,1,1,1
381,368,281,295,11,6,1,1,1
381,410,253,318,10,6,1,1,1
382,368,281,295,11,6,1,1,1
382,410,253,318,10,6,1,1,1
383,368,281,294,12,7,1,1,1
383,410,255,314,10,5,1,1,1
384,368,281,294,12,7,1,1,1
384,410,255,314,10,5,1,1,1
385,368,283,293,12,7,1,1,1
385,410,257,309,11,6,1,1,1
386,368,283,293,12,7,1,1,1
386,410,257,309,11,6,1,1,1
387,368,284,292,12,7,1,1,1
387,410,259,305,10,6,1,1,1
388,368,284,292,12,7,1,1,1
388,410,259,305,10,6,1,1,1
389,368,286,291,11,6,1,1,1
389,410,262,301,10,6,1,1,1
390,368,286,291,11,6,1,1,1
390,410,262,301,10,6,1,1,1
391,368,287,290,11,6,1,1,1
391,410,264,296,11,7,1,1,1
392,368,287,290,11,6,1,1,1
392,410,264,296,11,7,1,1,1
393,368,289,288,10,6,1,1,1
393,410,266,292,11,6,1,1,1
394,368,289,288,10,6,1,1,1
394,410,266,292,11,6,1,1,1
395,368,290,287,11,6,1,1,1
395,410,269,288,11,6,1,1,1
396,368,290,287,11,6,1,1,1
396,410,269,288,11,6,1,1,1
397,368,292,285,11,6,1,1,1
397,410,272,283,10,6,1,1,1
398,368,292,285,11,6,1,1,1
398,410,272,283,10,6,1,1,1
399,368,293,284,11,6,1,1,1
399,410,275,279,10,6,1,1,1
400,368,293,284,11,6,1,1,1
400,410,275,279,10,6,1,1,1
401,368,295,282,11,6,1,1,1
401,410,278,274,10,6,1,1,1
402,368,295,282,11,6,1,1,1
402,410,278,274,10,6,1,1,1
403,368,296,280,12,7,1,1,1
403,410,281,270,10,6,1,1,1
404,368,296,280,12,7,1,1,1
404,410,281,270,10,6,1,1,1
405,368,298,279,11,6,1,1,1
405,369,395,44,9,6,1,1,1
405,410,284,265,10,6,1,1,1
406,368,298,279,11,6,1,1,1
406,369,395,44,9,6,1,1,1
406,410,284,265,10,6,1,1,1
407,368,300,277,11,6,1,1,1
407,369,395,43,10,6,1,1,1
407,410,287,261,10,6,1,1,1
408,368,300,277,11,6,1,1,1
408,369,395,43,10,6,1,1,1
408,410,287,261,10,6,1,1,1
409,368,301,275,12,7,1,1,1
409,410,290,256,10,6,1,1,1
410,368,301,275,12,7,1,1,1
410,410,290,256,10,6,1,1,1
411,368,303,273,11,6,1,1,1
411,410,294,251,10,6,1,1,1
412,368,303,273,11,6,1,1,1
412,410,294,251,10,6,1,1,1
413,368,305,271,11,6,1,1,1
413,376,423,37,10,6,1,1,1
413,410,297,247,10,6,1,1,1
414,368,305,271,11,6,1,1,1
414,376,423,37,10,6,1,1,1
414,410,297,247,10,6,1,1,1
415,368,307,269,11,6,1,1,1
415,376,423,36,10,6,1,1,1
415,410,301,242,10,6,1,1,1
416,368,307,269,11,6,1,1,1
416,376,423,36,10,6,1,1,1
416,410,301,242,10,6,1,1,1
417,368,308,267,12,6,1,1,1
417,410,305,238,10,6,1,1,1
418,368,308,267,12,6,1,1,1
418,410,305,238,10,6,1,1,1
419,368,310,265,12,7,1,1,1
419,410,308,233,10,6,1,1,1
420,368,310,265,12,7,1,1,1
420,410,308,233,10,6,1,1,1
421,368,313,263,11,6,1,1,1
421,410,312,229,10,6,1,1,1
422,368,313,263,11,6,1,1,1
422,410,312,229,10,6,1,1,1
423,368,314,260,12,7,1,1,1
423,410,316,224,10,6,1,1,1
424,368,314,260,12,7,1,1,1
424,410,316,224,10,6,1,1,1
425,368,316,258,13,7,1,1,1
425,410,320,220,10,6,1,1,1
426,368,316,258,13,7,1,1,1
426,410,320,220,10,6,1,1,1
427,368,319,256,11,6,1,1,1
427,410,324,215,11,6,1,1,1
428,368,319,256,11,6,1,1,1
428,410,324,215,11,6,1,1,1
429,368,321,253,12,7,1,1,1
429,410,329,211,10,6,1,1,1
430,368,321,253,12,7,1,1,1
430,410,329,211,10,6,1,1,1
431,368,324,251,11,6,1,1,1
431,410,334,206,9,6,1,1,1
432,368,324,251,11,6,1,1,1
432,410,334,206,9,6,1,1,1
433,368,326,249,11,6,1,1,1
433,410,338,202,10,5,1,1,1
434,368,326,249,11,6,1,1,1
434,410,338,202,10,5,1,1,1
435,368,329,246,11,6,1,1,1
435,410,343,197,9,6,1,1,1
436,368,329,246,11,6,1,1,1
436,410,343,197,9,6,1,1,1
437,368,331,243,12,7,1,1,1
437,410,347,193,10,5,1,1,1
438,368,331,243,12,7,1,1,1
438,410,347,193,10,5,1,1,1
439,368,334,241,11,6,1,1,1
439,410,352,188,10,6,1,1,1
440,368,334,241,11,6,1,1,1
440,410,352,188,10,6,1,1,1
441,368,337,238,11,6,1,1,1
441,410,357,184,10,6,1,1,1
442,368,337,238,11,6,1,1,1
442,410,357,184,10,6,1,1,1
443,368,339,235,12,7,1,1,1
443,410,362,179,10,6,1,1,1
444,368,339,235,12,7,1,1,1
444,410,362,179,10,6,1,1,1
445,368,342,232,13,7,1,1,1
445,410,368,175,10,6,1,1,1
445,513,541,21,11,6,1,1,1
446,368,342,232,13,7,1,1,1
446,410,368,175,10,6,1,1,1
446,513,541,21,11,6,1,1,1
447,368,344,229,13,7,1,1,1
447,410,375,171,8,5,1,1,1
447,513,542,21,11,6,1,1,1
448,368,344,229,13,7,1,1,1
448,410,375,171,8,5,1,1,1
448,513,542,21,11,6,1,1,1
449,368,347,226,12,7,1,1,1
449,410,380,167,8,4,1,1,1
450,368,347,226,12,7,1,1,1
450,410,380,167,8,4,1,1,1
479,305,405,172,11,6,1,1,1
480,305,405,172,11,6,1,1,1
481,305,407,174,12,6,1,1,1
482,305,407,174,12,6,1,1,1
507,513,568,47,12,6,1,1,1
508,513,568,47,12,6,1,1,1
509,513,570,48,11,6,1,1,1
510,513,570,48,11,6,1,1,1
521,324,429,97,13,7,1,1,1
522,324,429,97,13,7,1,1,1
523,324,431,98,13,7,1,1,1
523,613,546,31,11,6,1,1,1
524,324,431,98,13,7,1,1,1
524,613,546,31,11,6,1,1,1
525,613,543,29,11,6,1,1,1
526,613,543,29,11,6,1,1,1
527,613,540,27,11,6,1,1,1
528,613,540,27,11,6,1,1,1
529,613,536,26,11,6,1,1,1
530,613,536,26,11,6,1,1,1
531,613,533,24,11,6,1,1,1
532,613,533,24,11,6,1,1,1
533,613,529,22,11,6,1,1,1
534,613,529,22,11,6,1,1,1
535,613,526,21,11,6,1,1,1
535,631,595,423,11,6,1,1,1
535,632,396,75,11,7,1,1,1
536,613,526,21,11,6,1,1,1
536,631,595,423,11,6,1,1,1
536,632,396,75,11,7,1,1,1
537,631,596,423,11,6,1,1,1
537,632,396,74,11,7,1,1,1
538,631,596,423,11,6,1,1,1
538,632,396,74,11,7,1,1,1
539,631,596,423,11,6,1,1,1
540,631,596,423,11,6,1,1,1
541,631,596,422,11,6,1,1,1
542,631,596,422,11,6,1,1,1
543,631,596,422,11,6,1,1,1
544,631,596,422,11,6,1,1,1
545,631,596,421,10,6,1,1,1
546,631,596,421,10,6,1,1,1
547,631,596,421,11,5,1,1,1
547,642,615,424,11,5,1,1,1
548,631,596,421,11,5,1,1,1
548,642,615,424,11,5,1,1,1
549,631,596,420,10,6,1,1,1
549,642,615,423,11,7,1,1,1
550,631,596,420,10,6,1,1,1
550,642,615,423,11,7,1,1,1
551,631,595,419,12,6,1,1,1
552,631,595,419,12,6,1,1,1
553,631,595,418,12,7,1,1,1
553,642,615,424,10,6,1,1,1
554,631,595,418,12,7,1,1,1
554,642,615,424,10,6,1,1,1
555,631,595,417,11,7,1,1,1
555,642,615,424,10,6,1,1,1
556,631,595,417,11,7,1,1,1
556,642,615,424,10,6,1,1,1
557,631,595,417,11,6,1,1,1
557,642,615,424,10,5,1,1,1
558,631,595,417,11,6,1,1,1
558,642,615,424,10,5,1,1,1
559,631,595,416,10,6,1,1,1
559,642,615,424,9,5,1,1,1
560,631,595,416,10,6,1,1,1
560,642,615,424,9,5,1,1,1
561,631,594,414,11,7,1,1,1
561,642,616,424,8,4,1,1,1
562,631,594,414,11,7,1,1,1
562,642,616,424,8,4,1,1,1
563,631,594,413,11,6,1,1,1
563,642,616,424,8,4,1,1,1
564,631,594,413,11,6,1,1,1
564,642,616,424,8,4,1,1,1
565,631,594,412,10,6,1,1,1
565,642,616,424,8,4,1,1,1
566,631,594,412,10,6,1,1,1
566,642,616,424,8,4,1,1,1
567,631,593,410,11,6,1,1,1
568,631,593,410,11,6,1,1,1
569,631,593,408,11,7,1,1,1
570,631,593,408,11,7,1,1,1
571,631,593,407,11,6,1,1,1
572,631,593,407,11,6,1,1,1
573,631,593,405,10,6,1,1,1
574,631,593,405,10,6,1,1,1
575,631,592,403,11,7,1,1,1
576,631,592,403,11,7,1,1,1
577,631,592,402,10,6,1,1,1
578,631,592,402,10,6,1,1,1
579,631,591,400,11,6,1,1,1
580,631,591,400,11,6,1,1,1
581,631,591,398,10,6,1,1,1
582,631,591,398,10,6,1,1,1
583,631,591,396,10,6,1,1,1
584,631,591,396,10,6,1,1,1
585,631,590,393,11,7,1,1,1
586,631,590,393,11,7,1,1,1
587,631,590,391,10,6,1,1,1
588,631,590,391,10,6,1,1,1
589,631,589,389,11,6,1,1,1
590,631,589,389,11,6,1,1,1
591,631,589,386,11,7,1,1,1
592,631,589,386,11,7,1,1,1
593,631,589,384,10,6,1,1,1
594,631,589,384,10,6,1,1,1
595,631,588,381,11,7,1,1,1
596,631,588,381,11,7,1,1,1
597,631,588,379,10,6,1,1,1
598,631,588,379,10,6,1,1,1
599,631,588,376,10,6,1,1,1
600,631,588,376,10,6,1,1,1
601,631,587,373,11,7,1,1,1
602,631,587,373,11,7,1,1,1
603,631,587,371,10,6,1,1,1
604,631,587,371,10,6,1,1,1
605,631,586,368,11,6,1,1,1
606,631,586,368,11,6,1,1,1
607,631,585,364,12,7,1,1,1
608,631,585,364,12,7,1,1,1
609,631,585,361,12,7,1,1,1
610,631,585,361,12,7,1,1,1
611,631,585,358,11,7,1,1,1
612,631,585,358,11,7,1,1,1
613,631,585,355,10,6,1,1,1
614,631,585,355,10,6,1,1,1
615,631,584,352,11,6,1,1,1
616,631,584,352,11,6,1,1,1
617,631,584,348,11,7,1,1,1
618,631,584,348,11,7,1,1,1
619,631,583,345,12,7,1,1,1
620,631,583,345,12,7,1,1,1
621,631,583,342,11,6,1,1,1
622,631,583,342,11,6,1,1,1
623,631,583,338,11,7,1,1,1
624,631,583,338,11,7,1,1,1
625,631,583,335,10,6,1,1,1
626,631,583,335,10,6,1,1,1
627,631,582,332,11,6,1,1,1
628,631,582,332,11,6,1,1,1
629,631,582,328,10,6,1,1,1
630,631,582,328,10,6,1,1,1
631,631,582,324,10,7,1,1,1
632,631,582,324,10,7,1,1,1
633,631,581,321,11,6,1,1,1
634,631,581,321,11,6,1,1,1
635,631,581,317,11,7,1,1,1
636,631,581,317,11,7,1,1,1
637,631,581,314,10,6,1,1,1
638,631,581,314,10,6,1,1,1
639,631,580,310,11,6,1,1,1
640,631,580,310,11,6,1,1,1
641,631,580,306,10,6,1,1,1
642,631,580,306,10,6,1,1,1
643,631,579,302,11,6,1,1,1
644,631,579,302,11,6,1,1,1
645,631,579,298,11,7,1,1,1
646,631,579,298,11,7,1,1,1
647,631,579,295,10,6,1,1,1
648,631,579,295,10,6,1,1,1
649,631,579,291,10,6,1,1,1
650,631,579,291,10,6,1,1,1
651,631,578,287,10,6,1,1,1
652,631,578,287,10,6,1,1,1
653,631,578,283,10,6,1,1,1
654,631,578,283,10,6,1,1,1
655,631,577,279,11,6,1,1,1
656,631,577,279,11,6,1,1,1
657,631,577,275,10,6,1,1,1
658,631,577,275,10,6,1,1,1
659,631,577,271,10,6,1,1,1
660,631,577,271,10,6,1,1,1
661,631,577,267,10,6,1,1,1
662,631,577,267,10,6,1,1,1
663,631,577,263,10,6,1,1,1
664,631,577,263,10,6,1,1,1
665,631,577,259,10,6,1,1,1
666,631,577,259,10,6,1,1,1
667,631,576,255,11,6,1,1,1
668,631,576,255,11,6,1,1,1
669,631,576,251,11,6,1,1,1
670,631,576,251,11,6,1,1,1
671,631,576,247,10,6,1,1,1
672,631,576,247,10,6,1,1,1
673,631,576,243,10,6,1,1,1
674,631,576,243,10,6,1,1,1
675,631,576,239,10,6,1,1,1
676,631,576,239,10,6,1,1,1
677,631,576,235,10,6,1,1,1
678,631,576,235,10,6,1,1,1
679,631,575,231,11,6,1,1,1
680,631,575,231,11,6,1,1,1
681,631,576,227,10,6,1,1,1
682,631,576,227,10,6,1,1,1
683,631,575,223,11,6,1,1,1
684,631,575,223,11,6,1,1,1
685,631,576,219,10,6,1,1,1
686,631,576,219,10,6,1,1,1
687,631,576,215,10,6,1,1,1
688,631,576,215,10,6,1,1,1
689,631,576,211,10,6,1,1,1
690,631,576,211,10,6,1,1,1
691,631,576,207,10,6,1,1,1
692,631,576,207,10,6,1,1,1
693,631,576,203,11,6,1,1,1
694,631,576,203,11,6,1,1,1
695,631,576,199,11,6,1,1,1
696,631,576,199,11,6,1,1,1
697,631,577,195,10,6,1,1,1
698,631,577,195,10,6,1,1,1
699,631,575,191,11,6,1,1,1
700,631,575,191,11,6,1,1,1
701,631,575,188,10,6,1,1,1
702,631,575,188,10,6,1,1,1
703,642,590,424,9,4,1,1,1
704,642,590,424,9,4,1,1,1
705,642,590,423,8,6,1,1,1
706,642,590,423,8,6,1,1,1
719,690,509,424,9,5,1,1,1
719,691,478,160,10,6,1,1,1
720,690,509,424,9,5,1,1,1
720,691,478,160,10,6,1,1,1
721,690,509,424,9,5,1,1,1
721,691,478,157,10,6,1,1,1
722,690,509,424,9,5,1,1,1
722,691,478,157,10,6,1,1,1
723,690,509,424,9,5,1,1,1
723,691,478,154,10,6,1,1,1
723,692,633,428,4,7,1,1,1
724,690,509,424,9,5,1,1,1
724,691,478,154,10,6,1,1,1
724,692,633,428,4,7,1,1,1
725,690,509,424,9,5,1,1,1
725,691,478,150,10,6,1,1,1
725,692,632,427,5,8,1,1,1
726,690,509,424,9,5,1,1,1
726,691,478,150,10,6,1,1,1
726,692,632,427,5,8,1,1,1
727,690,508,424,9,5,1,1,1
727,691,478,148,10,6,1,1,1
728,690,508,424,9,5,1,1,1
728,691,478,148,10,6,1,1,1
729,691,479,145,10,6,1,1,1
729,694,614,429,11,6,1,1,1
730,691,479,145,10,6,1,1,1
730,694,614,429,11,6,1,1,1
731,691,480,142,9,5,1,1,1
731,694,608,429,11,6,1,1,1
732,691,480,142,9,5,1,1,1
732,694,608,429,11,6,1,1,1
733,691,480,139,10,5,1,1,1
733,694,602,429,11,6,1,1,1
734,691,480,139,10,5,1,1,1
734,694,602,429,11,6,1,1,1
735,691,481,136,10,6,1,1,1
735,694,596,429,11,6,1,1,1
736,691,481,136,10,6,1,1,1
736,694,596,429,11,6,1,1,1
737,691,481,133,10,6,1,1,1
737,694,590,429,11,6,1,1,1
738,691,481,133,10,6,1,1,1
738,694,590,429,11,6,1,1,1
739,690,509,424,9,5,1,1,1
739,691,482,130,10,6,1,1,1
739,694,584,428,11,7,1,1,1
740,690,509,424,9,5,1,1,1
740,691,482,130,10,6,1,1,1
740,694,584,428,11,7,1,1,1
741,690,509,424,9,5,1,1,1
741,691,483,127,10,7,1,1,1
741,694,578,428,11,6,1,1,1
742,690,509,424,9,5,1,1,1
742,691,483,127,10,7,1,1,1
742,694,578,428,11,6,1,1,1
743,690,509,424,9,5,1,1,1
743,691,485,125,9,6,1,1,1
743,694,572,427,11,7,1,1,1
744,690,509,424,9,5,1,1,1
744,691,485,125,9,6,1,1,1
744,694,572,427,11,7,1,1,1
745,690,509,424,9,5,1,1,1
745,691,485,123,10,5,1,1,1
745,694,566,427,11,6,1,1,1
746,690,509,424,9,5,1,1,1
746,691,485,123,10,5,1,1,1
746,694,566,427,11,6,1,1,1
747,690,509,424,9,5,1,1,1
747,691,483,120,10,6,1,1,1
747,694,561,427,11,6,1,1,1
748,690,509,424,9,5,1,1,1
748,691,483,120,10,6,1,1,1
748,694,561,427,11,6,1,1,1
749,691,483,118,10,6,1,1,1
750,691,483,118,10,6,1,1,1
