1,1,270,0,10,4,1,1,1
1,2,410,90,12,7,1,1,1
1,3,160,299,10,7,1,1,1
1,4,394,353,10,6,1,1,1
2,1,270,0,10,4,1,1,1
2,2,410,90,12,7,1,1,1
2,3,160,299,10,7,1,1,1
2,4,394,353,10,6,1,1,1
3,1,273,0,10,4,1,1,1
4,1,273,0,10,4,1,1,1
5,1,274,0,10,4,1,1,1
5,8,410,97,10,6,1,1,1
6,1,274,0,10,4,1,1,1
6,8,410,97,10,6,1,1,1
7,8,410,98,10,6,1,1,1
8,8,410,98,10,6,1,1,1
9,11,409,104,10,6,1,1,1
10,11,409,104,10,6,1,1,1
11,11,408,107,10,6,1,1,1
12,11,408,107,10,6,1,1,1
13,11,406,110,11,7,1,1,1
14,11,406,110,11,7,1,1,1
15,11,405,114,10,6,1,1,1
16,11,405,114,10,6,1,1,1
17,11,404,117,10,6,1,1,1
18,11,404,117,10,6,1,1,1
19,11,402,120,11,7,1,1,1
20,11,402,120,11,7,1,1,1
21,11,400,123,12,7,1,1,1
22,11,400,123,12,7,1,1,1
23,11,399,127,10,6,1,1,1
24,11,399,127,10,6,1,1,1
25,11,397,130,10,7,1,1,1
26,11,397,130,10,7,1,1,1
27,11,395,133,11,7,1,1,1
28,11,395,133,11,7,1,1,1
29,11,393,137,11,6,1,1,1
30,11,393,137,11,6,1,1,1
31,11,390,140,12,7,1,1,1
31,37,363,471,10,6,1,1,1
32,11,390,140,12,7,1,1,1
32,37,363,471,10,6,1,1,1
33,11,388,143,11,7,1,1,1
33,37,363,471,10,6,1,1,1
34,11,388,143,11,7,1,1,1
34,37,363,471,10,6,1,1,1
35,11,386,146,10,7,1,1,1
35,37,362,471,12,6,1,1,1
36,11,386,146,10,7,1,1,1
36,37,362,471,12,6,1,1,1
37,11,383,150,10,6,1,1,1
37,37,362,471,12,7,1,1,1
37,43,317,379,9,6,1,1,1
38,11,383,150,10,6,1,1,1
38,37,362,471,12,7,1,1,1
38,43,317,379,9,6,1,1,1
39,11,381,153,10,6,1,1,1
39,43,316,379,9,6,1,1,1
40,11,381,153,10,6,1,1,1
40,43,316,379,9,6,1,1,1
41,11,378,156,10,6,1,1,1
42,11,378,156,10,6,1,1,1
43,11,375,159,11,6,1,1,1
44,11,375,159,11,6,1,1,1
45,11,372,162,11,6,1,1,1
45,37,363,471,10,6,1,1,1
46,11,372,162,11,6,1,1,1
46,37,363,471,10,6,1,1,1
47,11,369,165,11,6,1,1,1
47,37,363,471,10,6,1,1,1
47,53,291,381,10,6,1,1,1
48,11,369,165,11,6,1,1,1
48,37,363,471,10,6,1,1,1
48,53,291,381,10,6,1,1,1
49,11,366,168,11,6,1,1,1
49,53,290,381,10,6,1,1,1
50,11,366,168,11,6,1,1,1
50,53,290,381,10,6,1,1,1
51,11,363,170,11,6,1,1,1
51,56,347,0,15,3,1,1,1
52,11,363,170,11,6,1,1,1
52,56,347,0,15,3,1,1,1
53,11,359,173,11,6,1,1,1
53,56,345,0,22,5,1,1,1
54,11,359,173,11,6,1,1,1
54,56,345,0,22,5,1,1,1
55,11,356,176,11,6,1,1,1
55,56,346,0,23,6,1,1,1
56,11,356,176,11,6,1,1,1
56,56,346,0,23,6,1,1,1
57,11,353,178,10,6,1,1,1
57,56,349,1,23,6,1,1,1
57,64,174,376,7,5,1,1,1
58,11,353,178,10,6,1,1,1
58,56,349,1,23,6,1,1,1
58,64,174,376,7,5,1,1,1
59,11,349,180,11,6,1,1,1
59,56,349,1,25,7,1,1,1
59,64,174,376,7,4,1,1,1
60,11,349,180,11,6,1,1,1
60,56,349,1,25,7,1,1,1
60,64,174,376,7,4,1,1,1
61,11,345,183,11,6,1,1,1
61,69,360,5,9,5,1,1,1
62,11,345,183,11,6,1,1,1
62,69,360,5,9,5,1,1,1
63,11,341,185,11,6,1,1,1
63,69,361,6,10,6,1,1,1
64,11,341,185,11,6,1,1,1
64,69,361,6,10,6,1,1,1
65,11,337,187,12,7,1,1,1
65,69,362,8,10,6,1,1,1
66,11,337,187,12,7,1,1,1
66,69,362,8,10,6,1,1,1
67,11,332,189,13,7,1,1,1
67,69,364,9,10,6,1,1,1
68,11,332,189,13,7,1,1,1
68,69,364,9,10,6,1,1,1
69,11,329,191,11,7,1,1,1
69,69,365,11,11,6,1,1,1
70,11,329,191,11,7,1,1,1
70,69,365,11,11,6,1,1,1
71,11,324,194,11,6,1,1,1
71,69,367,13,10,6,1,1,1
72,11,324,194,11,6,1,1,1
72,69,367,13,10,6,1,1,1
73,11,319,196,12,6,1,1,1
73,69,369,15,10,6,1,1,1
74,11,319,196,12,6,1,1,1
74,69,369,15,10,6,1,1,1
75,11,315,198,11,7,1,1,1
75,69,370,18,10,6,1,1,1
76,11,315,198,11,7,1,1,1
76,69,370,18,10,6,1,1,1
77,11,310,201,10,6,1,1,1
77,69,371,20,10,6,1,1,1
78,11,310,201,10,6,1,1,1
78,69,371,20,10,6,1,1,1
79,11,304,203,11,6,1,1,1
79,64,174,376,8,4,1,1,1
79,69,372,22,10,6,1,1,1
80,11,304,203,11,6,1,1,1
80,64,174,376,8,4,1,1,1
80,69,372,22,10,6,1,1,1
81,11,299,205,11,6,1,1,1
81,64,174,376,8,4,1,1,1
81,69,373,25,10,6,1,1,1
82,11,299,205,11,6,1,1,1
82,64,174,376,8,4,1,1,1
82,69,373,25,10,6,1,1,1
83,11,294,207,11,6,1,1,1
83,64,175,376,7,4,1,1,1
83,69,374,28,10,6,1,1,1
84,11,294,207,11,6,1,1,1
84,64,175,376,7,4,1,1,1
84,69,374,28,10,6,1,1,1
85,11,289,209,11,7,1,1,1
85,64,175,376,8,4,1,1,1
85,69,374,30,10,6,1,1,1
86,11,289,209,11,7,1,1,1
86,64,175,376,8,4,1,1,1
86,69,374,30,10,6,1,1,1
87,11,283,211,11,6,1,1,1
87,64,175,375,8,5,1,1,1
87,69,375,33,9,6,1,1,1
88,11,283,211,11,6,1,1,1
88,64,175,375,8,5,1,1,1
88,69,375,33,9,6,1,1,1
89,11,278,213,11,6,1,1,1
89,69,376,35,9,6,1,1,1
90,11,278,213,11,6,1,1,1
90,69,376,35,9,6,1,1,1
91,11,272,214,10,6,1,1,1
91,69,376,38,10,5,1,1,1
91,100,174,376,8,5,1,1,1
92,11,272,214,10,6,1,1,1
92,69,376,38,10,5,1,1,1
92,100,174,376,8,5,1,1,1
93,11,267,216,10,6,1,1,1
93,69,377,40,10,6,1,1,1
93,100,174,377,8,5,1,1,1
94,11,267,216,10,6,1,1,1
94,69,377,40,10,6,1,1,1
94,100,174,377,8,5,1,1,1
95,11,261,217,11,6,1,1,1
95,69,377,43,10,6,1,1,1
95,100,174,377,8,5,1,1,1
96,11,261,217,11,6,1,1,1
96,69,377,43,10,6,1,1,1
96,100,174,377,8,5,1,1,1
97,11,255,219,11,6,1,1,1
97,37,364,471,9,6,1,1,1
97,69,378,45,10,7,1,1,1
98,11,255,219,11,6,1,1,1
98,37,364,471,9,6,1,1,1
98,69,378,45,10,7,1,1,1
99,11,249,220,11,6,1,1,1
99,37,363,471,10,5,1,1,1
99,69,378,48,10,6,1,1,1
99,108,174,377,8,4,1,1,1
100,11,249,220,11,6,1,1,1
100,37,363,471,10,5,1,1,1
100,69,378,48,10,6,1,1,1
100,108,174,377,8,4,1,1,1
101,11,243,221,11,6,1,1,1
101,37,363,471,10,5,1,1,1
101,69,379,51,10,6,1,1,1
101,108,174,377,8,4,1,1,1
102,11,243,221,11,6,1,1,1
102,37,363,471,10,5,1,1,1
102,69,379,51,10,6,1,1,1
102,108,174,377,8,4,1,1,1
103,11,237,222,11,7,1,1,1
103,69,379,54,10,6,1,1,1
103,108,174,377,8,4,1,1,1
104,11,237,222,11,7,1,1,1
104,69,379,54,10,6,1,1,1
104,108,174,377,8,4,1,1,1
105,11,231,224,11,6,1,1,1
105,69,379,57,10,6,1,1,1
106,11,231,224,11,6,1,1,1
106,69,379,57,10,6,1,1,1
107,11,224,225,11,6,1,1,1
107,37,362,471,12,6,1,1,1
107,69,379,60,9,6,1,1,1
108,11,224,225,11,6,1,1,1
108,37,362,471,12,6,1,1,1
108,69,379,60,9,6,1,1,1
109,11,218,225,11,7,1,1,1
109,37,362,471,12,6,1,1,1
109,69,378,64,10,6,1,1,1
110,11,218,225,11,7,1,1,1
110,37,362,471,12,6,1,1,1
110,69,378,64,10,6,1,1,1
111,11,212,226,11,6,1,1,1
111,69,378,67,10,6,1,1,1
112,11,212,226,11,6,1,1,1
112,69,378,67,10,6,1,1,1
113,11,205,227,11,6,1,1,1
113,69,377,71,10,6,1,1,1
114,11,205,227,11,6,1,1,1
114,69,377,71,10,6,1,1,1
115,11,199,227,11,7,1,1,1
115,69,376,75,10,6,1,1,1
116,11,199,227,11,7,1,1,1
116,69,376,75,10,6,1,1,1
117,11,193,228,11,6,1,1,1
117,69,376,79,9,5,1,1,1
118,11,193,228,11,6,1,1,1
118,69,376,79,9,5,1,1,1
119,8,373,83,11,6,1,1,1
119,11,186,228,12,7,1,1,1
119,69,376,82,8,5,1,1,1
120,8,373,83,11,6,1,1,1
120,11,186,228,12,7,1,1,1
120,69,376,82,8,5,1,1,1
121,8,373,82,10,6,1,1,1
121,11,181,229,11,6,1,1,1
121,37,363,470,10,6,1,1,1
122,8,373,82,10,6,1,1,1
122,11,181,229,11,6,1,1,1
122,37,363,470,10,6,1,1,1
123,11,175,229,11,6,1,1,1
123,37,363,469,9,7,1,1,1
124,11,175,229,11,6,1,1,1
124,37,363,469,9,7,1,1,1
125,11,170,230,10,6,1,1,1
125,37,363,469,9,6,1,1,1
125,134,62,47,10,6,1,1,1
126,11,170,230,10,6,1,1,1
126,37,363,469,9,6,1,1,1
126,134,62,47,10,6,1,1,1
127,11,165,230,11,6,1,1,1
127,37,363,469,9,6,1,1,1
127,134,62,44,10,6,1,1,1
127,138,368,94,9,5,1,1,1
128,11,165,230,11,6,1,1,1
128,37,363,469,9,6,1,1,1
128,134,62,44,10,6,1,1,1
128,138,368,94,9,5,1,1,1
129,11,161,230,11,6,1,1,1
129,134,61,42,10,6,1,1,1
129,138,367,96,9,5,1,1,1
129,139,62,312,11,6,1,1,1
130,11,161,230,11,6,1,1,1
130,134,61,42,10,6,1,1,1
130,138,367,96,9,5,1,1,1
130,139,62,312,11,6,1,1,1
131,11,157,230,11,6,1,1,1
131,134,61,40,10,6,1,1,1
131,138,365,97,11,6,1,1,1
131,139,59,310,12,7,1,1,1
132,11,157,230,11,6,1,1,1
132,134,61,40,10,6,1,1,1
132,138,365,97,11,6,1,1,1
132,139,59,310,12,7,1,1,1
133,11,154,231,11,6,1,1,1
133,134,60,38,10,6,1,1,1
133,138,364,99,11,6,1,1,1
133,139,56,309,12,7,1,1,1
134,11,154,231,11,6,1,1,1
134,134,60,38,10,6,1,1,1
134,138,364,99,11,6,1,1,1
134,139,56,309,12,7,1,1,1
135,11,151,231,11,6,1,1,1
135,134,59,37,10,6,1,1,1
135,138,364,100,10,6,1,1,1
135,139,54,309,11,6,1,1,1
136,11,151,231,11,6,1,1,1
136,134,59,37,10,6,1,1,1
136,138,364,100,10,6,1,1,1
136,139,54,309,11,6,1,1,1
137,11,149,231,11,6,1,1,1
137,37,363,470,10,6,1,1,1
137,134,59,36,10,6,1,1,1
137,138,363,101,11,6,1,1,1
137,139,52,308,11,6,1,1,1
138,11,149,231,11,6,1,1,1
138,37,363,470,10,6,1,1,1
138,134,59,36,10,6,1,1,1
138,138,363,101,11,6,1,1,1
138,139,52,308,11,6,1,1,1
139,11,148,231,11,6,1,1,1
139,37,363,470,10,6,1,1,1
139,134,58,35,11,6,1,1,1
139,138,363,102,11,6,1,1,1
139,139,51,308,11,6,1,1,1
140,11,148,231,11,6,1,1,1
140,37,363,470,10,6,1,1,1
140,134,58,35,11,6,1,1,1
140,138,363,102,11,6,1,1,1
140,139,51,308,11,6,1,1,1
141,11,144,232,11,6,1,1,1
141,37,363,471,10,6,1,1,1
141,134,61,34,10,6,1,1,1
141,138,365,103,10,5,1,1,1
141,139,52,308,11,6,1,1,1
142,11,144,232,11,6,1,1,1
142,37,363,471,10,6,1,1,1
142,134,61,34,10,6,1,1,1
142,138,365,103,10,5,1,1,1
142,139,52,308,11,6,1,1,1
143,134,61,33,10,6,1,1,1
143,138,365,104,9,5,1,1,1
143,139,51,308,11,6,1,1,1
144,134,61,33,10,6,1,1,1
144,138,365,104,9,5,1,1,1
144,139,51,308,11,6,1,1,1
177,211,546,109,13,5,1,1,1
177,212,227,301,10,6,1,1,1
177,213,320,233,14,7,1,1,1
177,214,251,30,11,6,1,1,1
178,211,546,109,13,5,1,1,1
178,212,227,301,10,6,1,1,1
178,213,320,233,14,7,1,1,1
178,214,251,30,11,6,1,1,1
179,211,546,109,13,6,1,1,1
179,212,227,300,9,6,1,1,1
179,213,320,232,14,8,1,1,1
179,214,251,29,11,6,1,1,1
180,211,546,109,13,6,1,1,1
180,212,227,300,9,6,1,1,1
180,213,320,232,14,8,1,1,1
180,214,251,29,11,6,1,1,1
181,211,546,109,13,6,1,1,1
181,212,227,300,9,5,1,1,1
181,213,320,232,14,8,1,1,1
181,214,251,28,11,6,1,1,1
182,211,546,109,13,6,1,1,1
182,212,227,300,9,5,1,1,1
182,213,320,232,14,8,1,1,1
182,214,251,28,11,6,1,1,1
183,211,547,109,11,6,1,1,1
183,212,226,299,10,6,1,1,1
183,213,321,232,13,7,1,1,1
183,214,251,28,11,6,1,1,1
184,211,547,109,11,6,1,1,1
184,212,226,299,10,6,1,1,1
184,213,321,232,13,7,1,1,1
184,214,251,28,11,6,1,1,1
185,211,547,109,11,6,1,1,1
185,212,226,299,10,6,1,1,1
185,213,322,232,12,7,1,1,1
185,214,251,27,11,6,1,1,1
186,211,547,109,11,6,1,1,1
186,212,226,299,10,6,1,1,1
186,213,322,232,12,7,1,1,1
186,214,251,27,11,6,1,1,1
187,211,547,110,12,5,1,1,1
187,212,227,298,9,6,1,1,1
187,213,322,232,12,6,1,1,1
187,214,251,27,11,6,1,1,1
188,211,547,110,12,5,1,1,1
188,212,227,298,9,6,1,1,1
188,213,322,232,12,6,1,1,1
188,214,251,27,11,6,1,1,1
189,211,547,110,12,5,1,1,1
189,212,227,298,10,5,1,1,1
189,213,323,232,12,6,1,1,1
189,214,251,27,11,6,1,1,1
190,211,547,110,12,5,1,1,1
190,212,227,298,10,5,1,1,1
190,213,323,232,12,6,1,1,1
190,214,251,27,11,6,1,1,1
191,211,547,110,12,6,1,1,1
191,212,229,297,9,6,1,1,1
191,213,324,232,12,6,1,1,1
191,214,251,27,11,6,1,1,1
192,211,547,110,12,6,1,1,1
192,212,229,297,9,6,1,1,1
192,213,324,232,12,6,1,1,1
192,214,251,27,11,6,1,1,1
193,211,547,110,13,6,1,1,1
193,212,229,297,10,5,1,1,1
193,213,325,232,12,6,1,1,1
193,214,251,27,11,6,1,1,1
194,211,547,110,13,6,1,1,1
194,212,229,297,10,5,1,1,1
194,213,325,232,12,6,1,1,1
194,214,251,27,11,6,1,1,1
195,211,547,110,13,6,1,1,1
195,212,229,296,10,6,1,1,1
195,213,325,232,12,6,1,1,1
195,214,251,27,11,6,1,1,1
196,211,547,110,13,6,1,1,1
196,212,229,296,10,6,1,1,1
196,213,325,232,12,6,1,1,1
196,214,251,27,11,6,1,1,1
197,211,548,110,12,6,1,1,1
197,212,230,296,9,6,1,1,1
197,213,326,232,12,6,1,1,1
197,214,251,27,11,6,1,1,1
198,211,548,110,12,6,1,1,1
198,212,230,296,9,6,1,1,1
198,213,326,232,12,6,1,1,1
198,214,251,27,11,6,1,1,1
199,211,548,110,12,6,1,1,1
199,212,230,296,10,5,1,1,1
199,213,326,232,12,6,1,1,1
199,214,251,27,11,6,1,1,1
200,211,548,110,12,6,1,1,1
200,212,230,296,10,5,1,1,1
200,213,326,232,12,6,1,1,1
200,214,251,27,11,6,1,1,1
201,211,548,110,12,6,1,1,1
201,212,231,295,10,6,1,1,1
201,213,327,232,11,6,1,1,1
201,214,251,27,11,6,1,1,1
202,211,548,110,12,6,1,1,1
202,212,231,295,10,6,1,1,1
202,213,327,232,11,6,1,1,1
202,214,251,27,11,6,1,1,1
203,211,548,110,12,6,1,1,1
203,212,231,295,10,6,1,1,1
203,213,327,232,11,6,1,1,1
203,214,251,27,11,6,1,1,1
204,211,548,110,12,6,1,1,1
204,212,231,295,10,6,1,1,1
204,213,327,232,11,6,1,1,1
204,214,251,27,11,6,1,1,1
205,211,548,110,12,6,1,1,1
205,212,231,295,10,6,1,1,1
205,213,327,232,12,6,1,1,1
205,214,252,27,10,6,1,1,1
206,211,548,110,12,6,1,1,1
206,212,231,295,10,6,1,1,1
206,213,327,232,12,6,1,1,1
206,214,252,27,10,6,1,1,1
207,211,548,110,12,6,1,1,1
207,212,232,295,9,6,1,1,1
207,213,327,232,12,6,1,1,1
207,214,252,27,10,6,1,1,1
208,211,548,110,12,6,1,1,1
208,212,232,295,9,6,1,1,1
208,213,327,232,12,6,1,1,1
208,214,252,27,10,6,1,1,1
209,211,548,110,12,6,1,1,1
209,212,231,295,10,5,1,1,1
209,213,327,231,12,7,1,1,1
209,214,253,28,9,5,1,1,1
210,211,548,110,12,6,1,1,1
210,212,231,295,10,5,1,1,1
210,213,327,231,12,7,1,1,1
210,214,253,28,9,5,1,1,1
211,211,548,110,12,6,1,1,1
211,212,231,294,10,6,1,1,1
211,213,327,231,12,7,1,1,1
211,214,253,28,9,6,1,1,1
212,211,548,110,12,6,1,1,1
212,212,231,294,10,6,1,1,1
212,213,327,231,12,7,1,1,1
212,214,253,28,9,6,1,1,1
213,211,548,110,12,6,1,1,1
213,212,231,294,10,6,1,1,1
213,213,326,231,12,7,1,1,1
213,214,252,28,11,6,1,1,1
213,218,362,375,11,6,1,1,1
214,211,548,110,12,6,1,1,1
214,212,231,294,10,6,1,1,1
214,213,326,231,12,7,1,1,1
214,214,252,28,11,6,1,1,1
214,218,362,375,11,6,1,1,1
215,211,549,110,11,6,1,1,1
215,212,230,294,10,6,1,1,1
215,213,326,231,12,7,1,1,1
215,214,252,29,11,5,1,1,1
215,218,362,374,11,7,1,1,1
216,211,549,110,11,6,1,1,1
216,212,230,294,10,6,1,1,1
216,213,326,231,12,7,1,1,1
216,214,252,29,11,5,1,1,1
216,218,362,374,11,7,1,1,1
217,211,549,110,11,6,1,1,1
217,212,230,294,9,6,1,1,1
217,213,325,232,12,6,1,1,1
217,214,252,29,11,6,1,1,1
217,218,363,375,10,5,1,1,1
218,211,549,110,11,6,1,1,1
218,212,230,294,9,6,1,1,1
218,213,325,232,12,6,1,1,1
218,214,252,29,11,6,1,1,1
218,218,363,375,10,5,1,1,1
219,211,549,110,11,6,1,1,1
219,212,230,294,9,5,1,1,1
219,213,324,232,12,6,1,1,1
219,214,252,29,11,6,1,1,1
219,218,363,375,10,5,1,1,1
220,211,549,110,11,6,1,1,1
220,212,230,294,9,5,1,1,1
220,213,324,232,12,6,1,1,1
220,214,252,29,11,6,1,1,1
220,218,363,375,10,5,1,1,1
221,211,550,110,10,6,1,1,1
221,212,230,294,9,5,1,1,1
221,213,323,232,11,6,1,1,1
221,214,252,29,11,6,1,1,1
222,211,550,110,10,6,1,1,1
222,212,230,294,9,5,1,1,1
222,213,323,232,11,6,1,1,1
222,214,252,29,11,6,1,1,1
223,211,550,110,11,6,1,1,1
223,212,230,294,9,5,1,1,1
223,213,322,232,12,7,1,1,1
223,214,252,29,11,6,1,1,1
224,211,550,110,11,6,1,1,1
224,212,230,294,9,5,1,1,1
224,213,322,232,12,7,1,1,1
224,214,252,29,11,6,1,1,1
225,211,550,110,11,6,1,1,1
225,212,229,294,10,5,1,1,1
225,213,321,233,12,6,1,1,1
225,214,253,29,9,6,1,1,1
226,211,550,110,11,6,1,1,1
226,212,229,294,10,5,1,1,1
226,213,321,233,12,6,1,1,1
226,214,253,29,9,6,1,1,1
227,211,551,110,10,6,1,1,1
227,212,228,294,11,5,1,1,1
227,213,321,233,11,7,1,1,1
227,214,252,29,9,6,1,1,1
228,211,551,110,10,6,1,1,1
228,212,228,294,11,5,1,1,1
228,213,321,233,11,7,1,1,1
228,214,252,29,9,6,1,1,1
229,211,551,109,10,6,1,1,1
229,212,229,294,9,5,1,1,1
229,213,320,234,11,6,1,1,1
229,214,252,30,9,5,1,1,1
230,211,551,109,10,6,1,1,1
230,212,229,294,9,5,1,1,1
230,213,320,234,11,6,1,1,1
230,214,252,30,9,5,1,1,1
231,211,551,109,10,6,1,1,1
231,212,228,294,11,5,1,1,1
231,213,319,234,12,6,1,1,1
231,214,252,30,9,5,1,1,1
232,211,551,109,10,6,1,1,1
232,212,228,294,11,5,1,1,1
232,213,319,234,12,6,1,1,1
232,214,252,30,9,5,1,1,1
233,211,551,109,10,6,1,1,1
233,212,228,293,11,6,1,1,1
233,213,319,234,11,6,1,1,1
233,214,251,30,10,5,1,1,1
234,211,551,109,10,6,1,1,1
234,212,228,293,11,6,1,1,1
234,213,319,234,11,6,1,1,1
234,214,251,30,10,5,1,1,1
235,211,551,108,10,6,1,1,1
235,212,229,293,10,6,1,1,1
235,213,319,234,11,6,1,1,1
235,214,250,30,11,5,1,1,1
236,211,551,108,10,6,1,1,1
236,212,229,293,10,6,1,1,1
236,213,319,234,11,6,1,1,1
236,214,250,30,11,5,1,1,1
237,211,550,108,11,6,1,1,1
237,212,229,293,11,6,1,1,1
237,213,319,234,11,6,1,1,1
237,214,250,30,11,6,1,1,1
238,211,550,108,11,6,1,1,1
238,212,229,293,11,6,1,1,1
238,213,319,234,11,6,1,1,1
238,214,250,30,11,6,1,1,1
239,211,550,108,11,6,1,1,1
239,212,229,293,11,6,1,1,1
239,213,319,234,11,6,1,1,1
239,214,250,30,11,6,1,1,1
240,211,550,108,11,6,1,1,1
240,212,229,293,11,6,1,1,1
240,213,319,234,11,6,1,1,1
240,214,250,30,11,6,1,1,1
241,211,549,108,12,6,1,1,1
241,212,230,293,10,6,1,1,1
241,213,320,234,9,5,1,1,1
241,214,250,30,11,6,1,1,1
242,211,549,108,12,6,1,1,1
242,212,230,293,10,6,1,1,1
242,213,320,234,9,5,1,1,1
242,214,250,30,11,6,1,1,1
243,211,549,108,12,6,1,1,1
243,212,230,293,10,6,1,1,1
243,213,319,233,11,6,1,1,1
243,214,250,30,11,6,1,1,1
244,211,549,108,12,6,1,1,1
244,212,230,293,10,6,1,1,1
244,213,319,233,11,6,1,1,1
244,214,250,30,11,6,1,1,1
245,211,549,107,12,7,1,1,1
245,212,230,293,11,6,1,1,1
245,213,319,233,11,6,1,1,1
245,214,250,30,10,6,1,1,1
246,211,549,107,12,7,1,1,1
246,212,230,293,11,6,1,1,1
246,213,319,233,11,6,1,1,1
246,214,250,30,10,6,1,1,1
247,211,549,108,11,6,1,1,1
247,212,231,293,10,6,1,1,1
247,213,319,232,11,6,1,1,1
247,214,250,30,10,6,1,1,1
248,211,549,108,11,6,1,1,1
248,212,231,293,10,6,1,1,1
248,213,319,232,11,6,1,1,1
248,214,250,30,10,6,1,1,1
249,211,548,108,12,6,1,1,1
249,212,231,293,11,6,1,1,1
249,213,319,232,11,6,1,1,1
249,214,250,30,10,6,1,1,1
250,211,548,108,12,6,1,1,1
250,212,231,293,11,6,1,1,1
250,213,319,232,11,6,1,1,1
250,214,250,30,10,6,1,1,1
251,211,548,108,11,6,1,1,1
251,212,232,293,10,6,1,1,1
251,213,319,231,10,7,1,1,1
251,214,249,30,11,6,1,1,1
252,211,548,108,11,6,1,1,1
252,212,232,293,10,6,1,1,1
252,213,319,231,10,7,1,1,1
252,214,249,30,11,6,1,1,1
253,211,548,108,10,6,1,1,1
253,212,232,293,10,6,1,1,1
253,213,318,231,11,6,1,1,1
253,214,249,30,11,6,1,1,1
254,211,548,108,10,6,1,1,1
254,212,232,293,10,6,1,1,1
254,213,318,231,11,6,1,1,1
254,214,249,30,11,6,1,1,1
255,211,548,108,10,6,1,1,1
255,212,233,294,9,5,1,1,1
255,213,318,231,11,6,1,1,1
255,214,249,30,11,6,1,1,1
256,211,548,108,10,6,1,1,1
256,212,233,294,9,5,1,1,1
256,213,318,231,11,6,1,1,1
256,214,249,30,11,6,1,1,1
257,211,548,108,9,6,1,1,1
257,212,233,294,9,5,1,1,1
257,213,318,231,10,6,1,1,1
257,214,249,30,11,6,1,1,1
258,211,548,108,9,6,1,1,1
258,212,233,294,9,5,1,1,1
258,213,318,231,10,6,1,1,1
258,214,249,30,11,6,1,1,1
259,211,547,108,10,6,1,1,1
259,212,233,294,10,6,1,1,1
259,213,318,231,10,6,1,1,1
259,214,250,30,10,6,1,1,1
260,211,547,108,10,6,1,1,1
260,212,233,294,10,6,1,1,1
260,213,318,231,10,6,1,1,1
260,214,250,30,10,6,1,1,1
261,211,546,108,10,5,1,1,1
261,212,233,295,10,5,1,1,1
261,213,317,231,11,5,1,1,1
261,214,250,30,10,6,1,1,1
262,211,546,108,10,5,1,1,1
262,212,233,295,10,5,1,1,1
262,213,317,231,11,5,1,1,1
262,214,250,30,10,6,1,1,1
263,211,546,107,10,6,1,1,1
263,212,233,295,10,5,1,1,1
263,213,317,230,11,6,1,1,1
263,214,250,30,10,6,1,1,1
264,211,546,107,10,6,1,1,1
264,212,233,295,10,5,1,1,1
264,213,317,230,11,6,1,1,1
264,214,250,30,10,6,1,1,1
265,211,545,107,11,6,1,1,1
265,212,233,295,10,6,1,1,1
265,213,317,230,11,6,1,1,1
265,214,250,30,10,6,1,1,1
266,211,545,107,11,6,1,1,1
266,212,233,295,10,6,1,1,1
266,213,317,230,11,6,1,1,1
266,214,250,30,10,6,1,1,1
267,211,545,107,11,6,1,1,1
267,212,233,295,10,6,1,1,1
267,213,317,230,11,6,1,1,1
267,214,250,31,11,6,1,1,1
268,211,545,107,11,6,1,1,1
268,212,233,295,10,6,1,1,1
268,213,317,230,11,6,1,1,1
268,214,250,31,11,6,1,1,1
269,211,545,107,10,6,1,1,1
269,212,233,295,10,6,1,1,1
269,213,317,230,11,6,1,1,1
269,214,250,31,11,6,1,1,1
270,211,545,107,10,6,1,1,1
270,212,233,295,10,6,1,1,1
270,213,317,230,11,6,1,1,1
270,214,250,31,11,6,1,1,1
271,211,545,107,10,6,1,1,1
271,212,234,295,9,6,1,1,1
271,213,317,230,11,6,1,1,1
271,214,250,31,11,6,1,1,1
272,211,545,107,10,6,1,1,1
272,212,234,295,9,6,1,1,1
272,213,317,230,11,6,1,1,1
272,214,250,31,11,6,1,1,1
273,211,545,107,10,6,1,1,1
273,212,234,295,9,6,1,1,1
273,213,317,230,11,6,1,1,1
273,214,250,31,11,6,1,1,1
274,211,545,107,10,6,1,1,1
274,212,234,295,9,6,1,1,1
274,213,317,230,11,6,1,1,1
274,214,250,31,11,6,1,1,1
275,211,546,107,10,6,1,1,1
275,212,233,296,10,5,1,1,1
275,213,318,230,11,6,1,1,1
275,214,250,31,11,6,1,1,1
276,211,546,107,10,6,1,1,1
276,212,233,296,10,5,1,1,1
276,213,318,230,11,6,1,1,1
276,214,250,31,11,6,1,1,1
277,211,546,107,10,6,1,1,1
277,212,233,296,10,6,1,1,1
277,213,318,230,11,6,1,1,1
277,214,250,31,11,6,1,1,1
278,211,546,107,10,6,1,1,1
278,212,233,296,10,6,1,1,1
278,213,318,230,11,6,1,1,1
278,214,250,31,11,6,1,1,1
279,211,546,107,10,6,1,1,1
279,212,233,296,10,6,1,1,1
279,213,319,230,10,6,1,1,1
279,214,250,31,11,6,1,1,1
280,211,546,107,10,6,1,1,1
280,212,233,296,10,6,1,1,1
280,213,319,230,10,6,1,1,1
280,214,250,31,11,6,1,1,1
281,211,546,107,10,6,1,1,1
281,212,233,296,10,6,1,1,1
281,213,319,230,11,6,1,1,1
281,214,250,30,11,6,1,1,1
282,211,546,107,10,6,1,1,1
282,212,233,296,10,6,1,1,1
282,213,319,230,11,6,1,1,1
282,214,250,30,11,6,1,1,1
283,211,547,107,10,6,1,1,1
283,212,233,296,10,6,1,1,1
283,213,319,231,11,6,1,1,1
283,214,250,30,11,6,1,1,1
283,218,364,376,9,4,1,1,1
284,211,547,107,10,6,1,1,1
284,212,233,296,10,6,1,1,1
284,213,319,231,11,6,1,1,1
284,214,250,30,11,6,1,1,1
284,218,364,376,9,4,1,1,1
285,211,548,107,9,6,1,1,1
285,212,233,296,10,6,1,1,1
285,213,320,231,10,6,1,1,1
285,214,250,30,10,6,1,1,1
285,218,364,376,9,4,1,1,1
286,211,548,107,9,6,1,1,1
286,212,233,296,10,6,1,1,1
286,213,320,231,10,6,1,1,1
286,214,250,30,10,6,1,1,1
286,218,364,376,9,4,1,1,1
287,211,548,107,10,6,1,1,1
287,212,233,296,10,6,1,1,1
287,213,320,231,10,6,1,1,1
287,214,250,29,10,6,1,1,1
288,211,548,107,10,6,1,1,1
288,212,233,296,10,6,1,1,1
288,213,320,231,10,6,1,1,1
288,214,250,29,10,6,1,1,1
289,211,549,107,9,5,1,1,1
289,212,234,296,9,6,1,1,1
289,213,320,232,10,6,1,1,1
289,214,250,29,10,6,1,1,1
290,211,549,107,9,5,1,1,1
290,212,234,296,9,6,1,1,1
290,213,320,232,10,6,1,1,1
290,214,250,29,10,6,1,1,1
291,211,549,107,10,6,1,1,1
291,212,234,296,9,6,1,1,1
291,213,320,232,10,6,1,1,1
291,214,250,30,10,6,1,1,1
292,211,549,107,10,6,1,1,1
292,212,234,296,9,6,1,1,1
292,213,320,232,10,6,1,1,1
292,214,250,30,10,6,1,1,1
293,211,549,107,10,6,1,1,1
293,212,234,296,9,6,1,1,1
293,213,320,232,10,6,1,1,1
293,214,250,30,10,6,1,1,1
294,211,549,107,10,6,1,1,1
294,212,234,296,9,6,1,1,1
294,213,320,232,10,6,1,1,1
294,214,250,30,10,6,1,1,1
295,211,548,107,12,6,1,1,1
295,212,234,297,9,5,1,1,1
295,213,320,232,10,6,1,1,1
295,214,250,30,10,6,1,1,1
296,211,548,107,12,6,1,1,1
296,212,234,297,9,5,1,1,1
296,213,320,232,10,6,1,1,1
296,214,250,30,10,6,1,1,1
297,211,549,107,11,6,1,1,1
297,212,233,297,10,5,1,1,1
297,213,319,231,12,7,1,1,1
297,214,250,31,10,6,1,1,1
298,211,549,107,11,6,1,1,1
298,212,233,297,10,5,1,1,1
298,213,319,231,12,7,1,1,1
298,214,250,31,10,6,1,1,1
299,211,549,107,11,7,1,1,1
299,212,234,297,9,6,1,1,1
299,213,319,231,11,6,1,1,1
299,214,249,31,11,6,1,1,1
300,211,549,107,11,7,1,1,1
300,212,234,297,9,6,1,1,1
300,213,319,231,11,6,1,1,1
300,214,249,31,11,6,1,1,1
301,211,549,107,11,6,1,1,1
301,212,233,297,10,6,1,1,1
301,213,319,231,11,6,1,1,1
301,214,249,31,11,6,1,1,1
302,211,549,107,11,6,1,1,1
302,212,233,297,10,6,1,1,1
302,213,319,231,11,6,1,1,1
302,214,249,31,11,6,1,1,1
303,211,549,107,11,6,1,1,1
303,212,233,298,10,5,1,1,1
303,213,319,230,10,7,1,1,1
303,214,249,31,11,6,1,1,1
304,211,549,107,11,6,1,1,1
304,212,233,298,10,5,1,1,1
304,213,319,230,10,7,1,1,1
304,214,249,31,11,6,1,1,1
305,211,549,106,11,7,1,1,1
305,212,232,298,10,6,1,1,1
305,213,319,230,10,6,1,1,1
305,214,249,31,11,6,1,1,1
306,211,549,106,11,7,1,1,1
306,212,232,298,10,6,1,1,1
306,213,319,230,10,6,1,1,1
306,214,249,31,11,6,1,1,1
307,211,549,106,11,6,1,1,1
307,212,232,298,10,6,1,1,1
307,213,319,230,10,6,1,1,1
307,214,249,31,11,6,1,1,1
308,211,549,106,11,6,1,1,1
308,212,232,298,10,6,1,1,1
308,213,319,230,10,6,1,1,1
308,214,249,31,11,6,1,1,1
309,211,549,106,10,6,1,1,1
309,212,231,298,10,6,1,1,1
309,213,319,230,10,6,1,1,1
309,214,249,31,11,6,1,1,1
310,211,549,106,10,6,1,1,1
310,212,231,298,10,6,1,1,1
310,213,319,230,10,6,1,1,1
310,214,249,31,11,6,1,1,1
311,211,549,106,10,6,1,1,1
311,212,230,298,10,6,1,1,1
311,213,319,230,10,6,1,1,1
311,214,249,31,11,6,1,1,1
312,211,549,106,10,6,1,1,1
312,212,230,298,10,6,1,1,1
312,213,319,230,10,6,1,1,1
312,214,249,31,11,6,1,1,1
313,211,549,106,10,6,1,1,1
313,212,230,298,10,6,1,1,1
313,213,319,230,10,6,1,1,1
313,214,249,31,11,6,1,1,1
314,211,549,106,10,6,1,1,1
314,212,230,298,10,6,1,1,1
314,213,319,230,10,6,1,1,1
314,214,249,31,11,6,1,1,1
315,211,549,106,10,6,1,1,1
315,212,229,298,10,6,1,1,1
315,213,319,230,11,6,1,1,1
315,214,249,31,11,6,1,1,1
316,211,549,106,10,6,1,1,1
316,212,229,298,10,6,1,1,1
316,213,319,230,11,6,1,1,1
316,214,249,31,11,6,1,1,1
317,211,548,106,11,6,1,1,1
317,212,229,298,9,6,1,1,1
317,213,319,230,11,6,1,1,1
317,214,249,31,11,6,1,1,1
318,211,548,106,11,6,1,1,1
318,212,229,298,9,6,1,1,1
318,213,319,230,11,6,1,1,1
318,214,249,31,11,6,1,1,1
319,211,548,106,11,6,1,1,1
319,212,228,298,10,6,1,1,1
319,213,320,230,11,6,1,1,1
319,214,249,31,11,6,1,1,1
320,211,548,106,11,6,1,1,1
320,212,228,298,10,6,1,1,1
320,213,320,230,11,6,1,1,1
320,214,249,31,11,6,1,1,1
321,211,548,106,11,6,1,1,1
321,212,227,298,10,6,1,1,1
321,213,320,231,11,6,1,1,1
321,214,249,31,11,6,1,1,1
322,211,548,106,11,6,1,1,1
322,212,227,298,10,6,1,1,1
322,213,320,231,11,6,1,1,1
322,214,249,31,11,6,1,1,1
323,211,548,106,11,6,1,1,1
323,212,226,298,10,6,1,1,1
323,213,321,231,11,6,1,1,1
323,214,250,31,9,6,1,1,1
324,211,548,106,11,6,1,1,1
324,212,226,298,10,6,1,1,1
324,213,321,231,11,6,1,1,1
324,214,250,31,9,6,1,1,1
325,211,548,106,11,6,1,1,1
325,212,225,298,10,6,1,1,1
325,213,321,231,11,6,1,1,1
325,214,250,31,10,6,1,1,1
326,211,548,106,11,6,1,1,1
326,212,225,298,10,6,1,1,1
326,213,321,231,11,6,1,1,1
326,214,250,31,10,6,1,1,1
327,211,548,106,11,6,1,1,1
327,212,225,298,10,6,1,1,1
327,213,322,232,11,6,1,1,1
327,214,250,32,10,5,1,1,1
328,211,548,106,11,6,1,1,1
328,212,225,298,10,6,1,1,1
328,213,322,232,11,6,1,1,1
328,214,250,32,10,5,1,1,1
329,211,548,106,11,6,1,1,1
329,212,225,298,10,6,1,1,1
329,213,322,232,11,6,1,1,1
329,214,250,32,10,6,1,1,1
330,211,548,106,11,6,1,1,1
330,212,225,298,10,6,1,1,1
330,213,322,232,11,6,1,1,1
330,214,250,32,10,6,1,1,1
331,211,548,106,11,6,1,1,1
331,212,224,298,11,6,1,1,1
331,213,322,232,11,6,1,1,1
331,214,250,32,10,6,1,1,1
332,211,548,106,11,6,1,1,1
332,212,224,298,11,6,1,1,1
332,213,322,232,11,6,1,1,1
332,214,250,32,10,6,1,1,1
333,211,549,106,10,6,1,1,1
333,212,224,298,10,6,1,1,1
333,213,323,232,11,6,1,1,1
333,214,250,32,10,6,1,1,1
334,211,549,106,10,6,1,1,1
334,212,224,298,10,6,1,1,1
334,213,323,232,11,6,1,1,1
334,214,250,32,10,6,1,1,1
335,211,549,106,10,6,1,1,1
335,212,225,298,10,6,1,1,1
335,213,323,232,11,6,1,1,1
335,214,249,32,11,6,1,1,1
336,211,549,106,10,6,1,1,1
336,212,225,298,10,6,1,1,1
336,213,323,232,11,6,1,1,1
336,214,249,32,11,6,1,1,1
337,211,549,106,10,6,1,1,1
337,212,226,298,9,5,1,1,1
337,213,324,232,10,6,1,1,1
337,214,249,32,11,6,1,1,1
338,211,549,106,10,6,1,1,1
338,212,226,298,9,5,1,1,1
338,213,324,232,10,6,1,1,1
338,214,249,32,11,6,1,1,1
339,211,549,106,10,6,1,1,1
339,212,226,297,10,6,1,1,1
339,213,325,232,9,6,1,1,1
339,214,249,32,11,6,1,1,1
340,211,549,106,10,6,1,1,1
340,212,226,297,10,6,1,1,1
340,213,325,232,9,6,1,1,1
340,214,249,32,11,6,1,1,1
341,211,549,106,10,6,1,1,1
341,212,226,297,10,6,1,1,1
341,213,325,233,10,5,1,1,1
341,214,249,32,11,6,1,1,1
342,211,549,106,10,6,1,1,1
342,212,226,297,10,6,1,1,1
342,213,325,233,10,5,1,1,1
342,214,249,32,11,6,1,1,1
343,211,549,106,10,6,1,1,1
343,212,227,297,10,5,1,1,1
343,213,325,232,11,6,1,1,1
343,214,249,32,11,6,1,1,1
344,211,549,106,10,6,1,1,1
344,212,227,297,10,5,1,1,1
344,213,325,232,11,6,1,1,1
344,214,249,32,11,6,1,1,1
345,211,549,106,10,6,1,1,1
345,212,228,296,10,6,1,1,1
345,213,325,232,11,6,1,1,1
345,214,249,32,11,6,1,1,1
346,211,549,106,10,6,1,1,1
346,212,228,296,10,6,1,1,1
346,213,325,232,11,6,1,1,1
346,214,249,32,11,6,1,1,1
347,211,549,106,11,7,1,1,1
347,212,228,296,10,6,1,1,1
347,213,324,232,12,6,1,1,1
347,214,249,32,10,6,1,1,1
347,218,364,376,9,5,1,1,1
348,211,549,106,11,7,1,1,1
348,212,228,296,10,6,1,1,1
348,213,324,232,12,6,1,1,1
348,214,249,32,10,6,1,1,1
348,218,364,376,9,5,1,1,1
349,211,549,107,10,6,1,1,1
349,212,230,296,9,6,1,1,1
349,213,325,232,10,6,1,1,1
349,214,249,32,10,6,1,1,1
349,218,364,375,9,6,1,1,1
350,211,549,107,10,6,1,1,1
350,212,230,296,9,6,1,1,1
350,213,325,232,10,6,1,1,1
350,214,249,32,10,6,1,1,1
350,218,364,375,9,6,1,1,1
351,211,550,107,9,6,1,1,1
351,212,230,296,9,6,1,1,1
351,213,325,232,11,6,1,1,1
351,214,249,32,10,6,1,1,1
352,211,550,107,9,6,1,1,1
352,212,230,296,9,6,1,1,1
352,213,325,232,11,6,1,1,1
352,214,249,32,10,6,1,1,1
353,211,549,107,11,6,1,1,1
353,212,230,296,9,5,1,1,1
353,213,324,232,12,6,1,1,1
353,214,248,32,11,6,1,1,1
353,218,363,375,12,6,1,1,1
354,211,549,107,11,6,1,1,1
354,212,230,296,9,5,1,1,1
354,213,324,232,12,6,1,1,1
354,214,248,32,11,6,1,1,1
354,218,363,375,12,6,1,1,1
355,211,549,108,11,5,1,1,1
355,212,230,296,9,5,1,1,1
355,213,324,232,12,6,1,1,1
355,214,248,32,11,6,1,1,1
355,218,363,375,12,6,1,1,1
356,211,549,108,11,5,1,1,1
356,212,230,296,9,5,1,1,1
356,213,324,232,12,6,1,1,1
356,214,248,32,11,6,1,1,1
356,218,363,375,12,6,1,1,1
357,211,549,108,11,6,1,1,1
357,212,230,296,10,5,1,1,1
357,213,324,231,12,7,1,1,1
357,214,248,32,11,6,1,1,1
358,211,549,108,11,6,1,1,1
358,212,230,296,10,5,1,1,1
358,213,324,231,12,7,1,1,1
358,214,248,32,11,6,1,1,1
359,211,549,108,11,6,1,1,1
359,212,229,296,10,5,1,1,1
359,213,324,231,11,7,1,1,1
359,214,248,32,11,6,1,1,1
360,211,549,108,11,6,1,1,1
360,212,229,296,10,5,1,1,1
360,213,324,231,11,7,1,1,1
360,214,248,32,11,6,1,1,1
361,211,549,108,11,6,1,1,1
361,212,228,295,11,6,1,1,1
361,213,324,231,11,7,1,1,1
361,214,248,32,11,6,1,1,1
362,211,549,108,11,6,1,1,1
362,212,228,295,11,6,1,1,1
362,213,324,231,11,7,1,1,1
362,214,248,32,11,6,1,1,1
363,211,549,108,11,6,1,1,1
363,212,228,295,11,6,1,1,1
363,213,323,231,12,7,1,1,1
363,214,248,32,11,6,1,1,1
364,211,549,108,11,6,1,1,1
364,212,228,295,11,6,1,1,1
364,213,323,231,12,7,1,1,1
364,214,248,32,11,6,1,1,1
365,211,549,108,11,6,1,1,1
365,212,228,295,11,6,1,1,1
365,213,323,231,12,7,1,1,1
365,214,249,32,10,6,1,1,1
366,211,549,108,11,6,1,1,1
366,212,228,295,11,6,1,1,1
366,213,323,231,12,7,1,1,1
366,214,249,32,10,6,1,1,1
367,211,549,108,11,6,1,1,1
367,212,228,295,10,6,1,1,1
367,213,323,231,12,6,1,1,1
367,214,249,32,10,6,1,1,1
368,211,549,108,11,6,1,1,1
368,212,228,295,10,6,1,1,1
368,213,323,231,12,6,1,1,1
368,214,249,32,10,6,1,1,1
369,211,549,108,10,6,1,1,1
369,212,227,295,11,6,1,1,1
369,213,323,230,12,7,1,1,1
369,214,249,32,11,6,1,1,1
370,211,549,108,10,6,1,1,1
370,212,227,295,11,6,1,1,1
370,213,323,230,12,7,1,1,1
370,214,249,32,11,6,1,1,1
371,211,549,108,10,6,1,1,1
371,212,227,295,11,6,1,1,1
371,213,323,230,11,7,1,1,1
371,214,249,32,11,6,1,1,1
372,211,549,108,10,6,1,1,1
372,212,227,295,11,6,1,1,1
372,213,323,230,11,7,1,1,1
372,214,249,32,11,6,1,1,1
373,211,549,108,10,6,1,1,1
373,212,227,295,11,6,1,1,1
373,213,323,230,11,6,1,1,1
373,214,250,32,10,6,1,1,1
373,218,364,375,10,6,1,1,1
374,211,549,108,10,6,1,1,1
374,212,227,295,11,6,1,1,1
374,213,323,230,11,6,1,1,1
374,214,250,32,10,6,1,1,1
374,218,364,375,10,6,1,1,1
375,211,549,108,10,6,1,1,1
375,212,227,295,11,6,1,1,1
375,213,322,230,11,6,1,1,1
375,214,250,32,10,6,1,1,1
375,218,364,375,9,6,1,1,1
376,211,549,108,10,6,1,1,1
376,212,227,295,11,6,1,1,1
376,213,322,230,11,6,1,1,1
376,214,250,32,10,6,1,1,1
376,218,364,375,9,6,1,1,1
377,211,548,108,11,6,1,1,1
377,212,227,295,11,6,1,1,1
377,213,322,230,11,6,1,1,1
377,214,250,32,11,6,1,1,1
378,211,548,108,11,6,1,1,1
378,212,227,295,11,6,1,1,1
378,213,322,230,11,6,1,1,1
378,214,250,32,11,6,1,1,1
379,211,548,108,11,6,1,1,1
379,212,227,295,10,6,1,1,1
379,213,322,230,11,6,1,1,1
379,214,250,32,10,6,1,1,1
380,211,548,108,11,6,1,1,1
380,212,227,295,10,6,1,1,1
380,213,322,230,11,6,1,1,1
380,214,250,32,10,6,1,1,1
381,211,548,108,11,6,1,1,1
381,212,227,295,10,6,1,1,1
381,213,321,230,11,6,1,1,1
381,214,250,32,11,6,1,1,1
382,211,548,108,11,6,1,1,1
382,212,227,295,10,6,1,1,1
382,213,321,230,11,6,1,1,1
382,214,250,32,11,6,1,1,1
383,211,548,108,11,6,1,1,1
383,212,227,295,10,6,1,1,1
383,213,321,230,11,6,1,1,1
383,214,250,32,11,6,1,1,1
384,211,548,108,11,6,1,1,1
384,212,227,295,10,6,1,1,1
384,213,321,230,11,6,1,1,1
384,214,250,32,11,6,1,1,1
385,211,548,108,10,6,1,1,1
385,212,227,295,10,6,1,1,1
385,213,321,230,11,6,1,1,1
385,214,250,32,11,6,1,1,1
386,211,548,108,10,6,1,1,1
386,212,227,295,10,6,1,1,1
386,213,321,230,11,6,1,1,1
386,214,250,32,11,6,1,1,1
387,211,548,108,10,6,1,1,1
387,212,227,295,10,6,1,1,1
387,213,321,230,11,6,1,1,1
387,214,250,32,10,6,1,1,1
388,211,548,108,10,6,1,1,1
388,212,227,295,10,6,1,1,1
388,213,321,230,11,6,1,1,1
388,214,250,32,10,6,1,1,1
389,211,548,108,10,6,1,1,1
389,212,227,295,10,6,1,1,1
389,213,320,230,12,6,1,1,1
389,214,250,32,10,6,1,1,1
389,218,363,375,11,5,1,1,1
390,211,548,108,10,6,1,1,1
390,212,227,295,10,6,1,1,1
390,213,320,230,12,6,1,1,1
390,214,250,32,10,6,1,1,1
390,218,363,375,11,5,1,1,1
391,211,548,108,10,6,1,1,1
391,212,227,295,10,6,1,1,1
391,213,320,230,12,6,1,1,1
391,214,249,32,11,6,1,1,1
391,218,363,374,11,6,1,1,1
392,211,548,108,10,6,1,1,1
392,212,227,295,10,6,1,1,1
392,213,320,230,12,6,1,1,1
392,214,249,32,11,6,1,1,1
392,218,363,374,11,6,1,1,1
393,211,548,108,10,6,1,1,1
393,212,227,295,10,6,1,1,1
393,213,320,230,12,6,1,1,1
393,214,249,32,11,6,1,1,1
394,211,548,108,10,6,1,1,1
394,212,227,295,10,6,1,1,1
394,213,320,230,12,6,1,1,1
394,214,249,32,11,6,1,1,1
395,211,547,107,11,6,1,1,1
395,212,227,295,10,6,1,1,1
395,213,320,230,12,6,1,1,1
395,214,249,32,10,6,1,1,1
396,211,547,107,11,6,1,1,1
396,212,227,295,10,6,1,1,1
396,213,320,230,12,6,1,1,1
396,214,249,32,10,6,1,1,1
397,211,547,107,11,6,1,1,1
397,212,228,295,9,6,1,1,1
397,213,320,230,12,6,1,1,1
397,214,249,32,10,6,1,1,1
398,211,547,107,11,6,1,1,1
398,212,228,295,9,6,1,1,1
398,213,320,230,12,6,1,1,1
398,214,249,32,10,6,1,1,1
399,211,547,107,11,6,1,1,1
399,212,228,295,9,6,1,1,1
399,213,321,230,11,6,1,1,1
399,214,248,32,11,6,1,1,1
400,211,547,107,11,6,1,1,1
400,212,228,295,9,6,1,1,1
400,213,321,230,11,6,1,1,1
400,214,248,32,11,6,1,1,1
401,211,547,106,10,6,1,1,1
401,212,228,295,9,6,1,1,1
401,213,321,230,11,6,1,1,1
401,214,248,32,11,6,1,1,1
402,211,547,106,10,6,1,1,1
402,212,228,295,9,6,1,1,1
402,213,321,230,11,6,1,1,1
402,214,248,32,11,6,1,1,1
403,211,547,106,10,6,1,1,1
403,212,228,295,9,6,1,1,1
403,213,322,230,11,6,1,1,1
403,214,248,32,11,6,1,1,1
404,211,547,106,10,6,1,1,1
404,212,228,295,9,6,1,1,1
404,213,322,230,11,6,1,1,1
404,214,248,32,11,6,1,1,1
405,211,546,106,11,6,1,1,1
405,212,228,295,9,6,1,1,1
405,213,322,230,12,6,1,1,1
405,214,248,32,10,6,1,1,1
406,211,546,106,11,6,1,1,1
406,212,228,295,9,6,1,1,1
406,213,322,230,12,6,1,1,1
406,214,248,32,10,6,1,1,1
407,211,546,106,10,6,1,1,1
407,212,228,295,9,6,1,1,1
407,213,323,230,11,6,1,1,1
407,214,248,32,10,6,1,1,1
408,211,546,106,10,6,1,1,1
408,212,228,295,9,6,1,1,1
408,213,323,230,11,6,1,1,1
408,214,248,32,10,6,1,1,1
409,211,545,106,11,6,1,1,1
409,212,228,295,9,6,1,1,1
409,213,324,231,11,6,1,1,1
409,214,248,32,10,6,1,1,1
410,211,545,106,11,6,1,1,1
410,212,228,295,9,6,1,1,1
410,213,324,231,11,6,1,1,1
410,214,248,32,10,6,1,1,1
411,211,545,106,10,6,1,1,1
411,212,228,295,9,6,1,1,1
411,213,324,231,12,6,1,1,1
411,214,248,32,10,6,1,1,1
412,211,545,106,10,6,1,1,1
412,212,228,295,9,6,1,1,1
412,213,324,231,12,6,1,1,1
412,214,248,32,10,6,1,1,1
413,211,544,106,10,6,1,1,1
413,212,228,295,9,6,1,1,1
413,213,325,231,11,6,1,1,1
413,214,248,32,10,6,1,1,1
414,211,544,106,10,6,1,1,1
414,212,228,295,9,6,1,1,1
414,213,325,231,11,6,1,1,1
414,214,248,32,10,6,1,1,1
415,211,543,106,11,6,1,1,1
415,212,228,295,9,6,1,1,1
415,213,325,232,11,6,1,1,1
415,214,248,32,10,6,1,1,1
416,211,543,106,11,6,1,1,1
416,212,228,295,9,6,1,1,1
416,213,325,232,11,6,1,1,1
416,214,248,32,10,6,1,1,1
417,211,543,106,10,6,1,1,1
417,212,228,295,9,6,1,1,1
417,213,325,232,11,6,1,1,1
417,214,248,32,10,5,1,1,1
417,218,364,375,11,6,1,1,1
418,211,543,106,10,6,1,1,1
418,212,228,295,9,6,1,1,1
418,213,325,232,11,6,1,1,1
418,214,248,32,10,5,1,1,1
418,218,364,375,11,6,1,1,1
419,211,542,106,11,6,1,1,1
419,212,228,295,9,6,1,1,1
419,213,325,232,12,6,1,1,1
419,214,248,31,10,6,1,1,1
419,218,364,375,11,7,1,1,1
420,211,542,106,11,6,1,1,1
420,212,228,295,9,6,1,1,1
420,213,325,232,12,6,1,1,1
420,214,248,31,10,6,1,1,1
420,218,364,375,11,7,1,1,1
421,211,542,107,10,6,1,1,1
421,212,228,295,9,6,1,1,1
421,213,325,232,11,6,1,1,1
421,214,248,31,10,5,1,1,1
421,218,364,376,11,6,1,1,1
422,211,542,107,10,6,1,1,1
422,212,228,295,9,6,1,1,1
422,213,325,232,11,6,1,1,1
422,214,248,31,10,5,1,1,1
422,218,364,376,11,6,1,1,1
423,211,541,108,11,6,1,1,1
423,212,228,295,8,5,1,1,1
423,213,324,232,11,7,1,1,1
423,214,247,30,11,6,1,1,1
423,218,364,376,11,6,1,1,1
424,211,541,108,11,6,1,1,1
424,212,228,295,8,5,1,1,1
424,213,324,232,11,7,1,1,1
424,214,247,30,11,6,1,1,1
424,218,364,376,11,6,1,1,1
425,211,541,109,10,6,1,1,1
425,212,227,294,10,6,1,1,1
425,213,323,233,11,6,1,1,1
425,214,247,29,11,6,1,1,1
425,218,364,376,11,6,1,1,1
426,211,541,109,10,6,1,1,1
426,212,227,294,10,6,1,1,1
426,213,323,233,11,6,1,1,1
426,214,247,29,11,6,1,1,1
426,218,364,376,11,6,1,1,1
427,211,541,111,9,5,1,1,1
427,212,225,292,10,6,1,1,1
427,213,321,233,11,6,1,1,1
427,214,247,27,11,6,1,1,1
428,211,541,111,9,5,1,1,1
428,212,225,292,10,6,1,1,1
428,213,321,233,11,6,1,1,1
428,214,247,27,11,6,1,1,1
429,211,540,113,10,5,1,1,1
429,212,223,290,11,7,1,1,1
429,213,318,233,11,6,1,1,1
429,214,247,26,11,6,1,1,1
430,211,540,113,10,5,1,1,1
430,212,223,290,11,7,1,1,1
430,213,318,233,11,6,1,1,1
430,214,247,26,11,6,1,1,1
431,211,539,115,11,6,1,1,1
431,212,222,290,12,7,1,1,1
431,213,315,233,11,6,1,1,1
431,214,247,24,11,6,1,1,1
432,211,539,115,11,6,1,1,1
432,212,222,290,12,7,1,1,1
432,213,315,233,11,6,1,1,1
432,214,247,24,11,6,1,1,1
433,211,538,117,11,6,1,1,1
433,213,312,233,11,6,1,1,1
433,214,247,22,11,6,1,1,1
433,223,217,286,10,6,1,1,1
434,211,538,117,11,6,1,1,1
434,213,312,233,11,6,1,1,1
434,214,247,22,11,6,1,1,1
434,223,217,286,10,6,1,1,1
435,211,537,120,11,6,1,1,1
435,213,307,233,11,6,1,1,1
435,214,247,20,10,6,1,1,1
435,223,216,285,10,6,1,1,1
436,211,537,120,11,6,1,1,1
436,213,307,233,11,6,1,1,1
436,214,247,20,10,6,1,1,1
436,223,216,285,10,6,1,1,1
437,211,537,121,11,6,1,1,1
437,213,302,232,12,7,1,1,1
437,214,246,18,11,6,1,1,1
438,211,537,121,11,6,1,1,1
438,213,302,232,12,7,1,1,1
438,214,246,18,11,6,1,1,1
439,213,297,232,12,7,1,1,1
439,214,246,15,10,6,1,1,1
440,213,297,232,12,7,1,1,1
440,214,246,15,10,6,1,1,1
441,213,291,232,12,7,1,1,1
441,214,246,13,10,6,1,1,1
442,213,291,232,12,7,1,1,1
442,214,246,13,10,6,1,1,1
443,213,285,231,12,7,1,1,1
443,214,245,10,11,7,1,1,1
444,213,285,231,12,7,1,1,1
444,214,245,10,11,7,1,1,1
445,213,279,231,11,7,1,1,1
445,214,245,8,10,6,1,1,1
445,218,364,376,10,6,1,1,1
446,213,279,231,11,7,1,1,1
446,214,245,8,10,6,1,1,1
446,218,364,376,10,6,1,1,1
447,213,274,231,9,6,1,1,1
447,214,244,6,11,6,1,1,1
447,218,364,376,10,6,1,1,1
448,213,274,231,9,6,1,1,1
448,214,244,6,11,6,1,1,1
448,218,364,376,10,6,1,1,1
449,213,267,231,10,6,1,1,1
449,214,244,4,11,6,1,1,1
450,213,267,231,10,6,1,1,1
450,214,244,4,11,6,1,1,1
451,213,261,231,10,5,1,1,1
451,214,244,2,10,6,1,1,1
451,238,180,354,9,6,1,1,1
452,213,261,231,10,5,1,1,1
452,214,244,2,10,6,1,1,1
452,238,180,354,9,6,1,1,1
453,213,255,230,10,6,1,1,1
453,214,244,0,10,6,1,1,1
453,238,179,355,9,6,1,1,1
454,213,255,230,10,6,1,1,1
454,214,244,0,10,6,1,1,1
454,238,179,355,9,6,1,1,1
455,213,249,230,10,5,1,1,1
455,214,245,0,8,4,1,1,1
455,243,175,363,7,6,1,1,1
456,213,249,230,10,5,1,1,1
456,214,245,0,8,4,1,1,1
456,243,175,363,7,6,1,1,1
457,213,243,229,10,6,1,1,1
457,214,245,0,8,2,1,1,1
457,243,175,364,7,5,1,1,1
458,213,243,229,10,6,1,1,1
458,214,245,0,8,2,1,1,1
458,243,175,364,7,5,1,1,1
459,213,237,228,11,6,1,1,1
460,213,237,228,11,6,1,1,1
461,213,231,227,11,6,1,1,1
462,213,231,227,11,6,1,1,1
463,213,226,226,11,6,1,1,1
464,213,226,226,11,6,1,1,1
465,213,220,225,11,6,1,1,1
466,213,220,225,11,6,1,1,1
467,213,215,224,11,6,1,1,1
468,213,215,224,11,6,1,1,1
469,213,209,223,11,6,1,1,1
470,213,209,223,11,6,1,1,1
471,213,203,221,12,7,1,1,1
472,213,203,221,12,7,1,1,1
473,213,198,220,11,6,1,1,1
474,213,198,220,11,6,1,1,1
475,213,191,218,12,7,1,1,1
476,213,191,218,12,7,1,1,1
477,213,185,217,12,7,1,1,1
478,213,185,217,12,7,1,1,1
479,213,178,216,12,7,1,1,1
480,213,178,216,12,7,1,1,1
481,213,172,215,11,6,1,1,1
482,213,172,215,11,6,1,1,1
483,213,165,213,12,7,1,1,1
484,213,165,213,12,7,1,1,1
485,213,158,212,12,7,1,1,1
486,213,158,212,12,7,1,1,1
487,213,150,211,12,7,1,1,1
488,213,150,211,12,7,1,1,1
489,213,143,209,12,7,1,1,1
490,213,143,209,12,7,1,1,1
491,213,136,208,11,6,1,1,1
492,213,136,208,11,6,1,1,1
493,213,128,206,12,7,1,1,1
494,213,128,206,12,7,1,1,1
495,213,121,204,12,7,1,1,1
496,213,121,204,12,7,1,1,1
497,213,114,202,12,7,1,1,1
498,213,114,202,12,7,1,1,1
499,213,108,201,11,6,1,1,1
500,213,108,201,11,6,1,1,1
501,213,101,199,11,6,1,1,1
502,213,101,199,11,6,1,1,1
503,213,95,197,10,6,1,1,1
504,213,95,197,10,6,1,1,1
505,213,88,195,11,6,1,1,1
506,213,88,195,11,6,1,1,1
507,213,82,193,11,6,1,1,1
508,213,82,193,11,6,1,1,1
509,213,76,191,11,6,1,1,1
510,213,76,191,11,6,1,1,1
511,213,69,188,12,7,1,1,1
512,213,69,188,12,7,1,1,1
513,213,63,186,12,6,1,1,1
514,213,63,186,12,6,1,1,1
515,213,57,183,12,7,1,1,1
516,213,57,183,12,7,1,1,1
517,213,52,181,11,6,1,1,1
518,213,52,181,11,6,1,1,1
519,213,45,178,12,7,1,1,1
520,213,45,178,12,7,1,1,1
521,213,39,175,12,7,1,1,1
522,213,39,175,12,7,1,1,1
523,213,33,173,11,6,1,1,1
524,213,33,173,11,6,1,1,1
525,213,27,170,12,7,1,1,1
526,213,27,170,12,7,1,1,1
527,213,21,167,12,7,1,1,1
528,213,21,167,12,7,1,1,1
529,213,15,164,13,7,1,1,1
530,213,15,164,13,7,1,1,1
531,213,9,161,12,7,1,1,1
532,213,9,161,12,7,1,1,1
533,213,4,158,11,7,1,1,1
534,213,4,158,11,7,1,1,1
535,213,0,156,10,6,1,1,1
536,213,0,156,10,6,1,1,1
537,213,0,153,4,7,1,1,1
538,213,0,153,4,7,1,1,1
557,344,246,0,11,6,1,1,1
558,344,246,0,11,6,1,1,1
559,344,245,2,12,6,1,1,1
560,344,245,2,12,6,1,1,1
561,344,245,5,11,6,1,1,1
562,344,245,5,11,6,1,1,1
563,344,244,7,12,6,1,1,1
563,348,22,40,10,7,1,1,1
564,344,244,7,12,6,1,1,1
564,348,22,40,10,7,1,1,1
565,344,244,9,12,6,1,1,1
565,348,22,39,10,7,1,1,1
566,344,244,9,12,6,1,1,1
566,348,22,39,10,7,1,1,1
585,370,271,373,9,6,1,1,1
586,370,271,373,9,6,1,1,1
587,370,275,374,9,6,1,1,1
588,370,275,374,9,6,1,1,1
589,370,279,375,8,6,1,1,1
590,370,279,375,8,6,1,1,1
591,370,282,376,10,7,1,1,1
592,370,282,376,10,7,1,1,1
593,370,287,378,8,6,1,1,1
594,370,287,378,8,6,1,1,1
595,370,291,379,9,6,1,1,1
596,370,291,379,9,6,1,1,1
597,370,294,380,10,7,1,1,1
598,370,294,380,10,7,1,1,1
599,370,298,381,10,7,1,1,1
600,370,298,381,10,7,1,1,1
601,370,302,382,9,6,1,1,1
602,370,302,382,9,6,1,1,1
603,370,307,382,8,7,1,1,1
604,370,307,382,8,7,1,1,1
605,370,311,383,8,6,1,1,1
606,370,311,383,8,6,1,1,1
607,370,315,384,9,6,1,1,1
608,370,315,384,9,6,1,1,1
609,370,320,384,9,6,1,1,1
610,370,320,384,9,6,1,1,1
611,370,324,384,9,6,1,1,1
612,370,324,384,9,6,1,1,1
613,370,328,384,9,6,1,1,1
614,370,328,384,9,6,1,1,1
615,370,333,384,9,6,1,1,1
616,370,333,384,9,6,1,1,1
617,370,337,384,9,6,1,1,1
618,370,337,384,9,6,1,1,1
619,370,340,383,11,7,1,1,1
620,370,340,383,11,7,1,1,1
621,370,345,383,10,6,1,1,1
622,370,345,383,10,6,1,1,1
623,370,350,382,9,6,1,1,1
624,370,350,382,9,6,1,1,1
625,370,354,382,9,6,1,1,1
626,370,354,382,9,6,1,1,1
627,370,359,381,9,6,1,1,1
628,370,359,381,9,6,1,1,1
629,370,364,381,9,6,1,1,1
630,370,364,381,9,6,1,1,1
631,370,368,380,10,6,1,1,1
632,370,368,380,10,6,1,1,1
633,370,373,379,10,7,1,1,1
634,370,373,379,10,7,1,1,1
635,370,378,378,10,7,1,1,1
636,370,378,378,10,7,1,1,1
637,370,383,378,10,6,1,1,1
638,370,383,378,10,6,1,1,1
639,370,388,377,9,6,1,1,1
640,370,388,377,9,6,1,1,1
641,370,393,376,9,6,1,1,1
642,370,393,376,9,6,1,1,1
643,370,397,374,10,7,1,1,1
644,370,397,374,10,7,1,1,1
645,370,402,373,11,7,1,1,1
646,370,402,373,11,7,1,1,1
647,370,407,372,10,6,1,1,1
648,370,407,372,10,6,1,1,1
649,370,412,371,9,6,1,1,1
650,370,412,371,9,6,1,1,1
651,370,416,370,10,6,1,1,1
652,370,416,370,10,6,1,1,1
665,484,350,192,12,7,1,1,1
666,484,350,192,12,7,1,1,1
667,484,349,191,12,7,1,1,1
667,486,582,199,12,6,1,1,1
668,484,349,191,12,7,1,1,1
668,486,582,199,12,6,1,1,1
669,484,349,189,12,7,1,1,1
669,486,582,199,13,7,1,1,1
670,484,349,189,12,7,1,1,1
670,486,582,199,13,7,1,1,1
671,484,348,188,12,7,1,1,1
671,486,584,202,12,6,1,1,1
672,484,348,188,12,7,1,1,1
672,486,584,202,12,6,1,1,1
673,484,348,187,12,7,1,1,1
673,486,585,203,12,7,1,1,1
674,484,348,187,12,7,1,1,1
674,486,585,203,12,7,1,1,1
675,484,348,186,11,6,1,1,1
675,486,587,205,12,7,1,1,1
676,484,348,186,11,6,1,1,1
676,486,587,205,12,7,1,1,1
677,484,348,185,10,6,1,1,1
677,486,588,207,13,7,1,1,1
678,484,348,185,10,6,1,1,1
678,486,588,207,13,7,1,1,1
679,484,348,184,10,5,1,1,1
679,486,589,209,13,7,1,1,1
680,484,348,184,10,5,1,1,1
680,486,589,209,13,7,1,1,1
681,484,348,182,11,6,1,1,1
681,486,591,212,11,6,1,1,1
682,484,348,182,11,6,1,1,1
682,486,591,212,11,6,1,1,1
683,484,347,181,12,6,1,1,1
683,486,593,214,10,6,1,1,1
684,484,347,181,12,6,1,1,1
684,486,593,214,10,6,1,1,1
685,484,348,179,11,7,1,1,1
685,486,594,216,11,6,1,1,1
686,484,348,179,11,7,1,1,1
686,486,594,216,11,6,1,1,1
687,484,348,178,11,7,1,1,1
687,486,595,219,11,6,1,1,1
688,484,348,178,11,7,1,1,1
688,486,595,219,11,6,1,1,1
689,484,346,177,10,6,1,1,1
689,486,593,221,11,6,1,1,1
690,484,346,177,10,6,1,1,1
690,486,593,221,11,6,1,1,1
691,484,346,176,10,6,1,1,1
691,486,594,223,10,6,1,1,1
692,484,346,176,10,6,1,1,1
692,486,594,223,10,6,1,1,1
701,495,294,173,11,7,1,1,1
701,496,542,239,10,7,1,1,1
702,495,294,173,11,7,1,1,1
702,496,542,239,10,7,1,1,1
703,495,295,172,11,7,1,1,1
703,496,543,242,10,7,1,1,1
704,495,295,172,11,7,1,1,1
704,496,543,242,10,7,1,1,1
705,495,297,171,10,7,1,1,1
705,496,543,245,10,7,1,1,1
706,495,297,171,10,7,1,1,1
706,496,543,245,10,7,1,1,1
707,495,297,171,11,6,1,1,1
707,496,544,248,10,7,1,1,1
708,495,297,171,11,6,1,1,1
708,496,544,248,10,7,1,1,1
709,495,298,170,11,7,1,1,1
709,496,546,252,9,6,1,1,1
710,495,298,170,11,7,1,1,1
710,496,546,252,9,6,1,1,1
711,495,297,170,10,7,1,1,1
711,496,543,255,10,7,1,1,1
712,495,297,170,10,7,1,1,1
712,496,543,255,10,7,1,1,1
713,495,297,170,10,6,1,1,1
713,496,543,258,10,7,1,1,1
714,495,297,170,10,6,1,1,1
714,496,543,258,10,7,1,1,1
721,512,254,169,12,7,1,1,1
722,512,254,169,12,7,1,1,1
723,512,255,169,11,6,1,1,1
724,512,255,169,11,6,1,1,1
725,512,256,169,11,7,1,1,1
725,516,500,280,10,6,1,1,1
726,512,256,169,11,7,1,1,1
726,516,500,280,10,6,1,1,1
727,512,256,169,11,7,1,1,1
727,516,500,281,10,6,1,1,1
728,512,256,169,11,7,1,1,1
728,516,500,281,10,6,1,1,1
729,512,256,169,11,7,1,1,1
730,512,256,169,11,7,1,1,1
747,545,176,173,10,6,1,1,1
748,545,176,173,10,6,1,1,1
749,545,178,174,10,6,1,1,1
750,545,178,174,10,6,1,1,1
