1,1,286,193,5,6,1,1,1
1,2,402,156,5,6,1,1,1
1,3,367,228,5,5,1,1,1
1,4,355,236,4,6,1,1,1
1,5,339,272,5,6,1,1,1
2,1,286,193,5,6,1,1,1
2,2,402,156,5,6,1,1,1
2,3,367,228,5,5,1,1,1
2,4,355,236,4,6,1,1,1
2,5,339,272,5,6,1,1,1
3,1,286,194,5,5,1,1,1
3,2,402,156,4,5,1,1,1
3,3,367,228,5,5,1,1,1
3,4,355,237,4,5,1,1,1
3,5,339,272,6,6,1,1,1
4,1,286,194,5,5,1,1,1
4,2,402,156,4,5,1,1,1
4,3,367,228,5,5,1,1,1
4,4,355,237,4,5,1,1,1
4,5,339,272,6,6,1,1,1
5,1,286,194,5,5,1,1,1
5,2,402,157,4,5,1,1,1
5,3,367,229,5,5,1,1,1
5,4,355,237,4,5,1,1,1
5,5,340,273,5,5,1,1,1
6,1,286,194,5,5,1,1,1
6,2,402,157,4,5,1,1,1
6,3,367,229,5,5,1,1,1
6,4,355,237,4,5,1,1,1
6,5,340,273,5,5,1,1,1
7,1,286,194,5,5,1,1,1
7,2,402,157,4,5,1,1,1
7,3,367,229,5,5,1,1,1
7,4,355,237,4,4,1,1,1
7,5,340,273,5,5,1,1,1
8,1,286,194,5,5,1,1,1
8,2,402,157,4,5,1,1,1
8,3,367,229,5,5,1,1,1
8,4,355,237,4,4,1,1,1
8,5,340,273,5,5,1,1,1
9,1,286,194,5,5,1,1,1
9,2,402,157,4,5,1,1,1
9,3,367,229,5,5,1,1,1
9,4,355,237,4,3,1,1,1
9,5,339,273,5,5,1,1,1
10,1,286,194,5,5,1,1,1
10,2,402,157,4,5,1,1,1
10,3,367,229,5,5,1,1,1
10,4,355,237,4,3,1,1,1
10,5,339,273,5,5,1,1,1
11,1,286,194,5,5,1,1,1
11,2,402,157,4,5,1,1,1
11,3,368,229,3,4,1,1,1
11,4,355,237,4,3,1,1,1
11,5,339,273,5,5,1,1,1
12,1,286,194,5,5,1,1,1
12,2,402,157,4,5,1,1,1
12,3,368,229,3,4,1,1,1
12,4,355,237,4,3,1,1,1
12,5,339,273,5,5,1,1,1
13,1,286,194,5,4,1,1,1
13,2,402,157,4,5,1,1,1
13,3,368,229,3,4,1,1,1
13,4,356,237,3,3,1,1,1
13,5,339,273,5,4,1,1,1
13,6,554,233,5,5,1,1,1
14,1,286,194,5,4,1,1,1
14,2,402,157,4,5,1,1,1
14,3,368,229,3,4,1,1,1
14,4,356,237,3,3,1,1,1
14,5,339,273,5,4,1,1,1
14,6,554,233,5,5,1,1,1
15,1,286,193,5,5,1,1,1
15,2,402,157,4,5,1,1,1
15,3,367,229,4,4,1,1,1
15,4,355,236,4,4,1,1,1
15,5,339,273,4,4,1,1,1
15,6,555,232,6,6,1,1,1
16,1,286,193,5,5,1,1,1
16,2,402,157,4,5,1,1,1
16,3,367,229,4,4,1,1,1
16,4,355,236,4,4,1,1,1
16,5,339,273,4,4,1,1,1
16,6,555,232,6,6,1,1,1
17,1,286,193,5,4,1,1,1
17,2,402,157,4,4,1,1,1
17,3,367,229,4,4,1,1,1
17,4,355,236,4,4,1,1,1
17,5,339,272,4,4,1,1,1
17,6,556,231,6,7,1,1,1
17,9,591,284,5,6,1,1,1
18,1,286,193,5,4,1,1,1
18,2,402,157,4,4,1,1,1
18,3,367,229,4,4,1,1,1
18,4,355,236,4,4,1,1,1
18,5,339,272,4,4,1,1,1
18,6,556,231,6,7,1,1,1
18,9,591,284,5,6,1,1,1
19,1,286,192,5,5,1,1,1
19,2,401,156,6,6,1,1,1
19,3,367,229,4,4,1,1,1
19,4,355,236,4,4,1,1,1
19,5,339,272,4,4,1,1,1
19,6,557,231,6,7,1,1,1
19,9,591,284,5,6,1,1,1
20,1,286,192,5,5,1,1,1
20,2,401,156,6,6,1,1,1
20,3,367,229,4,4,1,1,1
20,4,355,236,4,4,1,1,1
20,5,339,272,4,4,1,1,1
20,6,557,231,6,7,1,1,1
20,9,591,284,5,6,1,1,1
21,1,286,192,5,5,1,1,1
21,2,402,156,5,5,1,1,1
21,3,367,229,4,4,1,1,1
21,4,355,236,4,4,1,1,1
21,5,338,271,5,5,1,1,1
21,6,558,231,6,7,1,1,1
21,9,592,284,5,6,1,1,1
22,1,286,192,5,5,1,1,1
22,2,402,156,5,5,1,1,1
22,3,367,229,4,4,1,1,1
22,4,355,236,4,4,1,1,1
22,5,338,271,5,5,1,1,1
22,6,558,231,6,7,1,1,1
22,9,592,284,5,6,1,1,1
23,1,286,192,5,5,1,1,1
23,2,402,155,5,6,1,1,1
23,3,367,229,4,4,1,1,1
23,4,355,236,4,4,1,1,1
23,5,338,271,5,5,1,1,1
23,6,560,231,5,6,1,1,1
23,9,593,283,6,7,1,1,1
24,1,286,192,5,5,1,1,1
24,2,402,155,5,6,1,1,1
24,3,367,229,4,4,1,1,1
24,4,355,236,4,4,1,1,1
24,5,338,271,5,5,1,1,1
24,6,560,231,5,6,1,1,1
24,9,593,283,6,7,1,1,1
25,1,286,192,5,5,1,1,1
25,2,402,155,5,5,1,1,1
25,3,367,229,4,3,1,1,1
25,4,355,235,4,5,1,1,1
25,5,338,271,5,5,1,1,1
25,6,561,231,6,6,1,1,1
25,9,594,283,6,6,1,1,1
26,1,286,192,5,5,1,1,1
26,2,402,155,5,5,1,1,1
26,3,367,229,4,3,1,1,1
26,4,355,235,4,5,1,1,1
26,5,338,271,5,5,1,1,1
26,6,561,231,6,6,1,1,1
26,9,594,283,6,6,1,1,1
27,1,286,192,4,5,1,1,1
27,2,402,155,5,5,1,1,1
27,3,367,229,4,3,1,1,1
27,4,355,235,4,5,1,1,1
27,5,338,271,5,5,1,1,1
27,6,562,230,6,6,1,1,1
27,9,595,282,5,7,1,1,1
28,1,286,192,4,5,1,1,1
28,2,402,155,5,5,1,1,1
28,3,367,229,4,3,1,1,1
28,4,355,235,4,5,1,1,1
28,5,338,271,5,5,1,1,1
28,6,562,230,6,6,1,1,1
28,9,595,282,5,7,1,1,1
29,1,286,192,4,4,1,1,1
29,2,402,155,5,5,1,1,1
29,3,367,229,4,3,1,1,1
29,4,355,235,4,5,1,1,1
29,5,339,271,4,5,1,1,1
29,6,564,230,5,6,1,1,1
30,1,286,192,4,4,1,1,1
30,2,402,155,5,5,1,1,1
30,3,367,229,4,3,1,1,1
30,4,355,235,4,5,1,1,1
30,5,339,271,4,5,1,1,1
30,6,564,230,5,6,1,1,1
31,1,286,192,4,4,1,1,1
31,2,403,155,4,5,1,1,1
31,3,366,229,5,4,1,1,1
31,4,355,235,4,5,1,1,1
31,5,339,271,4,5,1,1,1
31,6,565,230,6,6,1,1,1
32,1,286,192,4,4,1,1,1
32,2,403,155,4,5,1,1,1
32,3,366,229,5,4,1,1,1
32,4,355,235,4,5,1,1,1
32,5,339,271,4,5,1,1,1
32,6,565,230,6,6,1,1,1
33,1,286,192,4,4,1,1,1
33,2,403,155,4,5,1,1,1
33,3,366,229,5,4,1,1,1
33,4,355,235,4,5,1,1,1
33,5,339,271,4,4,1,1,1
34,1,286,192,4,4,1,1,1
34,2,403,155,4,5,1,1,1
34,3,366,229,5,4,1,1,1
34,4,355,235,4,5,1,1,1
34,5,339,271,4,4,1,1,1
35,1,286,192,4,4,1,1,1
35,2,403,155,4,5,1,1,1
35,3,366,229,5,4,1,1,1
35,4,355,235,4,5,1,1,1
35,5,338,271,6,4,1,1,1
36,1,286,192,4,4,1,1,1
36,2,403,155,4,5,1,1,1
36,3,366,229,5,4,1,1,1
36,4,355,235,4,5,1,1,1
36,5,338,271,6,4,1,1,1
37,1,285,191,5,5,1,1,1
37,2,403,155,4,5,1,1,1
37,3,366,228,5,5,1,1,1
37,4,355,235,4,5,1,1,1
37,5,338,270,6,5,1,1,1
37,6,569,230,5,6,1,1,1
38,1,285,191,5,5,1,1,1
38,2,403,155,4,5,1,1,1
38,3,366,228,5,5,1,1,1
38,4,355,235,4,5,1,1,1
38,5,338,270,6,5,1,1,1
38,6,569,230,5,6,1,1,1
39,1,285,191,6,5,1,1,1
39,2,403,155,5,5,1,1,1
39,3,366,228,5,5,1,1,1
39,4,355,235,4,5,1,1,1
39,5,338,270,6,5,1,1,1
39,6,571,230,5,5,1,1,1
40,1,285,191,6,5,1,1,1
40,2,403,155,5,5,1,1,1
40,3,366,228,5,5,1,1,1
40,4,355,235,4,5,1,1,1
40,5,338,270,6,5,1,1,1
40,6,571,230,5,5,1,1,1
41,1,285,191,6,5,1,1,1
41,2,402,155,6,5,1,1,1
41,3,366,228,5,5,1,1,1
41,4,355,235,4,5,1,1,1
41,5,338,270,6,5,1,1,1
42,1,285,191,6,5,1,1,1
42,2,402,155,6,5,1,1,1
42,3,366,228,5,5,1,1,1
42,4,355,235,4,5,1,1,1
42,5,338,270,6,5,1,1,1
43,1,285,191,6,5,1,1,1
43,2,402,154,6,6,1,1,1
43,3,366,227,5,6,1,1,1
43,4,355,235,4,5,1,1,1
43,5,338,270,6,5,1,1,1
44,1,285,191,6,5,1,1,1
44,2,402,154,6,6,1,1,1
44,3,366,227,5,6,1,1,1
44,4,355,235,4,5,1,1,1
44,5,338,270,6,5,1,1,1
45,1,285,191,6,5,1,1,1
45,2,403,155,4,5,1,1,1
45,3,366,227,5,5,1,1,1
45,4,355,235,4,5,1,1,1
45,5,338,269,5,6,1,1,1
46,1,285,191,6,5,1,1,1
46,2,403,155,4,5,1,1,1
46,3,366,227,5,5,1,1,1
46,4,355,235,4,5,1,1,1
46,5,338,269,5,6,1,1,1
47,1,285,191,6,5,1,1,1
47,2,403,155,5,5,1,1,1
47,3,366,227,5,5,1,1,1
47,4,355,235,4,5,1,1,1
47,5,338,269,5,6,1,1,1
48,1,285,191,6,5,1,1,1
48,2,403,155,5,5,1,1,1
48,3,366,227,5,5,1,1,1
48,4,355,235,4,5,1,1,1
48,5,338,269,5,6,1,1,1
49,1,286,191,4,5,1,1,1
49,2,403,155,5,5,1,1,1
49,3,366,228,5,4,1,1,1
49,4,355,235,4,5,1,1,1
49,5,338,269,5,5,1,1,1
50,1,286,191,4,5,1,1,1
50,2,403,155,5,5,1,1,1
50,3,366,228,5,4,1,1,1
50,4,355,235,4,5,1,1,1
50,5,338,269,5,5,1,1,1
51,1,285,191,6,5,1,1,1
51,2,403,154,5,6,1,1,1
51,3,366,228,5,5,1,1,1
51,4,355,235,4,5,1,1,1
51,5,338,269,4,5,1,1,1
52,1,285,191,6,5,1,1,1
52,2,403,154,5,6,1,1,1
52,3,366,228,5,5,1,1,1
52,4,355,235,4,5,1,1,1
52,5,338,269,4,5,1,1,1
53,1,285,191,6,5,1,1,1
53,3,366,228,5,5,1,1,1
53,4,355,235,5,4,1,1,1
53,5,337,269,5,5,1,1,1
54,1,285,191,6,5,1,1,1
54,3,366,228,5,5,1,1,1
54,4,355,235,5,4,1,1,1
54,5,337,269,5,5,1,1,1
55,1,285,190,6,6,1,1,1
55,2,403,154,4,6,1,1,1
55,3,366,228,5,5,1,1,1
55,4,355,234,5,5,1,1,1
55,5,337,269,5,5,1,1,1
55,9,609,279,5,7,1,1,1
56,1,285,190,6,6,1,1,1
56,2,403,154,4,6,1,1,1
56,3,366,228,5,5,1,1,1
56,4,355,234,5,5,1,1,1
56,5,337,269,5,5,1,1,1
56,9,609,279,5,7,1,1,1
57,1,285,190,6,5,1,1,1
57,2,403,154,4,5,1,1,1
57,3,366,227,4,6,1,1,1
57,4,355,234,5,5,1,1,1
57,5,338,269,4,5,1,1,1
57,9,610,279,5,6,1,1,1
58,1,285,190,6,5,1,1,1
58,2,403,154,4,5,1,1,1
58,3,366,227,4,6,1,1,1
58,4,355,234,5,5,1,1,1
58,5,338,269,4,5,1,1,1
58,9,610,279,5,6,1,1,1
59,1,285,190,6,5,1,1,1
59,2,403,154,5,5,1,1,1
59,3,366,227,4,6,1,1,1
59,4,355,234,5,5,1,1,1
59,5,338,269,4,5,1,1,1
59,9,610,279,6,6,1,1,1
60,1,285,190,6,5,1,1,1
60,2,403,154,5,5,1,1,1
60,3,366,227,4,6,1,1,1
60,4,355,234,5,5,1,1,1
60,5,338,269,4,5,1,1,1
60,9,610,279,6,6,1,1,1
61,1,285,190,6,5,1,1,1
61,2,403,154,5,5,1,1,1
61,3,366,227,4,5,1,1,1
61,4,355,234,5,5,1,1,1
61,5,337,269,5,4,1,1,1
61,9,611,278,6,7,1,1,1
62,1,285,190,6,5,1,1,1
62,2,403,154,5,5,1,1,1
62,3,366,227,4,5,1,1,1
62,4,355,234,5,5,1,1,1
62,5,337,269,5,4,1,1,1
62,9,611,278,6,7,1,1,1
63,1,285,190,6,5,1,1,1
63,2,404,154,4,5,1,1,1
63,3,366,227,4,5,1,1,1
63,4,355,234,5,5,1,1,1
63,5,337,269,5,4,1,1,1
63,9,612,278,6,7,1,1,1
64,1,285,190,6,5,1,1,1
64,2,404,154,4,5,1,1,1
64,3,366,227,4,5,1,1,1
64,4,355,234,5,5,1,1,1
64,5,337,269,5,4,1,1,1
64,9,612,278,6,7,1,1,1
65,1,285,190,6,5,1,1,1
65,2,404,154,4,5,1,1,1
65,3,366,227,4,5,1,1,1
65,4,356,234,4,4,1,1,1
65,5,337,268,5,5,1,1,1
65,9,613,278,6,6,1,1,1
66,1,285,190,6,5,1,1,1
66,2,404,154,4,5,1,1,1
66,3,366,227,4,5,1,1,1
66,4,356,234,4,4,1,1,1
66,5,337,268,5,5,1,1,1
66,9,613,278,6,6,1,1,1
67,1,285,190,6,5,1,1,1
67,2,404,154,3,5,1,1,1
67,3,365,227,5,5,1,1,1
67,4,356,234,4,4,1,1,1
67,5,337,268,5,5,1,1,1
68,1,285,190,6,5,1,1,1
68,2,404,154,3,5,1,1,1
68,3,365,227,5,5,1,1,1
68,4,356,234,4,4,1,1,1
68,5,337,268,5,5,1,1,1
69,1,285,190,6,5,1,1,1
69,2,404,154,3,4,1,1,1
69,3,365,227,5,5,1,1,1
69,4,356,233,5,5,1,1,1
69,5,337,268,5,5,1,1,1
69,9,615,278,5,6,1,1,1
70,1,285,190,6,5,1,1,1
70,2,404,154,3,4,1,1,1
70,3,365,227,5,5,1,1,1
70,4,356,233,5,5,1,1,1
70,5,337,268,5,5,1,1,1
70,9,615,278,5,6,1,1,1
71,1,285,190,6,5,1,1,1
71,2,403,154,5,4,1,1,1
71,3,365,227,5,5,1,1,1
71,4,356,233,5,5,1,1,1
71,5,337,268,5,5,1,1,1
71,9,616,278,6,6,1,1,1
72,1,285,190,6,5,1,1,1
72,2,403,154,5,4,1,1,1
72,3,365,227,5,5,1,1,1
72,4,356,233,5,5,1,1,1
72,5,337,268,5,5,1,1,1
72,9,616,278,6,6,1,1,1
73,1,285,189,6,6,1,1,1
73,2,403,154,5,4,1,1,1
73,3,365,227,5,5,1,1,1
73,4,356,233,5,5,1,1,1
73,5,337,268,4,5,1,1,1
73,9,617,278,6,6,1,1,1
74,1,285,189,6,6,1,1,1
74,2,403,154,5,4,1,1,1
74,3,365,227,5,5,1,1,1
74,4,356,233,5,5,1,1,1
74,5,337,268,4,5,1,1,1
74,9,617,278,6,6,1,1,1
75,1,285,189,6,6,1,1,1
75,2,403,153,5,5,1,1,1
75,3,365,227,5,5,1,1,1
75,4,356,233,5,5,1,1,1
75,5,337,268,4,5,1,1,1
75,9,618,277,6,7,1,1,1
76,1,285,189,6,6,1,1,1
76,2,403,153,5,5,1,1,1
76,3,365,227,5,5,1,1,1
76,4,356,233,5,5,1,1,1
76,5,337,268,4,5,1,1,1
76,9,618,277,6,7,1,1,1
77,1,286,189,4,5,1,1,1
77,2,403,153,5,5,1,1,1
77,3,365,227,5,5,1,1,1
77,4,356,233,5,5,1,1,1
77,5,337,268,4,4,1,1,1
77,9,619,277,6,7,1,1,1
78,1,286,189,4,5,1,1,1
78,2,403,153,5,5,1,1,1
78,3,365,227,5,5,1,1,1
78,4,356,233,5,5,1,1,1
78,5,337,268,4,4,1,1,1
78,9,619,277,6,7,1,1,1
79,1,286,189,4,5,1,1,1
79,2,403,153,5,5,1,1,1
79,3,365,227,5,5,1,1,1
79,4,356,233,5,5,1,1,1
79,5,337,268,4,4,1,1,1
79,9,620,277,5,7,1,1,1
80,1,286,189,4,5,1,1,1
80,2,403,153,5,5,1,1,1
80,3,365,227,5,5,1,1,1
80,4,356,233,5,5,1,1,1
80,5,337,268,4,4,1,1,1
80,9,620,277,5,7,1,1,1
81,1,286,189,4,5,1,1,1
81,2,403,153,5,5,1,1,1
81,3,365,227,4,5,1,1,1
81,4,356,233,5,5,1,1,1
81,5,336,267,5,5,1,1,1
81,9,621,277,5,6,1,1,1
82,1,286,189,4,5,1,1,1
82,2,403,153,5,5,1,1,1
82,3,365,227,4,5,1,1,1
82,4,356,233,5,5,1,1,1
82,5,336,267,5,5,1,1,1
82,9,621,277,5,6,1,1,1
83,1,286,189,4,5,1,1,1
83,2,403,153,5,5,1,1,1
83,3,365,227,4,5,1,1,1
83,4,356,233,5,5,1,1,1
83,5,336,267,5,5,1,1,1
84,1,286,189,4,5,1,1,1
84,2,403,153,5,5,1,1,1
84,3,365,227,4,5,1,1,1
84,4,356,233,5,5,1,1,1
84,5,336,267,5,5,1,1,1
85,1,286,189,4,5,1,1,1
85,2,404,153,3,5,1,1,1
85,3,365,227,4,5,1,1,1
85,4,356,233,5,5,1,1,1
85,5,336,267,5,5,1,1,1
86,1,286,189,4,5,1,1,1
86,2,404,153,3,5,1,1,1
86,3,365,227,4,5,1,1,1
86,4,356,233,5,5,1,1,1
86,5,336,267,5,5,1,1,1
87,1,286,189,4,5,1,1,1
87,2,404,153,3,5,1,1,1
87,3,365,227,4,5,1,1,1
87,4,356,233,5,5,1,1,1
87,5,336,267,5,5,1,1,1
88,1,286,189,4,5,1,1,1
88,2,404,153,3,5,1,1,1
88,3,365,227,4,5,1,1,1
88,4,356,233,5,5,1,1,1
88,5,336,267,5,5,1,1,1
89,1,286,189,4,5,1,1,1
89,2,404,153,3,4,1,1,1
89,3,365,227,4,5,1,1,1
89,4,356,233,5,5,1,1,1
89,5,336,267,5,5,1,1,1
90,1,286,189,4,5,1,1,1
90,2,404,153,3,4,1,1,1
90,3,365,227,4,5,1,1,1
90,4,356,233,5,5,1,1,1
90,5,336,267,5,5,1,1,1
91,1,286,189,4,5,1,1,1
91,2,403,153,5,4,1,1,1
91,3,365,227,4,5,1,1,1
91,4,356,233,5,5,1,1,1
91,5,336,267,5,5,1,1,1
92,1,286,189,4,5,1,1,1
92,2,403,153,5,4,1,1,1
92,3,365,227,4,5,1,1,1
92,4,356,233,5,5,1,1,1
92,5,336,267,5,5,1,1,1
93,1,286,189,4,5,1,1,1
93,2,403,153,5,4,1,1,1
93,3,365,227,4,5,1,1,1
93,4,356,233,5,5,1,1,1
93,5,336,267,5,5,1,1,1
93,9,626,275,7,7,1,1,1
94,1,286,189,4,5,1,1,1
94,2,403,153,5,4,1,1,1
94,3,365,227,4,5,1,1,1
94,4,356,233,5,5,1,1,1
94,5,336,267,5,5,1,1,1
94,9,626,275,7,7,1,1,1
95,1,286,188,4,5,1,1,1
95,2,403,152,5,5,1,1,1
95,3,365,227,4,5,1,1,1
95,4,356,233,4,5,1,1,1
95,5,336,267,4,4,1,1,1
95,9,627,274,7,8,1,1,1
96,1,286,188,4,5,1,1,1
96,2,403,152,5,5,1,1,1
96,3,365,227,4,5,1,1,1
96,4,356,233,4,5,1,1,1
96,5,336,267,4,4,1,1,1
96,9,627,274,7,8,1,1,1
97,1,285,188,5,5,1,1,1
97,2,403,152,5,5,1,1,1
97,3,365,227,4,5,1,1,1
97,4,356,233,4,5,1,1,1
97,5,336,267,4,4,1,1,1
97,9,628,274,7,8,1,1,1
98,1,285,188,5,5,1,1,1
98,2,403,152,5,5,1,1,1
98,3,365,227,4,5,1,1,1
98,4,356,233,4,5,1,1,1
98,5,336,267,4,4,1,1,1
98,9,628,274,7,8,1,1,1
99,1,285,188,5,5,1,1,1
99,2,403,152,5,5,1,1,1
99,3,365,227,4,5,1,1,1
99,4,356,233,4,4,1,1,1
99,5,335,266,5,5,1,1,1
99,9,629,274,6,8,1,1,1
100,1,285,188,5,5,1,1,1
100,2,403,152,5,5,1,1,1
100,3,365,227,4,5,1,1,1
100,4,356,233,4,4,1,1,1
100,5,335,266,5,5,1,1,1
100,9,629,274,6,8,1,1,1
101,1,285,188,5,5,1,1,1
101,2,403,152,5,5,1,1,1
101,3,365,227,4,5,1,1,1
101,4,355,233,6,4,1,1,1
101,5,335,266,5,5,1,1,1
101,9,630,274,6,7,1,1,1
102,1,285,188,5,5,1,1,1
102,2,403,152,5,5,1,1,1
102,3,365,227,4,5,1,1,1
102,4,355,233,6,4,1,1,1
102,5,335,266,5,5,1,1,1
102,9,630,274,6,7,1,1,1
103,1,286,188,4,5,1,1,1
103,2,403,152,5,5,1,1,1
103,3,365,227,4,5,1,1,1
103,4,355,232,6,5,1,1,1
103,5,335,266,6,5,1,1,1
103,9,631,274,6,7,1,1,1
104,1,286,188,4,5,1,1,1
104,2,403,152,5,5,1,1,1
104,3,365,227,4,5,1,1,1
104,4,355,232,6,5,1,1,1
104,5,335,266,6,5,1,1,1
104,9,631,274,6,7,1,1,1
105,1,286,188,4,5,1,1,1
105,2,403,152,5,5,1,1,1
105,3,365,227,4,5,1,1,1
105,4,356,232,5,5,1,1,1
105,5,335,266,6,5,1,1,1
105,9,631,274,7,7,1,1,1
106,1,286,188,4,5,1,1,1
106,2,403,152,5,5,1,1,1
106,3,365,227,4,5,1,1,1
106,4,356,232,5,5,1,1,1
106,5,335,266,6,5,1,1,1
106,9,631,274,7,7,1,1,1
107,1,286,188,4,5,1,1,1
107,2,403,152,5,5,1,1,1
107,3,365,227,4,5,1,1,1
107,4,356,232,5,5,1,1,1
107,5,335,265,5,6,1,1,1
108,1,286,188,4,5,1,1,1
108,2,403,152,5,5,1,1,1
108,3,365,227,4,5,1,1,1
108,4,356,232,5,5,1,1,1
108,5,335,265,5,6,1,1,1
109,1,286,188,4,4,1,1,1
109,2,403,152,5,5,1,1,1
109,3,364,227,5,5,1,1,1
109,4,356,232,5,5,1,1,1
109,5,335,265,5,5,1,1,1
110,1,286,188,4,4,1,1,1
110,2,403,152,5,5,1,1,1
110,3,364,227,5,5,1,1,1
110,4,356,232,5,5,1,1,1
110,5,335,265,5,5,1,1,1
111,1,286,188,4,4,1,1,1
111,2,403,152,5,5,1,1,1
111,3,364,227,5,5,1,1,1
111,4,356,232,5,5,1,1,1
111,5,335,265,5,5,1,1,1
112,1,286,188,4,4,1,1,1
112,2,403,152,5,5,1,1,1
112,3,364,227,5,5,1,1,1
112,4,356,232,5,5,1,1,1
112,5,335,265,5,5,1,1,1
113,1,285,188,6,4,1,1,1
113,2,403,152,5,5,1,1,1
113,3,364,227,5,5,1,1,1
113,4,356,232,5,5,1,1,1
113,5,335,265,5,5,1,1,1
114,1,285,188,6,4,1,1,1
114,2,403,152,5,5,1,1,1
114,3,364,227,5,5,1,1,1
114,4,356,232,5,5,1,1,1
114,5,335,265,5,5,1,1,1
115,1,285,187,6,5,1,1,1
115,2,403,152,5,5,1,1,1
115,3,364,227,5,5,1,1,1
115,4,356,232,5,5,1,1,1
115,5,335,265,5,5,1,1,1
116,1,285,187,6,5,1,1,1
116,2,403,152,5,5,1,1,1
116,3,364,227,5,5,1,1,1
116,4,356,232,5,5,1,1,1
116,5,335,265,5,5,1,1,1
117,1,286,187,5,5,1,1,1
117,2,403,152,5,5,1,1,1
117,3,364,227,5,5,1,1,1
117,4,356,232,5,5,1,1,1
117,5,336,265,4,5,1,1,1
118,1,286,187,5,5,1,1,1
118,2,403,152,5,5,1,1,1
118,3,364,227,5,5,1,1,1
118,4,356,232,5,5,1,1,1
118,5,336,265,4,5,1,1,1
119,1,286,187,5,5,1,1,1
119,2,404,152,4,5,1,1,1
119,3,364,227,5,5,1,1,1
119,4,356,232,5,5,1,1,1
119,5,336,265,4,5,1,1,1
120,1,286,187,5,5,1,1,1
120,2,404,152,4,5,1,1,1
120,3,364,227,5,5,1,1,1
120,4,356,232,5,5,1,1,1
120,5,336,265,4,5,1,1,1
121,1,286,187,5,5,1,1,1
121,2,404,152,4,5,1,1,1
121,3,365,227,4,5,1,1,1
121,4,357,232,4,5,1,1,1
121,5,335,265,5,4,1,1,1
122,1,286,187,5,5,1,1,1
122,2,404,152,4,5,1,1,1
122,3,365,227,4,5,1,1,1
122,4,357,232,4,5,1,1,1
122,5,335,265,5,4,1,1,1
123,1,286,187,5,5,1,1,1
123,2,404,152,4,5,1,1,1
123,3,365,227,4,5,1,1,1
123,4,357,232,4,5,1,1,1
123,5,335,264,5,5,1,1,1
124,1,286,187,5,5,1,1,1
124,2,404,152,4,5,1,1,1
124,3,365,227,4,5,1,1,1
124,4,357,232,4,5,1,1,1
124,5,335,264,5,5,1,1,1
125,1,286,187,5,5,1,1,1
125,2,404,152,4,4,1,1,1
125,3,365,227,4,5,1,1,1
125,4,357,232,4,5,1,1,1
125,5,335,264,5,5,1,1,1
126,1,286,187,5,5,1,1,1
126,2,404,152,4,4,1,1,1
126,3,365,227,4,5,1,1,1
126,4,357,232,4,5,1,1,1
126,5,335,264,5,5,1,1,1
127,1,286,187,5,5,1,1,1
127,2,404,152,5,4,1,1,1
127,3,365,227,4,5,1,1,1
127,4,357,232,4,5,1,1,1
127,5,335,264,5,5,1,1,1
128,1,286,187,5,5,1,1,1
128,2,404,152,5,4,1,1,1
128,3,365,227,4,5,1,1,1
128,4,357,232,4,5,1,1,1
128,5,335,264,5,5,1,1,1
129,1,287,187,3,5,1,1,1
129,2,404,152,5,4,1,1,1
129,3,365,227,4,5,1,1,1
129,4,357,232,4,5,1,1,1
129,5,335,264,4,5,1,1,1
130,1,287,187,3,5,1,1,1
130,2,404,152,5,4,1,1,1
130,3,365,227,4,5,1,1,1
130,4,357,232,4,5,1,1,1
130,5,335,264,4,5,1,1,1
131,1,287,187,3,4,1,1,1
131,2,404,151,5,5,1,1,1
131,3,365,227,4,5,1,1,1
131,4,357,232,4,5,1,1,1
131,5,335,264,5,4,1,1,1
132,1,287,187,3,4,1,1,1
132,2,404,151,5,5,1,1,1
132,3,365,227,4,5,1,1,1
132,4,357,232,4,5,1,1,1
132,5,335,264,5,4,1,1,1
133,1,287,187,3,4,1,1,1
133,2,404,151,5,5,1,1,1
133,3,364,227,5,5,1,1,1
133,4,357,232,5,5,1,1,1
133,5,335,264,5,4,1,1,1
134,1,287,187,3,4,1,1,1
134,2,404,151,5,5,1,1,1
134,3,364,227,5,5,1,1,1
134,4,357,232,5,5,1,1,1
134,5,335,264,5,4,1,1,1
135,1,286,187,5,4,1,1,1
135,2,405,151,4,5,1,1,1
135,3,365,227,4,5,1,1,1
135,4,357,232,5,5,1,1,1
135,5,336,263,3,5,1,1,1
136,1,286,187,5,4,1,1,1
136,2,405,151,4,5,1,1,1
136,3,365,227,4,5,1,1,1
136,4,357,232,5,5,1,1,1
136,5,336,263,3,5,1,1,1
137,1,286,187,5,4,1,1,1
137,2,404,151,5,5,1,1,1
137,3,365,227,4,5,1,1,1
137,4,357,232,5,5,1,1,1
137,5,335,263,5,5,1,1,1
138,1,286,187,5,4,1,1,1
138,2,404,151,5,5,1,1,1
138,3,365,227,4,5,1,1,1
138,4,357,232,5,5,1,1,1
138,5,335,263,5,5,1,1,1
139,1,286,186,5,5,1,1,1
139,2,404,151,5,5,1,1,1
139,3,365,227,4,5,1,1,1
139,4,358,232,4,5,1,1,1
139,5,335,263,5,5,1,1,1
140,1,286,186,5,5,1,1,1
140,2,404,151,5,5,1,1,1
140,3,365,227,4,5,1,1,1
140,4,358,232,4,5,1,1,1
140,5,335,263,5,5,1,1,1
141,1,286,186,5,5,1,1,1
141,2,405,151,4,5,1,1,1
141,3,365,227,4,5,1,1,1
141,4,358,232,3,5,1,1,1
141,5,336,263,3,5,1,1,1
142,1,286,186,5,5,1,1,1
142,2,405,151,4,5,1,1,1
142,3,365,227,4,5,1,1,1
142,4,358,232,3,5,1,1,1
142,5,336,263,3,5,1,1,1
143,1,286,186,5,5,1,1,1
143,2,405,151,4,5,1,1,1
143,3,365,227,4,5,1,1,1
143,4,358,232,3,4,1,1,1
143,5,335,263,4,4,1,1,1
144,1,286,186,5,5,1,1,1
144,2,405,151,4,5,1,1,1
144,3,365,227,4,5,1,1,1
144,4,358,232,3,4,1,1,1
144,5,335,263,4,4,1,1,1
145,1,286,186,4,5,1,1,1
145,2,405,151,4,5,1,1,1
145,3,365,227,4,5,1,1,1
145,4,358,232,3,4,1,1,1
145,5,335,263,4,4,1,1,1
146,1,286,186,4,5,1,1,1
146,2,405,151,4,5,1,1,1
146,3,365,227,4,5,1,1,1
146,4,358,232,3,4,1,1,1
146,5,335,263,4,4,1,1,1
147,1,286,186,4,5,1,1,1
147,2,405,151,4,5,1,1,1
147,3,365,227,4,5,1,1,1
147,4,358,232,3,4,1,1,1
147,5,335,262,5,5,1,1,1
148,1,286,186,4,5,1,1,1
148,2,405,151,4,5,1,1,1
148,3,365,227,4,5,1,1,1
148,4,358,232,3,4,1,1,1
148,5,335,262,5,5,1,1,1
149,1,286,186,4,5,1,1,1
149,2,405,151,5,5,1,1,1
149,3,365,227,4,5,1,1,1
149,4,358,232,3,4,1,1,1
149,5,335,262,5,5,1,1,1
150,1,286,186,4,5,1,1,1
150,2,405,151,5,5,1,1,1
150,3,365,227,4,5,1,1,1
150,4,358,232,3,4,1,1,1
150,5,335,262,5,5,1,1,1
151,1,286,186,4,5,1,1,1
151,2,405,151,4,5,1,1,1
151,3,365,227,4,5,1,1,1
151,4,358,232,3,4,1,1,1
151,5,335,262,5,5,1,1,1
152,1,286,186,4,5,1,1,1
152,2,405,151,4,5,1,1,1
152,3,365,227,4,5,1,1,1
152,4,358,232,3,4,1,1,1
152,5,335,262,5,5,1,1,1
153,1,286,186,4,5,1,1,1
153,2,405,151,4,5,1,1,1
153,3,365,227,4,5,1,1,1
153,4,358,232,3,4,1,1,1
153,5,336,262,3,5,1,1,1
154,1,286,186,4,5,1,1,1
154,2,405,151,4,5,1,1,1
154,3,365,227,4,5,1,1,1
154,4,358,232,3,4,1,1,1
154,5,336,262,3,5,1,1,1
155,1,286,186,4,5,1,1,1
155,2,405,151,5,4,1,1,1
155,3,365,227,4,5,1,1,1
155,4,358,232,3,4,1,1,1
155,5,335,262,5,4,1,1,1
156,1,286,186,4,5,1,1,1
156,2,405,151,5,4,1,1,1
156,3,365,227,4,5,1,1,1
156,4,358,232,3,4,1,1,1
156,5,335,262,5,4,1,1,1
157,1,286,186,4,4,1,1,1
157,2,405,151,5,4,1,1,1
157,3,364,227,5,5,1,1,1
157,4,358,232,4,4,1,1,1
157,5,335,262,5,4,1,1,1
158,1,286,186,4,4,1,1,1
158,2,405,151,5,4,1,1,1
158,3,364,227,5,5,1,1,1
158,4,358,232,4,4,1,1,1
158,5,335,262,5,4,1,1,1
159,1,286,185,4,5,1,1,1
159,2,405,150,5,5,1,1,1
159,3,364,227,5,5,1,1,1
159,4,358,232,4,4,1,1,1
159,5,335,262,5,4,1,1,1
160,1,286,185,4,5,1,1,1
160,2,405,150,5,5,1,1,1
160,3,364,227,5,5,1,1,1
160,4,358,232,4,4,1,1,1
160,5,335,262,5,4,1,1,1
161,1,286,185,4,5,1,1,1
161,2,405,150,5,5,1,1,1
161,3,364,227,5,5,1,1,1
161,4,358,232,4,4,1,1,1
161,5,335,262,4,4,1,1,1
162,1,286,185,4,5,1,1,1
162,2,405,150,5,5,1,1,1
162,3,364,227,5,5,1,1,1
162,4,358,232,4,4,1,1,1
162,5,335,262,4,4,1,1,1
163,1,286,185,4,5,1,1,1
163,2,405,150,5,5,1,1,1
163,3,364,227,5,5,1,1,1
163,4,358,232,4,4,1,1,1
163,5,335,261,4,5,1,1,1
164,1,286,185,4,5,1,1,1
164,2,405,150,5,5,1,1,1
164,3,364,227,5,5,1,1,1
164,4,358,232,4,4,1,1,1
164,5,335,261,4,5,1,1,1
165,1,286,185,4,5,1,1,1
165,2,405,150,5,5,1,1,1
165,3,364,227,5,5,1,1,1
165,4,357,232,5,4,1,1,1
165,5,334,261,5,5,1,1,1
165,35,630,171,8,7,1,1,1
166,1,286,185,4,5,1,1,1
166,2,405,150,5,5,1,1,1
166,3,364,227,5,5,1,1,1
166,4,357,232,5,4,1,1,1
166,5,334,261,5,5,1,1,1
166,35,630,171,8,7,1,1,1
167,1,286,185,4,5,1,1,1
167,2,406,150,4,5,1,1,1
167,3,364,227,5,5,1,1,1
167,4,357,232,5,4,1,1,1
167,5,335,261,4,5,1,1,1
167,35,630,170,8,8,1,1,1
168,1,286,185,4,5,1,1,1
168,2,406,150,4,5,1,1,1
168,3,364,227,5,5,1,1,1
168,4,357,232,5,4,1,1,1
168,5,335,261,4,5,1,1,1
168,35,630,170,8,8,1,1,1
169,1,286,185,4,5,1,1,1
169,2,406,150,4,5,1,1,1
169,3,365,227,3,5,1,1,1
169,4,357,231,5,5,1,1,1
169,5,334,261,5,5,1,1,1
170,1,286,185,4,5,1,1,1
170,2,406,150,4,5,1,1,1
170,3,365,227,3,5,1,1,1
170,4,357,231,5,5,1,1,1
170,5,334,261,5,5,1,1,1
171,1,286,185,4,5,1,1,1
171,2,406,150,4,5,1,1,1
171,3,365,227,3,5,1,1,1
171,4,357,231,5,5,1,1,1
171,5,334,261,5,4,1,1,1
172,1,286,185,4,5,1,1,1
172,2,406,150,4,5,1,1,1
172,3,365,227,3,5,1,1,1
172,4,357,231,5,5,1,1,1
172,5,334,261,5,4,1,1,1
173,1,286,185,4,5,1,1,1
173,2,406,150,4,5,1,1,1
173,3,365,227,3,4,1,1,1
173,4,357,231,5,5,1,1,1
173,5,334,260,5,5,1,1,1
174,1,286,185,4,5,1,1,1
174,2,406,150,4,5,1,1,1
174,3,365,227,3,4,1,1,1
174,4,357,231,5,5,1,1,1
174,5,334,260,5,5,1,1,1
175,1,286,185,4,5,1,1,1
175,2,406,150,4,5,1,1,1
175,3,365,227,3,4,1,1,1
175,4,357,231,5,5,1,1,1
175,5,334,260,4,5,1,1,1
176,1,286,185,4,5,1,1,1
176,2,406,150,4,5,1,1,1
176,3,365,227,3,4,1,1,1
176,4,357,231,5,5,1,1,1
176,5,334,260,4,5,1,1,1
177,1,286,185,4,4,1,1,1
177,2,406,150,4,5,1,1,1
177,3,365,227,3,4,1,1,1
177,4,357,231,5,5,1,1,1
177,5,334,260,5,5,1,1,1
177,36,345,269,4,5,1,1,1
178,1,286,185,4,4,1,1,1
178,2,406,150,4,5,1,1,1
178,3,365,227,3,4,1,1,1
178,4,357,231,5,5,1,1,1
178,5,334,260,5,5,1,1,1
178,36,345,269,4,5,1,1,1
179,1,285,185,5,4,1,1,1
179,2,406,150,4,5,1,1,1
179,3,364,227,4,4,1,1,1
179,4,357,231,5,5,1,1,1
179,5,334,259,5,5,1,1,1
179,36,347,269,3,4,1,1,1
180,1,285,185,5,4,1,1,1
180,2,406,150,4,5,1,1,1
180,3,364,227,4,4,1,1,1
180,4,357,231,5,5,1,1,1
180,5,334,259,5,5,1,1,1
180,36,347,269,3,4,1,1,1
181,1,285,185,5,4,1,1,1
181,2,406,150,4,5,1,1,1
181,3,364,227,5,4,1,1,1
181,4,357,231,5,5,1,1,1
181,5,334,259,5,5,1,1,1
181,36,348,269,3,3,1,1,1
182,1,285,185,5,4,1,1,1
182,2,406,150,4,5,1,1,1
182,3,364,227,5,4,1,1,1
182,4,357,231,5,5,1,1,1
182,5,334,259,5,5,1,1,1
182,36,348,269,3,3,1,1,1
183,1,285,185,5,4,1,1,1
183,2,406,150,4,5,1,1,1
183,3,364,227,5,4,1,1,1
183,4,357,231,5,5,1,1,1
183,5,334,259,5,5,1,1,1
183,36,349,268,3,4,1,1,1
184,1,285,185,5,4,1,1,1
184,2,406,150,4,5,1,1,1
184,3,364,227,5,4,1,1,1
184,4,357,231,5,5,1,1,1
184,5,334,259,5,5,1,1,1
184,36,349,268,3,4,1,1,1
185,1,285,184,5,5,1,1,1
185,2,406,150,4,5,1,1,1
185,3,364,226,5,5,1,1,1
185,4,357,231,5,5,1,1,1
185,5,335,259,3,5,1,1,1
185,36,350,268,3,4,1,1,1
186,1,285,184,5,5,1,1,1
186,2,406,150,4,5,1,1,1
186,3,364,226,5,5,1,1,1
186,4,357,231,5,5,1,1,1
186,5,335,259,3,5,1,1,1
186,36,350,268,3,4,1,1,1
187,1,285,184,5,5,1,1,1
187,2,406,150,4,5,1,1,1
187,3,364,226,4,5,1,1,1
187,4,357,231,5,5,1,1,1
187,5,334,259,5,5,1,1,1
187,36,351,268,3,4,1,1,1
188,1,285,184,5,5,1,1,1
188,2,406,150,4,5,1,1,1
188,3,364,226,4,5,1,1,1
188,4,357,231,5,5,1,1,1
188,5,334,259,5,5,1,1,1
188,36,351,268,3,4,1,1,1
189,1,285,184,5,5,1,1,1
189,2,405,150,6,5,1,1,1
189,3,364,226,4,5,1,1,1
189,4,357,231,5,5,1,1,1
189,5,334,258,5,5,1,1,1
189,36,352,268,3,4,1,1,1
190,1,285,184,5,5,1,1,1
190,2,405,150,6,5,1,1,1
190,3,364,226,4,5,1,1,1
190,4,357,231,5,5,1,1,1
190,5,334,258,5,5,1,1,1
190,36,352,268,3,4,1,1,1
191,1,285,184,5,5,1,1,1
191,2,405,150,6,5,1,1,1
191,3,364,226,4,5,1,1,1
191,4,357,231,5,5,1,1,1
191,5,334,258,5,5,1,1,1
191,36,353,268,3,4,1,1,1
192,1,285,184,5,5,1,1,1
192,2,405,150,6,5,1,1,1
192,3,364,226,4,5,1,1,1
192,4,357,231,5,5,1,1,1
192,5,334,258,5,5,1,1,1
192,36,353,268,3,4,1,1,1
193,1,285,184,5,5,1,1,1
193,2,406,149,4,6,1,1,1
193,3,364,226,4,5,1,1,1
193,4,358,231,3,5,1,1,1
193,5,334,258,5,5,1,1,1
194,1,285,184,5,5,1,1,1
194,2,406,149,4,6,1,1,1
194,3,364,226,4,5,1,1,1
194,4,358,231,3,5,1,1,1
194,5,334,258,5,5,1,1,1
195,1,286,184,3,5,1,1,1
195,2,406,149,4,6,1,1,1
195,3,364,226,4,5,1,1,1
195,4,358,231,3,5,1,1,1
195,5,334,258,4,5,1,1,1
196,1,286,184,3,5,1,1,1
196,2,406,149,4,6,1,1,1
196,3,364,226,4,5,1,1,1
196,4,358,231,3,5,1,1,1
196,5,334,258,4,5,1,1,1
197,1,286,184,3,4,1,1,1
197,2,406,149,4,5,1,1,1
197,3,363,226,5,5,1,1,1
197,4,358,231,3,4,1,1,1
197,5,334,258,4,5,1,1,1
198,1,286,184,3,4,1,1,1
198,2,406,149,4,5,1,1,1
198,3,363,226,5,5,1,1,1
198,4,358,231,3,4,1,1,1
198,5,334,258,4,5,1,1,1
199,1,286,184,3,4,1,1,1
199,2,406,149,4,5,1,1,1
199,3,363,226,5,5,1,1,1
199,4,358,231,3,4,1,1,1
199,5,334,258,4,5,1,1,1
199,38,483,159,5,5,1,1,1
200,1,286,184,3,4,1,1,1
200,2,406,149,4,5,1,1,1
200,3,363,226,5,5,1,1,1
200,4,358,231,3,4,1,1,1
200,5,334,258,4,5,1,1,1
200,38,483,159,5,5,1,1,1
201,1,286,184,3,4,1,1,1
201,2,406,149,4,5,1,1,1
201,3,363,226,5,5,1,1,1
201,4,358,231,3,4,1,1,1
201,5,334,258,4,4,1,1,1
201,38,485,160,4,4,1,1,1
202,1,286,184,3,4,1,1,1
202,2,406,149,4,5,1,1,1
202,3,363,226,5,5,1,1,1
202,4,358,231,3,4,1,1,1
202,5,334,258,4,4,1,1,1
202,38,485,160,4,4,1,1,1
203,1,286,184,3,4,1,1,1
203,2,406,149,4,5,1,1,1
203,3,364,226,3,5,1,1,1
203,4,358,231,3,4,1,1,1
203,5,334,258,4,4,1,1,1
203,38,486,160,5,4,1,1,1
204,1,286,184,3,4,1,1,1
204,2,406,149,4,5,1,1,1
204,3,364,226,3,5,1,1,1
204,4,358,231,3,4,1,1,1
204,5,334,258,4,4,1,1,1
204,38,486,160,5,4,1,1,1
205,1,286,184,3,4,1,1,1
205,2,406,149,4,5,1,1,1
205,3,364,226,3,4,1,1,1
205,4,358,231,3,4,1,1,1
205,5,333,258,5,4,1,1,1
205,38,487,160,5,4,1,1,1
206,1,286,184,3,4,1,1,1
206,2,406,149,4,5,1,1,1
206,3,364,226,3,4,1,1,1
206,4,358,231,3,4,1,1,1
206,5,333,258,5,4,1,1,1
206,38,487,160,5,4,1,1,1
207,1,286,184,3,4,1,1,1
207,2,406,149,4,5,1,1,1
207,3,364,226,3,4,1,1,1
207,4,358,231,3,4,1,1,1
207,5,333,257,5,5,1,1,1
207,38,489,160,4,5,1,1,1
208,1,286,184,3,4,1,1,1
208,2,406,149,4,5,1,1,1
208,3,364,226,3,4,1,1,1
208,4,358,231,3,4,1,1,1
208,5,333,257,5,5,1,1,1
208,38,489,160,4,5,1,1,1
209,1,286,184,3,4,1,1,1
209,2,406,149,4,5,1,1,1
209,3,364,226,3,4,1,1,1
209,4,358,231,3,4,1,1,1
209,5,333,257,5,5,1,1,1
209,38,490,160,5,5,1,1,1
210,1,286,184,3,4,1,1,1
210,2,406,149,4,5,1,1,1
210,3,364,226,3,4,1,1,1
210,4,358,231,3,4,1,1,1
210,5,333,257,5,5,1,1,1
210,38,490,160,5,5,1,1,1
211,1,286,184,3,4,1,1,1
211,2,406,149,4,5,1,1,1
211,3,364,226,3,4,1,1,1
211,4,357,231,5,4,1,1,1
211,5,333,257,5,5,1,1,1
211,38,491,160,5,5,1,1,1
212,1,286,184,3,4,1,1,1
212,2,406,149,4,5,1,1,1
212,3,364,226,3,4,1,1,1
212,4,357,231,5,4,1,1,1
212,5,333,257,5,5,1,1,1
212,38,491,160,5,5,1,1,1
213,1,286,184,3,4,1,1,1
213,2,406,149,4,5,1,1,1
213,3,363,226,5,4,1,1,1
213,4,357,231,5,4,1,1,1
213,5,333,257,5,5,1,1,1
213,38,493,160,4,5,1,1,1
214,1,286,184,3,4,1,1,1
214,2,406,149,4,5,1,1,1
214,3,363,226,5,4,1,1,1
214,4,357,231,5,4,1,1,1
214,5,333,257,5,5,1,1,1
214,38,493,160,4,5,1,1,1
215,1,285,184,5,4,1,1,1
215,2,406,149,4,4,1,1,1
215,3,363,226,5,4,1,1,1
215,4,357,230,5,5,1,1,1
215,5,333,257,5,5,1,1,1
215,38,494,161,4,4,1,1,1
216,1,285,184,5,4,1,1,1
216,2,406,149,4,4,1,1,1
216,3,363,226,5,4,1,1,1
216,4,357,230,5,5,1,1,1
216,5,333,257,5,5,1,1,1
216,38,494,161,4,4,1,1,1
217,1,285,184,5,4,1,1,1
217,2,406,149,4,4,1,1,1
217,3,363,225,5,5,1,1,1
217,4,357,230,4,5,1,1,1
217,5,334,257,4,5,1,1,1
217,38,495,161,5,4,1,1,1
218,1,285,184,5,4,1,1,1
218,2,406,149,4,4,1,1,1
218,3,363,225,5,5,1,1,1
218,4,357,230,4,5,1,1,1
218,5,334,257,4,5,1,1,1
218,38,495,161,5,4,1,1,1
219,1,285,183,5,5,1,1,1
219,2,405,149,6,4,1,1,1
219,3,363,225,4,5,1,1,1
219,4,357,230,4,5,1,1,1
219,5,334,257,3,5,1,1,1
220,1,285,183,5,5,1,1,1
220,2,405,149,6,4,1,1,1
220,3,363,225,4,5,1,1,1
220,4,357,230,4,5,1,1,1
220,5,334,257,3,5,1,1,1
221,1,285,183,5,5,1,1,1
221,2,405,148,6,5,1,1,1
221,3,363,225,4,5,1,1,1
221,4,357,230,4,5,1,1,1
221,5,334,257,3,4,1,1,1
222,1,285,183,5,5,1,1,1
222,2,405,148,6,5,1,1,1
222,3,363,225,4,5,1,1,1
222,4,357,230,4,5,1,1,1
222,5,334,257,3,4,1,1,1
223,1,285,183,5,5,1,1,1
223,2,405,148,5,5,1,1,1
223,3,363,225,4,5,1,1,1
223,4,357,230,4,5,1,1,1
223,5,333,257,5,4,1,1,1
224,1,285,183,5,5,1,1,1
224,2,405,148,5,5,1,1,1
224,3,363,225,4,5,1,1,1
224,4,357,230,4,5,1,1,1
224,5,333,257,5,4,1,1,1
225,1,285,183,5,5,1,1,1
225,2,405,148,5,5,1,1,1
225,3,362,225,5,5,1,1,1
225,4,357,230,4,5,1,1,1
225,5,333,257,4,4,1,1,1
226,1,285,183,5,5,1,1,1
226,2,405,148,5,5,1,1,1
226,3,362,225,5,5,1,1,1
226,4,357,230,4,5,1,1,1
226,5,333,257,4,4,1,1,1
227,1,285,183,5,5,1,1,1
227,2,405,148,5,5,1,1,1
227,3,362,225,5,5,1,1,1
227,4,357,230,4,5,1,1,1
227,5,334,256,3,5,1,1,1
228,1,285,183,5,5,1,1,1
228,2,405,148,5,5,1,1,1
228,3,362,225,5,5,1,1,1
228,4,357,230,4,5,1,1,1
228,5,334,256,3,5,1,1,1
229,1,285,183,4,5,1,1,1
229,2,405,148,5,5,1,1,1
229,3,363,225,3,5,1,1,1
229,4,357,230,4,5,1,1,1
229,5,334,256,3,4,1,1,1
230,1,285,183,4,5,1,1,1
230,2,405,148,5,5,1,1,1
230,3,363,225,3,5,1,1,1
230,4,357,230,4,5,1,1,1
230,5,334,256,3,4,1,1,1
231,1,285,183,5,5,1,1,1
231,2,405,148,5,5,1,1,1
231,3,363,225,3,4,1,1,1
231,4,356,230,5,5,1,1,1
231,5,334,256,3,4,1,1,1
232,1,285,183,5,5,1,1,1
232,2,405,148,5,5,1,1,1
232,3,363,225,3,4,1,1,1
232,4,356,230,5,5,1,1,1
232,5,334,256,3,4,1,1,1
233,1,285,183,5,5,1,1,1
233,2,405,148,5,5,1,1,1
233,3,363,225,3,4,1,1,1
233,4,356,230,5,5,1,1,1
233,5,333,256,4,4,1,1,1
233,40,634,126,5,7,1,1,1
233,41,578,160,5,6,1,1,1
234,1,285,183,5,5,1,1,1
234,2,405,148,5,5,1,1,1
234,3,363,225,3,4,1,1,1
234,4,356,230,5,5,1,1,1
234,5,333,256,4,4,1,1,1
234,40,634,126,5,7,1,1,1
234,41,578,160,5,6,1,1,1
235,1,285,183,4,5,1,1,1
235,2,405,148,5,5,1,1,1
235,3,363,225,3,4,1,1,1
235,4,356,230,5,5,1,1,1
235,5,333,256,4,4,1,1,1
235,40,634,126,5,7,1,1,1
235,41,579,159,5,6,1,1,1
236,1,285,183,4,5,1,1,1
236,2,405,148,5,5,1,1,1
236,3,363,225,3,4,1,1,1
236,4,356,230,5,5,1,1,1
236,5,333,256,4,4,1,1,1
236,40,634,126,5,7,1,1,1
236,41,579,159,5,6,1,1,1
237,1,285,183,4,5,1,1,1
237,2,405,148,5,5,1,1,1
237,3,363,225,3,4,1,1,1
237,4,356,230,5,5,1,1,1
237,5,333,256,4,4,1,1,1
237,40,635,126,4,7,1,1,1
237,41,580,159,4,6,1,1,1
238,1,285,183,4,5,1,1,1
238,2,405,148,5,5,1,1,1
238,3,363,225,3,4,1,1,1
238,4,356,230,5,5,1,1,1
238,5,333,256,4,4,1,1,1
238,40,635,126,4,7,1,1,1
238,41,580,159,4,6,1,1,1
239,1,285,183,4,5,1,1,1
239,2,405,148,5,5,1,1,1
239,3,363,225,3,4,1,1,1
239,4,356,230,5,5,1,1,1
239,5,333,255,4,5,1,1,1
240,1,285,183,4,5,1,1,1
240,2,405,148,5,5,1,1,1
240,3,363,225,3,4,1,1,1
240,4,356,230,5,5,1,1,1
240,5,333,255,4,5,1,1,1
241,1,285,183,4,5,1,1,1
241,2,405,148,4,5,1,1,1
241,3,363,225,3,4,1,1,1
241,4,357,230,3,5,1,1,1
241,5,333,255,4,5,1,1,1
242,1,285,183,4,5,1,1,1
242,2,405,148,4,5,1,1,1
242,3,363,225,3,4,1,1,1
242,4,357,230,3,5,1,1,1
242,5,333,255,4,5,1,1,1
243,1,285,183,4,5,1,1,1
243,2,405,148,4,5,1,1,1
243,3,363,225,3,4,1,1,1
243,4,357,230,3,5,1,1,1
243,5,333,255,4,5,1,1,1
244,1,285,183,4,5,1,1,1
244,2,405,148,4,5,1,1,1
244,3,363,225,3,4,1,1,1
244,4,357,230,3,5,1,1,1
244,5,333,255,4,5,1,1,1
245,1,285,183,4,5,1,1,1
245,2,405,148,4,5,1,1,1
245,3,363,225,3,4,1,1,1
245,4,356,230,5,5,1,1,1
245,5,332,255,5,5,1,1,1
246,1,285,183,4,5,1,1,1
246,2,405,148,4,5,1,1,1
246,3,363,225,3,4,1,1,1
246,4,356,230,5,5,1,1,1
246,5,332,255,5,5,1,1,1
247,1,285,183,4,5,1,1,1
247,2,405,148,4,5,1,1,1
247,3,363,225,3,4,1,1,1
247,4,357,230,3,5,1,1,1
247,5,333,255,5,4,1,1,1
248,1,285,183,4,5,1,1,1
248,2,405,148,4,5,1,1,1
248,3,363,225,3,4,1,1,1
248,4,357,230,3,5,1,1,1
248,5,333,255,5,4,1,1,1
249,1,284,183,5,5,1,1,1
249,2,404,148,5,5,1,1,1
249,3,363,225,3,4,1,1,1
249,4,357,230,3,5,1,1,1
249,5,333,254,5,5,1,1,1
250,1,284,183,5,5,1,1,1
250,2,404,148,5,5,1,1,1
250,3,363,225,3,4,1,1,1
250,4,357,230,3,5,1,1,1
250,5,333,254,5,5,1,1,1
251,1,284,183,5,5,1,1,1
251,2,404,148,5,5,1,1,1
251,3,363,225,3,4,1,1,1
251,4,357,230,3,4,1,1,1
251,5,332,254,5,5,1,1,1
252,1,284,183,5,5,1,1,1
252,2,404,148,5,5,1,1,1
252,3,363,225,3,4,1,1,1
252,4,357,230,3,4,1,1,1
252,5,332,254,5,5,1,1,1
253,1,285,183,4,5,1,1,1
253,2,404,148,5,5,1,1,1
253,3,362,225,5,4,1,1,1
253,4,357,230,3,4,1,1,1
253,5,332,254,5,5,1,1,1
254,1,285,183,4,5,1,1,1
254,2,404,148,5,5,1,1,1
254,3,362,225,5,4,1,1,1
254,4,357,230,3,4,1,1,1
254,5,332,254,5,5,1,1,1
255,1,285,183,4,5,1,1,1
255,2,404,148,4,5,1,1,1
255,3,362,225,5,4,1,1,1
255,4,357,230,3,4,1,1,1
255,5,332,254,5,5,1,1,1
256,1,285,183,4,5,1,1,1
256,2,404,148,4,5,1,1,1
256,3,362,225,5,4,1,1,1
256,4,357,230,3,4,1,1,1
256,5,332,254,5,5,1,1,1
257,1,285,183,4,5,1,1,1
257,2,405,148,3,5,1,1,1
257,3,362,224,5,5,1,1,1
257,4,357,230,3,4,1,1,1
257,5,332,254,5,5,1,1,1
257,45,595,157,6,5,1,1,1
258,1,285,183,4,5,1,1,1
258,2,405,148,3,5,1,1,1
258,3,362,224,5,5,1,1,1
258,4,357,230,3,4,1,1,1
258,5,332,254,5,5,1,1,1
258,45,595,157,6,5,1,1,1
259,1,285,183,4,5,1,1,1
259,2,405,148,3,4,1,1,1
259,3,362,224,5,5,1,1,1
259,4,357,230,3,4,1,1,1
259,5,332,254,5,5,1,1,1
259,45,596,157,6,6,1,1,1
260,1,285,183,4,5,1,1,1
260,2,405,148,3,4,1,1,1
260,3,362,224,5,5,1,1,1
260,4,357,230,3,4,1,1,1
260,5,332,254,5,5,1,1,1
260,45,596,157,6,6,1,1,1
261,1,285,183,4,5,1,1,1
261,2,405,148,3,4,1,1,1
261,3,361,224,5,5,1,1,1
261,4,357,230,3,4,1,1,1
261,5,333,254,4,5,1,1,1
262,1,285,183,4,5,1,1,1
262,2,405,148,3,4,1,1,1
262,3,361,224,5,5,1,1,1
262,4,357,230,3,4,1,1,1
262,5,333,254,4,5,1,1,1
263,1,285,183,4,5,1,1,1
263,2,404,148,4,4,1,1,1
263,3,361,224,5,5,1,1,1
263,4,356,230,4,4,1,1,1
263,5,333,254,4,5,1,1,1
264,1,285,183,4,5,1,1,1
264,2,404,148,4,4,1,1,1
264,3,361,224,5,5,1,1,1
264,4,356,230,4,4,1,1,1
264,5,333,254,4,5,1,1,1
265,1,285,183,4,5,1,1,1
265,2,404,148,4,4,1,1,1
265,3,361,224,5,5,1,1,1
265,4,356,230,4,4,1,1,1
265,5,333,254,4,5,1,1,1
266,1,285,183,4,5,1,1,1
266,2,404,148,4,4,1,1,1
266,3,361,224,5,5,1,1,1
266,4,356,230,4,4,1,1,1
266,5,333,254,4,5,1,1,1
267,1,285,183,4,5,1,1,1
267,2,404,148,4,4,1,1,1
267,3,362,224,3,5,1,1,1
267,4,356,230,4,4,1,1,1
267,5,332,254,5,4,1,1,1
268,1,285,183,4,5,1,1,1
268,2,404,148,4,4,1,1,1
268,3,362,224,3,5,1,1,1
268,4,356,230,4,4,1,1,1
268,5,332,254,5,4,1,1,1
269,1,285,183,4,5,1,1,1
269,2,404,148,4,4,1,1,1
269,3,362,224,3,4,1,1,1
269,4,356,229,4,5,1,1,1
269,5,332,253,5,5,1,1,1
270,1,285,183,4,5,1,1,1
270,2,404,148,4,4,1,1,1
270,3,362,224,3,4,1,1,1
270,4,356,229,4,5,1,1,1
270,5,332,253,5,5,1,1,1
271,1,285,183,4,5,1,1,1
271,2,403,148,5,4,1,1,1
271,3,362,224,3,4,1,1,1
271,4,355,229,5,5,1,1,1
271,5,332,253,5,5,1,1,1
272,1,285,183,4,5,1,1,1
272,2,403,148,5,4,1,1,1
272,3,362,224,3,4,1,1,1
272,4,355,229,5,5,1,1,1
272,5,332,253,5,5,1,1,1
273,1,285,183,4,5,1,1,1
273,2,403,148,4,4,1,1,1
273,3,362,224,3,4,1,1,1
273,4,355,229,5,5,1,1,1
273,5,332,253,5,5,1,1,1
274,1,285,183,4,5,1,1,1
274,2,403,148,4,4,1,1,1
274,3,362,224,3,4,1,1,1
274,4,355,229,5,5,1,1,1
274,5,332,253,5,5,1,1,1
275,1,285,183,4,5,1,1,1
275,2,403,148,4,4,1,1,1
275,3,362,224,3,4,1,1,1
275,4,355,229,5,5,1,1,1
275,5,332,253,5,5,1,1,1
275,35,609,155,6,5,1,1,1
276,1,285,183,4,5,1,1,1
276,2,403,148,4,4,1,1,1
276,3,362,224,3,4,1,1,1
276,4,355,229,5,5,1,1,1
276,5,332,253,5,5,1,1,1
276,35,609,155,6,5,1,1,1
277,1,285,183,4,5,1,1,1
277,2,403,148,4,4,1,1,1
277,3,362,224,3,4,1,1,1
277,4,355,229,5,5,1,1,1
277,5,333,253,3,5,1,1,1
277,35,609,154,5,5,1,1,1
278,1,285,183,4,5,1,1,1
278,2,403,148,4,4,1,1,1
278,3,362,224,3,4,1,1,1
278,4,355,229,5,5,1,1,1
278,5,333,253,3,5,1,1,1
278,35,609,154,5,5,1,1,1
279,1,285,183,4,5,1,1,1
279,2,403,148,4,4,1,1,1
279,3,362,224,3,4,1,1,1
279,4,355,229,5,5,1,1,1
279,5,332,253,5,4,1,1,1
279,35,611,154,7,5,1,1,1
280,1,285,183,4,5,1,1,1
280,2,403,148,4,4,1,1,1
280,3,362,224,3,4,1,1,1
280,4,355,229,5,5,1,1,1
280,5,332,253,5,4,1,1,1
280,35,611,154,7,5,1,1,1
281,1,285,183,4,5,1,1,1
281,2,403,148,4,4,1,1,1
281,3,362,224,3,4,1,1,1
281,4,355,229,5,5,1,1,1
281,5,332,253,5,4,1,1,1
281,35,611,153,7,6,1,1,1
282,1,285,183,4,5,1,1,1
282,2,403,148,4,4,1,1,1
282,3,362,224,3,4,1,1,1
282,4,355,229,5,5,1,1,1
282,5,332,253,5,4,1,1,1
282,35,611,153,7,6,1,1,1
283,1,285,183,4,5,1,1,1
283,2,403,148,4,4,1,1,1
283,3,362,224,3,4,1,1,1
283,4,355,229,5,5,1,1,1
283,5,332,252,5,5,1,1,1
284,1,285,183,4,5,1,1,1
284,2,403,148,4,4,1,1,1
284,3,362,224,3,4,1,1,1
284,4,355,229,5,5,1,1,1
284,5,332,252,5,5,1,1,1
285,1,285,183,4,5,1,1,1
285,2,403,148,4,4,1,1,1
285,3,361,224,5,4,1,1,1
285,4,355,229,5,5,1,1,1
285,5,332,252,5,5,1,1,1
285,49,617,154,5,5,1,1,1
286,1,285,183,4,5,1,1,1
286,2,403,148,4,4,1,1,1
286,3,361,224,5,4,1,1,1
286,4,355,229,5,5,1,1,1
286,5,332,252,5,5,1,1,1
286,49,617,154,5,5,1,1,1
287,1,285,183,4,5,1,1,1
287,2,402,148,5,4,1,1,1
287,3,361,224,5,4,1,1,1
287,4,355,229,5,5,1,1,1
287,5,332,252,5,5,1,1,1
287,49,618,153,6,6,1,1,1
288,1,285,183,4,5,1,1,1
288,2,402,148,5,4,1,1,1
288,3,361,224,5,4,1,1,1
288,4,355,229,5,5,1,1,1
288,5,332,252,5,5,1,1,1
288,49,618,153,6,6,1,1,1
289,1,285,183,4,5,1,1,1
289,2,402,148,5,4,1,1,1
289,3,361,223,5,5,1,1,1
289,4,355,229,5,5,1,1,1
289,5,332,252,4,5,1,1,1
289,49,618,152,6,7,1,1,1
290,1,285,183,4,5,1,1,1
290,2,402,148,5,4,1,1,1
290,3,361,223,5,5,1,1,1
290,4,355,229,5,5,1,1,1
290,5,332,252,4,5,1,1,1
290,49,618,152,6,7,1,1,1
291,1,285,183,4,5,1,1,1
291,2,402,147,5,5,1,1,1
291,3,361,223,5,5,1,1,1
291,4,355,229,5,5,1,1,1
291,5,332,252,4,5,1,1,1
292,1,285,183,4,5,1,1,1
292,2,402,147,5,5,1,1,1
292,3,361,223,5,5,1,1,1
292,4,355,229,5,5,1,1,1
292,5,332,252,4,5,1,1,1
293,1,285,183,4,5,1,1,1
293,2,402,147,5,5,1,1,1
293,3,361,223,4,5,1,1,1
293,4,355,229,5,5,1,1,1
293,5,332,252,4,4,1,1,1
293,50,623,153,4,5,1,1,1
294,1,285,183,4,5,1,1,1
294,2,402,147,5,5,1,1,1
294,3,361,223,4,5,1,1,1
294,4,355,229,5,5,1,1,1
294,5,332,252,4,4,1,1,1
294,50,623,153,4,5,1,1,1
295,1,285,184,4,4,1,1,1
295,2,402,147,5,5,1,1,1
295,3,361,223,4,5,1,1,1
295,4,356,229,3,5,1,1,1
295,5,332,252,4,4,1,1,1
295,50,624,152,5,6,1,1,1
296,1,285,184,4,4,1,1,1
296,2,402,147,5,5,1,1,1
296,3,361,223,4,5,1,1,1
296,4,356,229,3,5,1,1,1
296,5,332,252,4,4,1,1,1
296,50,624,152,5,6,1,1,1
297,1,285,184,4,4,1,1,1
297,2,402,147,5,5,1,1,1
297,3,361,223,4,5,1,1,1
297,4,355,229,5,5,1,1,1
297,5,332,252,4,4,1,1,1
297,50,626,151,5,7,1,1,1
298,1,285,184,4,4,1,1,1
298,2,402,147,5,5,1,1,1
298,3,361,223,4,5,1,1,1
298,4,355,229,5,5,1,1,1
298,5,332,252,4,4,1,1,1
298,50,626,151,5,7,1,1,1
299,1,285,185,4,3,1,1,1
299,2,402,147,5,5,1,1,1
299,3,361,223,3,4,1,1,1
299,4,355,229,4,5,1,1,1
299,5,332,252,4,4,1,1,1
299,50,627,151,5,7,1,1,1
300,1,285,185,4,3,1,1,1
300,2,402,147,5,5,1,1,1
300,3,361,223,3,4,1,1,1
300,4,355,229,4,5,1,1,1
300,5,332,252,4,4,1,1,1
300,50,627,151,5,7,1,1,1
301,1,285,185,4,3,1,1,1
301,2,402,147,5,5,1,1,1
301,3,361,223,3,4,1,1,1
301,4,355,229,4,5,1,1,1
301,5,332,251,4,5,1,1,1
301,50,629,151,5,6,1,1,1
302,1,285,185,4,3,1,1,1
302,2,402,147,5,5,1,1,1
302,3,361,223,3,4,1,1,1
302,4,355,229,4,5,1,1,1
302,5,332,251,4,5,1,1,1
302,50,629,151,5,6,1,1,1
303,1,285,185,4,3,1,1,1
303,2,402,147,5,5,1,1,1
303,3,361,223,3,4,1,1,1
303,4,354,229,5,5,1,1,1
303,5,332,251,4,5,1,1,1
303,50,630,151,5,6,1,1,1
304,1,285,185,4,3,1,1,1
304,2,402,147,5,5,1,1,1
304,3,361,223,3,4,1,1,1
304,4,354,229,5,5,1,1,1
304,5,332,251,4,5,1,1,1
304,50,630,151,5,6,1,1,1
305,1,285,185,4,3,1,1,1
305,2,402,147,5,5,1,1,1
305,3,361,223,3,4,1,1,1
305,4,354,229,5,6,1,1,1
305,5,332,251,4,5,1,1,1
305,50,632,151,5,5,1,1,1
306,1,285,185,4,3,1,1,1
306,2,402,147,5,5,1,1,1
306,3,361,223,3,4,1,1,1
306,4,354,229,5,6,1,1,1
306,5,332,251,4,5,1,1,1
306,50,632,151,5,5,1,1,1
307,1,285,185,5,3,1,1,1
307,2,402,147,4,5,1,1,1
307,3,361,223,3,4,1,1,1
307,4,354,229,5,6,1,1,1
307,5,332,251,4,4,1,1,1
307,50,633,150,5,6,1,1,1
308,1,285,185,5,3,1,1,1
308,2,402,147,4,5,1,1,1
308,3,361,223,3,4,1,1,1
308,4,354,229,5,6,1,1,1
308,5,332,251,4,4,1,1,1
308,50,633,150,5,6,1,1,1
309,1,285,185,5,3,1,1,1
309,2,402,147,4,5,1,1,1
309,3,361,223,3,4,1,1,1
309,4,355,229,3,5,1,1,1
309,5,332,251,4,4,1,1,1
309,50,635,150,4,6,1,1,1
310,1,285,185,5,3,1,1,1
310,2,402,147,4,5,1,1,1
310,3,361,223,3,4,1,1,1
310,4,355,229,3,5,1,1,1
310,5,332,251,4,4,1,1,1
310,50,635,150,4,6,1,1,1
311,1,285,185,5,3,1,1,1
311,2,402,147,4,5,1,1,1
311,3,360,223,5,4,1,1,1
311,4,355,229,3,5,1,1,1
311,5,331,251,5,4,1,1,1
312,1,285,185,5,3,1,1,1
312,2,402,147,4,5,1,1,1
312,3,360,223,5,4,1,1,1
312,4,355,229,3,5,1,1,1
312,5,331,251,5,4,1,1,1
313,1,285,185,5,3,1,1,1
313,2,401,147,5,5,1,1,1
313,3,360,223,5,4,1,1,1
313,4,355,229,3,5,1,1,1
313,5,331,251,6,4,1,1,1
314,1,285,185,5,3,1,1,1
314,2,401,147,5,5,1,1,1
314,3,360,223,5,4,1,1,1
314,4,355,229,3,5,1,1,1
314,5,331,251,6,4,1,1,1
315,1,285,185,5,3,1,1,1
315,2,402,147,4,5,1,1,1
315,3,360,222,5,5,1,1,1
315,4,355,229,3,4,1,1,1
315,5,331,250,6,5,1,1,1
316,1,285,185,5,3,1,1,1
316,2,402,147,4,5,1,1,1
316,3,360,222,5,5,1,1,1
316,4,355,229,3,4,1,1,1
316,5,331,250,6,5,1,1,1
317,1,285,185,5,3,1,1,1
317,2,401,147,5,5,1,1,1
317,3,360,223,5,4,1,1,1
317,4,355,229,3,4,1,1,1
317,5,331,250,6,5,1,1,1
318,1,285,185,5,3,1,1,1
318,2,401,147,5,5,1,1,1
318,3,360,223,5,4,1,1,1
318,4,355,229,3,4,1,1,1
318,5,331,250,6,5,1,1,1
319,1,285,185,5,4,1,1,1
319,2,401,147,5,5,1,1,1
319,3,360,223,5,4,1,1,1
319,4,355,229,3,4,1,1,1
319,5,331,250,6,5,1,1,1
320,1,285,185,5,4,1,1,1
320,2,401,147,5,5,1,1,1
320,3,360,223,5,4,1,1,1
320,4,355,229,3,4,1,1,1
320,5,331,250,6,5,1,1,1
321,1,285,185,5,4,1,1,1
321,2,401,147,5,5,1,1,1
321,3,360,223,4,4,1,1,1
321,4,355,229,3,4,1,1,1
321,5,331,250,6,5,1,1,1
322,1,285,185,5,4,1,1,1
322,2,401,147,5,5,1,1,1
322,3,360,223,4,4,1,1,1
322,4,355,229,3,4,1,1,1
322,5,331,250,6,5,1,1,1
323,1,285,185,5,4,1,1,1
323,2,401,147,5,5,1,1,1
323,3,360,222,4,5,1,1,1
323,4,355,229,3,4,1,1,1
323,5,331,250,5,5,1,1,1
324,1,285,185,5,4,1,1,1
324,2,401,147,5,5,1,1,1
324,3,360,222,4,5,1,1,1
324,4,355,229,3,4,1,1,1
324,5,331,250,5,5,1,1,1
325,1,285,185,5,5,1,1,1
325,2,401,147,5,5,1,1,1
325,3,360,222,4,5,1,1,1
325,4,355,229,3,4,1,1,1
325,5,331,250,5,5,1,1,1
326,1,285,185,5,5,1,1,1
326,2,401,147,5,5,1,1,1
326,3,360,222,4,5,1,1,1
326,4,355,229,3,4,1,1,1
326,5,331,250,5,5,1,1,1
327,1,285,185,5,5,1,1,1
327,2,401,147,5,5,1,1,1
327,3,360,222,4,5,1,1,1
327,4,355,229,3,4,1,1,1
327,5,332,250,4,4,1,1,1
328,1,285,185,5,5,1,1,1
328,2,401,147,5,5,1,1,1
328,3,360,222,4,5,1,1,1
328,4,355,229,3,4,1,1,1
328,5,332,250,4,4,1,1,1
329,1,285,185,5,5,1,1,1
329,2,401,147,5,5,1,1,1
329,3,360,222,4,4,1,1,1
329,4,354,229,5,5,1,1,1
329,5,331,250,5,4,1,1,1
330,1,285,185,5,5,1,1,1
330,2,401,147,5,5,1,1,1
330,3,360,222,4,4,1,1,1
330,4,354,229,5,5,1,1,1
330,5,331,250,5,4,1,1,1
331,1,285,185,5,5,1,1,1
331,2,401,147,5,5,1,1,1
331,3,360,222,4,5,1,1,1
331,4,354,229,4,5,1,1,1
331,5,331,250,6,4,1,1,1
332,1,285,185,5,5,1,1,1
332,2,401,147,5,5,1,1,1
332,3,360,222,4,5,1,1,1
332,4,354,229,4,5,1,1,1
332,5,331,250,6,4,1,1,1
333,1,285,185,5,5,1,1,1
333,2,401,147,5,5,1,1,1
333,3,360,222,4,5,1,1,1
333,4,354,229,5,5,1,1,1
333,5,331,249,6,5,1,1,1
334,1,285,185,5,5,1,1,1
334,2,401,147,5,5,1,1,1
334,3,360,222,4,5,1,1,1
334,4,354,229,5,5,1,1,1
334,5,331,249,6,5,1,1,1
335,1,285,185,5,5,1,1,1
335,2,401,147,5,5,1,1,1
335,3,359,222,5,5,1,1,1
335,4,354,229,5,6,1,1,1
335,5,331,249,6,5,1,1,1
336,1,285,185,5,5,1,1,1
336,2,401,147,5,5,1,1,1
336,3,359,222,5,5,1,1,1
336,4,354,229,5,6,1,1,1
336,5,331,249,6,5,1,1,1
337,1,285,185,4,5,1,1,1
337,2,401,147,4,5,1,1,1
337,3,359,222,5,5,1,1,1
337,4,354,229,4,6,1,1,1
337,5,331,249,6,5,1,1,1
338,1,285,185,4,5,1,1,1
338,2,401,147,4,5,1,1,1
338,3,359,222,5,5,1,1,1
338,4,354,229,4,6,1,1,1
338,5,331,249,6,5,1,1,1
339,1,285,186,4,4,1,1,1
339,2,401,147,4,5,1,1,1
339,3,360,222,4,5,1,1,1
339,4,354,229,4,5,1,1,1
339,5,331,249,5,5,1,1,1
340,1,285,186,4,4,1,1,1
340,2,401,147,4,5,1,1,1
340,3,360,222,4,5,1,1,1
340,4,354,229,4,5,1,1,1
340,5,331,249,5,5,1,1,1
341,1,285,186,5,5,1,1,1
341,2,401,147,4,5,1,1,1
341,3,360,222,4,5,1,1,1
341,4,354,229,4,5,1,1,1
341,5,331,249,5,5,1,1,1
342,1,285,186,5,5,1,1,1
342,2,401,147,4,5,1,1,1
342,3,360,222,4,5,1,1,1
342,4,354,229,4,5,1,1,1
342,5,331,249,5,5,1,1,1
343,1,285,186,4,5,1,1,1
343,2,400,147,5,5,1,1,1
343,3,359,222,5,4,1,1,1
343,4,354,229,4,5,1,1,1
343,5,331,249,5,5,1,1,1
344,1,285,186,4,5,1,1,1
344,2,400,147,5,5,1,1,1
344,3,359,222,5,4,1,1,1
344,4,354,229,4,5,1,1,1
344,5,331,249,5,5,1,1,1
345,1,285,186,4,5,1,1,1
345,2,401,148,3,4,1,1,1
345,3,359,221,5,5,1,1,1
345,4,354,229,4,5,1,1,1
345,5,331,249,6,5,1,1,1
346,1,285,186,4,5,1,1,1
346,2,401,148,3,4,1,1,1
346,3,359,221,5,5,1,1,1
346,4,354,229,4,5,1,1,1
346,5,331,249,6,5,1,1,1
347,1,285,186,4,5,1,1,1
347,2,401,148,4,4,1,1,1
347,3,359,221,6,5,1,1,1
347,4,354,229,4,5,1,1,1
347,5,331,249,6,5,1,1,1
348,1,285,186,4,5,1,1,1
348,2,401,148,4,4,1,1,1
348,3,359,221,6,5,1,1,1
348,4,354,229,4,5,1,1,1
348,5,331,249,6,5,1,1,1
349,1,285,186,4,5,1,1,1
349,2,400,149,5,4,1,1,1
349,3,359,221,5,5,1,1,1
349,4,354,229,4,5,1,1,1
349,5,331,248,5,6,1,1,1
350,1,285,186,4,5,1,1,1
350,2,400,149,5,4,1,1,1
350,3,359,221,5,5,1,1,1
350,4,354,229,4,5,1,1,1
350,5,331,248,5,6,1,1,1
351,1,285,186,4,5,1,1,1
351,2,400,149,5,4,1,1,1
351,3,359,221,5,5,1,1,1
351,4,354,229,4,5,1,1,1
351,5,331,248,5,6,1,1,1
352,1,285,186,4,5,1,1,1
352,2,400,149,5,4,1,1,1
352,3,359,221,5,5,1,1,1
352,4,354,229,4,5,1,1,1
352,5,331,248,5,6,1,1,1
353,1,285,186,4,5,1,1,1
353,2,400,149,5,5,1,1,1
353,3,359,221,5,5,1,1,1
353,4,354,229,3,5,1,1,1
353,5,331,248,5,5,1,1,1
354,1,285,186,4,5,1,1,1
354,2,400,149,5,5,1,1,1
354,3,359,221,5,5,1,1,1
354,4,354,229,3,5,1,1,1
354,5,331,248,5,5,1,1,1
355,1,285,186,4,5,1,1,1
355,2,400,149,5,5,1,1,1
355,3,359,221,5,5,1,1,1
355,4,354,229,3,4,1,1,1
355,5,331,248,5,5,1,1,1
356,1,285,186,4,5,1,1,1
356,2,400,149,5,5,1,1,1
356,3,359,221,5,5,1,1,1
356,4,354,229,3,4,1,1,1
356,5,331,248,5,5,1,1,1
357,1,285,186,5,5,1,1,1
357,2,400,149,5,5,1,1,1
357,3,359,221,5,5,1,1,1
357,4,354,229,3,4,1,1,1
357,5,331,248,5,5,1,1,1
358,1,285,186,5,5,1,1,1
358,2,400,149,5,5,1,1,1
358,3,359,221,5,5,1,1,1
358,4,354,229,3,4,1,1,1
358,5,331,248,5,5,1,1,1
359,1,285,186,4,5,1,1,1
359,2,400,149,4,5,1,1,1
359,3,359,221,5,5,1,1,1
359,4,354,229,3,4,1,1,1
359,5,331,248,5,5,1,1,1
360,1,285,186,4,5,1,1,1
360,2,400,149,4,5,1,1,1
360,3,359,221,5,5,1,1,1
360,4,354,229,3,4,1,1,1
360,5,331,248,5,5,1,1,1
361,1,285,186,4,5,1,1,1
361,2,399,149,5,5,1,1,1
361,3,359,221,5,5,1,1,1
361,4,354,229,3,4,1,1,1
361,5,331,248,5,5,1,1,1
362,1,285,186,4,5,1,1,1
362,2,399,149,5,5,1,1,1
362,3,359,221,5,5,1,1,1
362,4,354,229,3,4,1,1,1
362,5,331,248,5,5,1,1,1
363,1,285,186,4,5,1,1,1
363,2,399,149,5,5,1,1,1
363,3,359,221,4,5,1,1,1
363,4,354,229,3,4,1,1,1
363,5,331,248,5,5,1,1,1
364,1,285,186,4,5,1,1,1
364,2,399,149,5,5,1,1,1
364,3,359,221,4,5,1,1,1
364,4,354,229,3,4,1,1,1
364,5,331,248,5,5,1,1,1
365,1,285,186,4,5,1,1,1
365,2,399,149,5,5,1,1,1
365,3,360,221,3,5,1,1,1
365,4,353,229,4,4,1,1,1
365,5,332,248,3,5,1,1,1
366,1,285,186,4,5,1,1,1
366,2,399,149,5,5,1,1,1
366,3,360,221,3,5,1,1,1
366,4,353,229,4,4,1,1,1
366,5,332,248,3,5,1,1,1
367,1,285,186,5,5,1,1,1
367,2,400,149,3,5,1,1,1
367,3,360,221,3,4,1,1,1
367,4,353,229,4,4,1,1,1
367,5,332,248,3,5,1,1,1
368,1,285,186,5,5,1,1,1
368,2,400,149,3,5,1,1,1
368,3,360,221,3,4,1,1,1
368,4,353,229,4,4,1,1,1
368,5,332,248,3,5,1,1,1
369,1,285,187,5,4,1,1,1
369,2,400,149,3,5,1,1,1
369,3,360,221,3,4,1,1,1
369,4,353,229,4,4,1,1,1
369,5,331,248,5,4,1,1,1
370,1,285,187,5,4,1,1,1
370,2,400,149,3,5,1,1,1
370,3,360,221,3,4,1,1,1
370,4,353,229,4,4,1,1,1
370,5,331,248,5,4,1,1,1
371,1,285,187,4,5,1,1,1
371,2,399,150,4,4,1,1,1
371,3,359,221,5,4,1,1,1
371,4,353,229,4,4,1,1,1
371,5,331,248,5,4,1,1,1
372,1,285,187,4,5,1,1,1
372,2,399,150,4,4,1,1,1
372,3,359,221,5,4,1,1,1
372,4,353,229,4,4,1,1,1
372,5,331,248,5,4,1,1,1
373,1,285,187,4,5,1,1,1
373,2,399,150,4,4,1,1,1
373,3,359,221,5,4,1,1,1
373,4,353,229,4,4,1,1,1
373,5,331,247,4,5,1,1,1
374,1,285,187,4,5,1,1,1
374,2,399,150,4,4,1,1,1
374,3,359,221,5,4,1,1,1
374,4,353,229,4,4,1,1,1
374,5,331,247,4,5,1,1,1
375,1,285,187,4,5,1,1,1
375,2,398,150,5,4,1,1,1
375,3,359,220,5,5,1,1,1
375,4,353,229,4,4,1,1,1
375,5,331,247,4,5,1,1,1
376,1,285,187,4,5,1,1,1
376,2,398,150,5,4,1,1,1
376,3,359,220,5,5,1,1,1
376,4,353,229,4,4,1,1,1
376,5,331,247,4,5,1,1,1
377,1,285,187,4,5,1,1,1
377,2,398,150,5,5,1,1,1
377,3,359,220,5,5,1,1,1
377,4,353,229,4,4,1,1,1
377,5,331,247,5,5,1,1,1
378,1,285,187,4,5,1,1,1
378,2,398,150,5,5,1,1,1
378,3,359,220,5,5,1,1,1
378,4,353,229,4,4,1,1,1
378,5,331,247,5,5,1,1,1
379,1,285,187,4,5,1,1,1
379,2,398,150,5,5,1,1,1
379,3,359,220,5,5,1,1,1
379,4,352,229,5,4,1,1,1
379,5,331,247,4,5,1,1,1
380,1,285,187,4,5,1,1,1
380,2,398,150,5,5,1,1,1
380,3,359,220,5,5,1,1,1
380,4,352,229,5,4,1,1,1
380,5,331,247,4,5,1,1,1
381,1,285,187,5,5,1,1,1
381,2,398,150,4,5,1,1,1
381,3,359,220,4,5,1,1,1
381,4,352,229,5,4,1,1,1
381,5,331,247,4,5,1,1,1
382,1,285,187,5,5,1,1,1
382,2,398,150,4,5,1,1,1
382,3,359,220,4,5,1,1,1
382,4,352,229,5,4,1,1,1
382,5,331,247,4,5,1,1,1
383,1,285,187,5,5,1,1,1
383,2,398,150,5,5,1,1,1
383,3,359,220,4,5,1,1,1
383,4,352,229,5,4,1,1,1
383,5,331,247,4,5,1,1,1
384,1,285,187,5,5,1,1,1
384,2,398,150,5,5,1,1,1
384,3,359,220,4,5,1,1,1
384,4,352,229,5,4,1,1,1
384,5,331,247,4,5,1,1,1
385,1,285,187,5,5,1,1,1
385,2,398,150,4,5,1,1,1
385,3,359,220,4,5,1,1,1
385,4,352,229,5,4,1,1,1
385,5,331,247,4,5,1,1,1
386,1,285,187,5,5,1,1,1
386,2,398,150,4,5,1,1,1
386,3,359,220,4,5,1,1,1
386,4,352,229,5,4,1,1,1
386,5,331,247,4,5,1,1,1
387,1,285,187,5,5,1,1,1
387,2,398,150,4,5,1,1,1
387,3,359,220,4,4,1,1,1
387,4,352,229,5,4,1,1,1
387,5,331,247,4,5,1,1,1
388,1,285,187,5,5,1,1,1
388,2,398,150,4,5,1,1,1
388,3,359,220,4,4,1,1,1
388,4,352,229,5,4,1,1,1
388,5,331,247,4,5,1,1,1
389,1,285,187,5,5,1,1,1
389,2,398,151,3,4,1,1,1
389,3,359,220,4,4,1,1,1
389,4,352,229,5,4,1,1,1
389,5,331,246,4,5,1,1,1
390,1,285,187,5,5,1,1,1
390,2,398,151,3,4,1,1,1
390,3,359,220,4,4,1,1,1
390,4,352,229,5,4,1,1,1
390,5,331,246,4,5,1,1,1
391,1,285,187,5,5,1,1,1
391,2,398,151,4,4,1,1,1
391,3,359,220,4,4,1,1,1
391,4,352,229,5,4,1,1,1
391,5,331,246,4,5,1,1,1
392,1,285,187,5,5,1,1,1
392,2,398,151,4,4,1,1,1
392,3,359,220,4,4,1,1,1
392,4,352,229,5,4,1,1,1
392,5,331,246,4,5,1,1,1
393,1,286,187,3,5,1,1,1
393,2,397,151,5,4,1,1,1
393,3,359,219,4,5,1,1,1
393,4,352,229,5,4,1,1,1
393,5,331,246,4,5,1,1,1
394,1,286,187,3,5,1,1,1
394,2,397,151,5,4,1,1,1
394,3,359,219,4,5,1,1,1
394,4,352,229,5,4,1,1,1
394,5,331,246,4,5,1,1,1
395,1,286,187,3,5,1,1,1
395,2,397,151,5,5,1,1,1
395,3,358,219,5,5,1,1,1
395,4,352,228,5,5,1,1,1
395,5,331,246,4,5,1,1,1
396,1,286,187,3,5,1,1,1
396,2,397,151,5,5,1,1,1
396,3,358,219,5,5,1,1,1
396,4,352,228,5,5,1,1,1
396,5,331,246,4,5,1,1,1
397,1,285,188,5,4,1,1,1
397,2,397,151,4,5,1,1,1
397,3,358,219,5,5,1,1,1
397,4,352,228,4,5,1,1,1
397,5,331,246,4,5,1,1,1
398,1,285,188,5,4,1,1,1
398,2,397,151,4,5,1,1,1
398,3,358,219,5,5,1,1,1
398,4,352,228,4,5,1,1,1
398,5,331,246,4,5,1,1,1
399,1,285,188,5,4,1,1,1
399,2,397,151,4,5,1,1,1
399,3,358,219,5,5,1,1,1
399,4,352,228,4,5,1,1,1
399,5,331,246,4,5,1,1,1
400,1,285,188,5,4,1,1,1
400,2,397,151,4,5,1,1,1
400,3,358,219,5,5,1,1,1
400,4,352,228,4,5,1,1,1
400,5,331,246,4,5,1,1,1
401,1,285,188,5,5,1,1,1
401,2,397,151,4,5,1,1,1
401,3,358,219,5,5,1,1,1
401,4,352,228,4,5,1,1,1
401,5,331,245,4,5,1,1,1
402,1,285,188,5,5,1,1,1
402,2,397,151,4,5,1,1,1
402,3,358,219,5,5,1,1,1
402,4,352,228,4,5,1,1,1
402,5,331,245,4,5,1,1,1
403,1,285,188,5,5,1,1,1
403,2,397,151,3,5,1,1,1
403,3,358,219,5,5,1,1,1
403,4,352,228,4,5,1,1,1
403,5,331,245,4,5,1,1,1
404,1,285,188,5,5,1,1,1
404,2,397,151,3,5,1,1,1
404,3,358,219,5,5,1,1,1
404,4,352,228,4,5,1,1,1
404,5,331,245,4,5,1,1,1
405,1,285,188,5,5,1,1,1
405,2,397,152,3,4,1,1,1
405,3,358,219,5,5,1,1,1
405,4,351,228,5,5,1,1,1
405,5,331,245,4,5,1,1,1
406,1,285,188,5,5,1,1,1
406,2,397,152,3,4,1,1,1
406,3,358,219,5,5,1,1,1
406,4,351,228,5,5,1,1,1
406,5,331,245,4,5,1,1,1
407,1,285,188,5,5,1,1,1
407,2,397,152,3,4,1,1,1
407,3,358,219,5,5,1,1,1
407,4,352,228,4,5,1,1,1
407,5,331,245,4,5,1,1,1
408,1,285,188,5,5,1,1,1
408,2,397,152,3,4,1,1,1
408,3,358,219,5,5,1,1,1
408,4,352,228,4,5,1,1,1
408,5,331,245,4,5,1,1,1
409,1,285,188,5,5,1,1,1
409,2,396,152,4,4,1,1,1
409,3,358,219,5,5,1,1,1
409,4,352,228,4,5,1,1,1
409,5,330,245,5,5,1,1,1
410,1,285,188,5,5,1,1,1
410,2,396,152,4,4,1,1,1
410,3,358,219,5,5,1,1,1
410,4,352,228,4,5,1,1,1
410,5,330,245,5,5,1,1,1
411,1,286,188,3,5,1,1,1
411,2,395,152,5,4,1,1,1
411,3,357,219,6,5,1,1,1
411,4,351,228,5,5,1,1,1
411,5,330,245,5,5,1,1,1
412,1,286,188,3,5,1,1,1
412,2,395,152,5,4,1,1,1
412,3,357,219,6,5,1,1,1
412,4,351,228,5,5,1,1,1
412,5,330,245,5,5,1,1,1
413,1,286,188,3,5,1,1,1
413,2,395,152,5,4,1,1,1
413,3,357,219,6,5,1,1,1
413,4,351,228,5,5,1,1,1
413,5,331,245,3,5,1,1,1
414,1,286,188,3,5,1,1,1
414,2,395,152,5,4,1,1,1
414,3,357,219,6,5,1,1,1
414,4,351,228,5,5,1,1,1
414,5,331,245,3,5,1,1,1
415,1,285,189,5,4,1,1,1
415,2,395,152,5,5,1,1,1
415,3,357,218,6,6,1,1,1
415,4,351,228,5,5,1,1,1
415,5,330,245,5,4,1,1,1
416,1,285,189,5,4,1,1,1
416,2,395,152,5,5,1,1,1
416,3,357,218,6,6,1,1,1
416,4,351,228,5,5,1,1,1
416,5,330,245,5,4,1,1,1
417,1,285,189,5,4,1,1,1
417,2,395,152,4,5,1,1,1
417,3,358,218,6,6,1,1,1
417,4,351,228,5,6,1,1,1
417,5,330,245,5,4,1,1,1
418,1,285,189,5,4,1,1,1
418,2,395,152,4,5,1,1,1
418,3,358,218,6,6,1,1,1
418,4,351,228,5,6,1,1,1
418,5,330,245,5,4,1,1,1
419,1,285,189,5,5,1,1,1
419,2,395,153,4,4,1,1,1
419,3,358,218,5,6,1,1,1
419,4,351,228,5,6,1,1,1
419,5,330,244,5,5,1,1,1
420,1,285,189,5,5,1,1,1
420,2,395,153,4,4,1,1,1
420,3,358,218,5,6,1,1,1
420,4,351,228,5,6,1,1,1
420,5,330,244,5,5,1,1,1
421,1,285,189,5,5,1,1,1
421,2,395,153,4,4,1,1,1
421,3,358,218,5,6,1,1,1
421,4,350,228,6,6,1,1,1
421,5,330,244,5,5,1,1,1
422,1,285,189,5,5,1,1,1
422,2,395,153,4,4,1,1,1
422,3,358,218,5,6,1,1,1
422,4,350,228,6,6,1,1,1
422,5,330,244,5,5,1,1,1
423,1,285,189,5,5,1,1,1
423,2,394,153,5,4,1,1,1
423,4,350,228,6,6,1,1,1
423,5,330,244,5,5,1,1,1
424,1,285,189,5,5,1,1,1
424,2,394,153,5,4,1,1,1
424,4,350,228,6,6,1,1,1
424,5,330,244,5,5,1,1,1
425,1,285,189,5,5,1,1,1
425,2,394,153,4,4,1,1,1
425,4,350,228,6,6,1,1,1
425,5,330,244,5,5,1,1,1
426,1,285,189,5,5,1,1,1
426,2,394,153,4,4,1,1,1
426,4,350,228,6,6,1,1,1
426,5,330,244,5,5,1,1,1
427,1,285,189,5,5,1,1,1
427,2,394,153,4,5,1,1,1
427,4,351,227,5,7,1,1,1
427,5,330,244,5,5,1,1,1
428,1,285,189,5,5,1,1,1
428,2,394,153,4,5,1,1,1
428,4,351,227,5,7,1,1,1
428,5,330,244,5,5,1,1,1
429,1,286,189,3,5,1,1,1
429,2,394,154,4,4,1,1,1
429,4,351,227,5,6,1,1,1
429,5,330,244,5,5,1,1,1
430,1,286,189,3,5,1,1,1
430,2,394,154,4,4,1,1,1
430,4,351,227,5,6,1,1,1
430,5,330,244,5,5,1,1,1
431,1,285,189,4,5,1,1,1
431,2,394,154,3,4,1,1,1
431,4,350,227,5,6,1,1,1
431,5,330,244,5,5,1,1,1
432,1,285,189,4,5,1,1,1
432,2,394,154,3,4,1,1,1
432,4,350,227,5,6,1,1,1
432,5,330,244,5,5,1,1,1
433,1,285,190,4,4,1,1,1
433,2,393,154,5,4,1,1,1
433,4,350,227,5,6,1,1,1
433,5,330,244,5,5,1,1,1
434,1,285,190,4,4,1,1,1
434,2,393,154,5,4,1,1,1
434,4,350,227,5,6,1,1,1
434,5,330,244,5,5,1,1,1
435,1,285,190,5,5,1,1,1
435,2,393,154,4,4,1,1,1
435,4,350,227,4,5,1,1,1
435,5,330,244,5,5,1,1,1
436,1,285,190,5,5,1,1,1
436,2,393,154,4,4,1,1,1
436,4,350,227,4,5,1,1,1
436,5,330,244,5,5,1,1,1
437,1,285,190,5,5,1,1,1
437,2,393,154,4,5,1,1,1
437,4,350,227,4,5,1,1,1
437,5,330,243,4,5,1,1,1
438,1,285,190,5,5,1,1,1
438,2,393,154,4,5,1,1,1
438,4,350,227,4,5,1,1,1
438,5,330,243,4,5,1,1,1
439,1,285,190,5,5,1,1,1
439,2,392,154,5,5,1,1,1
439,3,357,217,5,7,1,1,1
439,4,350,227,4,5,1,1,1
439,5,330,243,4,5,1,1,1
440,1,285,190,5,5,1,1,1
440,2,392,154,5,5,1,1,1
440,3,357,217,5,7,1,1,1
440,4,350,227,4,5,1,1,1
440,5,330,243,4,5,1,1,1
441,1,285,190,5,5,1,1,1
441,2,392,154,5,5,1,1,1
441,3,357,217,6,6,1,1,1
441,4,350,227,5,5,1,1,1
441,5,330,243,4,5,1,1,1
442,1,285,190,5,5,1,1,1
442,2,392,154,5,5,1,1,1
442,3,357,217,6,6,1,1,1
442,4,350,227,5,5,1,1,1
442,5,330,243,4,5,1,1,1
443,1,285,190,5,5,1,1,1
443,2,392,154,4,5,1,1,1
443,3,357,217,5,6,1,1,1
443,4,350,227,4,5,1,1,1
443,5,330,243,4,5,1,1,1
444,1,285,190,5,5,1,1,1
444,2,392,154,4,5,1,1,1
444,3,357,217,5,6,1,1,1
444,4,350,227,4,5,1,1,1
444,5,330,243,4,5,1,1,1
445,1,286,190,3,5,1,1,1
445,2,392,154,4,5,1,1,1
445,3,358,217,4,6,1,1,1
445,4,350,227,4,5,1,1,1
445,5,330,243,4,5,1,1,1
446,1,286,190,3,5,1,1,1
446,2,392,154,4,5,1,1,1
446,3,358,217,4,6,1,1,1
446,4,350,227,4,5,1,1,1
446,5,330,243,4,5,1,1,1
447,1,286,190,3,5,1,1,1
447,2,392,155,4,4,1,1,1
447,3,358,217,4,5,1,1,1
447,4,350,227,4,5,1,1,1
447,5,330,243,4,5,1,1,1
448,1,286,190,3,5,1,1,1
448,2,392,155,4,4,1,1,1
448,3,358,217,4,5,1,1,1
448,4,350,227,4,5,1,1,1
448,5,330,243,4,5,1,1,1
449,1,285,191,4,4,1,1,1
449,2,392,155,4,4,1,1,1
449,3,358,217,4,5,1,1,1
449,4,349,227,5,5,1,1,1
449,5,330,243,4,4,1,1,1
450,1,285,191,4,4,1,1,1
450,2,392,155,4,4,1,1,1
450,3,358,217,4,5,1,1,1
450,4,349,227,5,5,1,1,1
450,5,330,243,4,4,1,1,1
451,1,285,191,4,4,1,1,1
451,2,391,155,5,4,1,1,1
451,3,357,216,5,5,1,1,1
451,4,349,227,5,5,1,1,1
451,5,330,243,4,4,1,1,1
452,1,285,191,4,4,1,1,1
452,2,391,155,5,4,1,1,1
452,3,357,216,5,5,1,1,1
452,4,349,227,5,5,1,1,1
452,5,330,243,4,4,1,1,1
453,1,285,191,5,4,1,1,1
453,2,391,155,5,5,1,1,1
453,3,357,216,5,5,1,1,1
453,4,349,228,4,4,1,1,1
453,5,330,243,4,4,1,1,1
454,1,285,191,5,4,1,1,1
454,2,391,155,5,5,1,1,1
454,3,357,216,5,5,1,1,1
454,4,349,228,4,4,1,1,1
454,5,330,243,4,4,1,1,1
455,1,285,191,5,5,1,1,1
455,2,391,155,4,5,1,1,1
455,3,358,216,4,4,1,1,1
455,4,350,228,3,4,1,1,1
455,5,330,242,4,5,1,1,1
456,1,285,191,5,5,1,1,1
456,2,391,155,4,5,1,1,1
456,3,358,216,4,4,1,1,1
456,4,350,228,3,4,1,1,1
456,5,330,242,4,5,1,1,1
457,1,286,191,3,5,1,1,1
457,2,391,155,4,5,1,1,1
457,3,358,216,4,4,1,1,1
457,4,349,228,5,4,1,1,1
457,5,330,242,4,5,1,1,1
458,1,286,191,3,5,1,1,1
458,2,391,155,4,5,1,1,1
458,3,358,216,4,4,1,1,1
458,4,349,228,5,4,1,1,1
458,5,330,242,4,5,1,1,1
459,1,285,191,5,5,1,1,1
459,2,392,156,3,4,1,1,1
459,3,358,216,4,4,1,1,1
459,4,349,228,5,4,1,1,1
459,5,330,242,4,5,1,1,1
460,1,285,191,5,5,1,1,1
460,2,392,156,3,4,1,1,1
460,3,358,216,4,4,1,1,1
460,4,349,228,5,4,1,1,1
460,5,330,242,4,5,1,1,1
461,1,286,191,3,5,1,1,1
461,2,391,156,4,4,1,1,1
461,3,358,216,4,4,1,1,1
461,4,349,228,4,4,1,1,1
461,5,330,242,4,5,1,1,1
462,1,286,191,3,5,1,1,1
462,2,391,156,4,4,1,1,1
462,3,358,216,4,4,1,1,1
462,4,349,228,4,4,1,1,1
462,5,330,242,4,5,1,1,1
463,1,286,191,3,5,1,1,1
463,2,391,156,4,4,1,1,1
463,3,358,216,5,4,1,1,1
463,4,349,227,4,5,1,1,1
463,5,330,242,4,4,1,1,1
464,1,286,191,3,5,1,1,1
464,2,391,156,4,4,1,1,1
464,3,358,216,5,4,1,1,1
464,4,349,227,4,5,1,1,1
464,5,330,242,4,4,1,1,1
465,1,285,192,4,4,1,1,1
465,2,391,156,4,4,1,1,1
465,3,357,215,6,5,1,1,1
465,4,349,227,4,5,1,1,1
465,5,330,242,4,4,1,1,1
466,1,285,192,4,4,1,1,1
466,2,391,156,4,4,1,1,1
466,3,357,215,6,5,1,1,1
466,4,349,227,4,5,1,1,1
466,5,330,242,4,4,1,1,1
467,1,285,192,4,4,1,1,1
467,2,390,156,4,4,1,1,1
467,3,357,215,6,5,1,1,1
467,4,349,227,4,5,1,1,1
467,5,329,242,6,4,1,1,1
468,1,285,192,4,4,1,1,1
468,2,390,156,4,4,1,1,1
468,3,357,215,6,5,1,1,1
468,4,349,227,4,5,1,1,1
468,5,329,242,6,4,1,1,1
469,1,285,192,4,4,1,1,1
469,2,390,156,5,4,1,1,1
469,3,357,215,6,5,1,1,1
469,4,349,227,4,5,1,1,1
469,5,329,241,6,5,1,1,1
470,1,285,192,4,4,1,1,1
470,2,390,156,5,4,1,1,1
470,3,357,215,6,5,1,1,1
470,4,349,227,4,5,1,1,1
470,5,329,241,6,5,1,1,1
471,1,285,192,4,5,1,1,1
471,2,390,156,5,4,1,1,1
471,3,357,215,6,5,1,1,1
471,4,349,227,4,5,1,1,1
471,5,329,241,6,5,1,1,1
472,1,285,192,4,5,1,1,1
472,2,390,156,5,4,1,1,1
472,3,357,215,6,5,1,1,1
472,4,349,227,4,5,1,1,1
472,5,329,241,6,5,1,1,1
473,1,285,192,4,5,1,1,1
473,2,390,156,5,5,1,1,1
473,3,357,215,6,5,1,1,1
473,4,349,227,4,5,1,1,1
473,5,329,241,6,5,1,1,1
474,1,285,192,4,5,1,1,1
474,2,390,156,5,5,1,1,1
474,3,357,215,6,5,1,1,1
474,4,349,227,4,5,1,1,1
474,5,329,241,6,5,1,1,1
475,1,285,192,4,5,1,1,1
475,2,390,156,4,5,1,1,1
475,3,357,215,6,5,1,1,1
475,4,349,227,4,5,1,1,1
475,5,329,241,6,5,1,1,1
476,1,285,192,4,5,1,1,1
476,2,390,156,4,5,1,1,1
476,3,357,215,6,5,1,1,1
476,4,349,227,4,5,1,1,1
476,5,329,241,6,5,1,1,1
477,1,285,192,4,5,1,1,1
477,2,390,156,4,5,1,1,1
477,3,358,215,4,5,1,1,1
477,4,349,227,4,5,1,1,1
477,5,329,241,6,5,1,1,1
478,1,285,192,4,5,1,1,1
478,2,390,156,4,5,1,1,1
478,3,358,215,4,5,1,1,1
478,4,349,227,4,5,1,1,1
478,5,329,241,6,5,1,1,1
479,1,285,192,4,5,1,1,1
479,2,390,156,4,5,1,1,1
479,3,358,215,4,5,1,1,1
479,4,349,227,4,5,1,1,1
479,5,329,241,6,5,1,1,1
480,1,285,192,4,5,1,1,1
480,2,390,156,4,5,1,1,1
480,3,358,215,4,5,1,1,1
480,4,349,227,4,5,1,1,1
480,5,329,241,6,5,1,1,1
481,1,285,193,4,4,1,1,1
481,2,389,156,4,5,1,1,1
481,3,357,215,6,4,1,1,1
481,4,348,227,5,5,1,1,1
481,5,329,241,5,5,1,1,1
482,1,285,193,4,4,1,1,1
482,2,389,156,4,5,1,1,1
482,3,357,215,6,4,1,1,1
482,4,348,227,5,5,1,1,1
482,5,329,241,5,5,1,1,1
483,1,285,193,4,4,1,1,1
483,2,389,157,4,4,1,1,1
483,3,357,214,6,5,1,1,1
483,4,348,227,5,5,1,1,1
483,5,329,241,5,5,1,1,1
484,1,285,193,4,4,1,1,1
484,2,389,157,4,4,1,1,1
484,3,357,214,6,5,1,1,1
484,4,348,227,5,5,1,1,1
484,5,329,241,5,5,1,1,1
485,1,285,193,4,4,1,1,1
485,2,389,157,4,4,1,1,1
485,3,357,214,5,5,1,1,1
485,4,348,227,5,5,1,1,1
485,5,329,241,5,4,1,1,1
486,1,285,193,4,4,1,1,1
486,2,389,157,4,4,1,1,1
486,3,357,214,5,5,1,1,1
486,4,348,227,5,5,1,1,1
486,5,329,241,5,4,1,1,1
487,1,284,193,5,4,1,1,1
487,2,389,157,4,4,1,1,1
487,3,357,214,5,5,1,1,1
487,4,348,228,4,4,1,1,1
487,5,329,241,5,4,1,1,1
488,1,284,193,5,4,1,1,1
488,2,389,157,4,4,1,1,1
488,3,357,214,5,5,1,1,1
488,4,348,228,4,4,1,1,1
488,5,329,241,5,4,1,1,1
489,1,284,193,5,5,1,1,1
489,2,389,157,4,4,1,1,1
489,3,357,214,5,5,1,1,1
489,4,348,228,4,4,1,1,1
489,5,329,241,5,4,1,1,1
490,1,284,193,5,5,1,1,1
490,2,389,157,4,4,1,1,1
490,3,357,214,5,5,1,1,1
490,4,348,228,4,4,1,1,1
490,5,329,241,5,4,1,1,1
491,1,284,193,6,5,1,1,1
491,2,389,157,4,4,1,1,1
491,3,357,214,5,5,1,1,1
491,4,348,228,4,4,1,1,1
491,5,329,240,5,5,1,1,1
492,1,284,193,6,5,1,1,1
492,2,389,157,4,4,1,1,1
492,3,357,214,5,5,1,1,1
492,4,348,228,4,4,1,1,1
492,5,329,240,5,5,1,1,1
493,1,285,193,4,5,1,1,1
493,2,389,157,4,4,1,1,1
493,3,357,214,5,5,1,1,1
493,4,348,228,4,4,1,1,1
493,5,329,240,5,5,1,1,1
494,1,285,193,4,5,1,1,1
494,2,389,157,4,4,1,1,1
494,3,357,214,5,5,1,1,1
494,4,348,228,4,4,1,1,1
494,5,329,240,5,5,1,1,1
495,1,285,193,4,5,1,1,1
495,2,389,157,4,4,1,1,1
495,3,357,214,5,5,1,1,1
495,4,348,227,4,5,1,1,1
495,5,329,240,4,5,1,1,1
496,1,285,193,4,5,1,1,1
496,2,389,157,4,4,1,1,1
496,3,357,214,5,5,1,1,1
496,4,348,227,4,5,1,1,1
496,5,329,240,4,5,1,1,1
497,1,285,194,4,4,1,1,1
497,2,389,157,4,4,1,1,1
497,3,358,214,3,5,1,1,1
497,4,347,227,5,5,1,1,1
497,5,330,240,3,4,1,1,1
498,1,285,194,4,4,1,1,1
498,2,389,157,4,4,1,1,1
498,3,358,214,3,5,1,1,1
498,4,347,227,5,5,1,1,1
498,5,330,240,3,4,1,1,1
499,1,284,194,5,4,1,1,1
499,2,390,157,3,4,1,1,1
499,3,358,214,3,4,1,1,1
499,4,347,227,5,5,1,1,1
499,5,330,240,3,4,1,1,1
500,1,284,194,5,4,1,1,1
500,2,390,157,3,4,1,1,1
500,3,358,214,3,4,1,1,1
500,4,347,227,5,5,1,1,1
500,5,330,240,3,4,1,1,1
501,1,284,194,5,4,1,1,1
501,2,390,157,3,4,1,1,1
501,3,358,214,3,4,1,1,1
501,4,347,227,5,5,1,1,1
501,5,329,240,5,4,1,1,1
502,1,284,194,5,4,1,1,1
502,2,390,157,3,4,1,1,1
502,3,358,214,3,4,1,1,1
502,4,347,227,5,5,1,1,1
502,5,329,240,5,4,1,1,1
503,1,284,194,5,5,1,1,1
503,2,390,157,3,4,1,1,1
503,3,357,214,5,4,1,1,1
503,4,347,227,5,5,1,1,1
503,5,329,240,5,4,1,1,1
504,1,284,194,5,5,1,1,1
504,2,390,157,3,4,1,1,1
504,3,357,214,5,4,1,1,1
504,4,347,227,5,5,1,1,1
504,5,329,240,5,4,1,1,1
505,1,284,194,5,5,1,1,1
505,2,389,157,5,4,1,1,1
505,3,357,214,5,4,1,1,1
505,4,347,227,5,5,1,1,1
505,5,329,239,5,5,1,1,1
506,1,284,194,5,5,1,1,1
506,2,389,157,5,4,1,1,1
506,3,357,214,5,4,1,1,1
506,4,347,227,5,5,1,1,1
506,5,329,239,5,5,1,1,1
507,1,284,194,5,5,1,1,1
507,2,389,157,5,4,1,1,1
507,3,357,213,5,5,1,1,1
507,4,347,227,5,5,1,1,1
507,5,329,239,5,5,1,1,1
508,1,284,194,5,5,1,1,1
508,2,389,157,5,4,1,1,1
508,3,357,213,5,5,1,1,1
508,4,347,227,5,5,1,1,1
508,5,329,239,5,5,1,1,1
509,1,284,194,5,5,1,1,1
509,2,389,157,5,5,1,1,1
509,3,357,213,5,5,1,1,1
509,4,347,227,4,5,1,1,1
509,5,329,239,5,5,1,1,1
510,1,284,194,5,5,1,1,1
510,2,389,157,5,5,1,1,1
510,3,357,213,5,5,1,1,1
510,4,347,227,4,5,1,1,1
510,5,329,239,5,5,1,1,1
511,1,284,194,5,5,1,1,1
511,2,389,157,5,5,1,1,1
511,3,357,213,4,5,1,1,1
511,4,347,227,4,5,1,1,1
511,5,329,239,5,5,1,1,1
512,1,284,194,5,5,1,1,1
512,2,389,157,5,5,1,1,1
512,3,357,213,4,5,1,1,1
512,4,347,227,4,5,1,1,1
512,5,329,239,5,5,1,1,1
513,1,284,194,5,5,1,1,1
513,2,389,157,4,5,1,1,1
513,3,357,213,4,5,1,1,1
513,4,347,227,4,5,1,1,1
513,5,330,239,3,5,1,1,1
514,1,284,194,5,5,1,1,1
514,2,389,157,4,5,1,1,1
514,3,357,213,4,5,1,1,1
514,4,347,227,4,5,1,1,1
514,5,330,239,3,5,1,1,1
515,1,285,195,3,4,1,1,1
515,2,389,157,4,5,1,1,1
515,3,357,213,4,4,1,1,1
515,4,347,227,4,5,1,1,1
515,5,329,239,5,5,1,1,1
515,56,495,240,5,6,1,1,1
516,1,285,195,3,4,1,1,1
516,2,389,157,4,5,1,1,1
516,3,357,213,4,4,1,1,1
516,4,347,227,4,5,1,1,1
516,5,329,239,5,5,1,1,1
516,56,495,240,5,6,1,1,1
517,1,284,195,5,4,1,1,1
517,2,388,157,5,5,1,1,1
517,3,357,212,4,5,1,1,1
517,4,347,227,4,5,1,1,1
517,5,329,239,5,4,1,1,1
517,56,496,240,5,5,1,1,1
518,1,284,195,5,4,1,1,1
518,2,388,157,5,5,1,1,1
518,3,357,212,4,5,1,1,1
518,4,347,227,4,5,1,1,1
518,5,329,239,5,4,1,1,1
518,56,496,240,5,5,1,1,1
519,1,284,195,5,4,1,1,1
519,2,388,157,5,5,1,1,1
519,3,357,212,4,5,1,1,1
519,4,347,227,4,5,1,1,1
519,5,329,238,5,5,1,1,1
519,56,498,240,4,4,1,1,1
520,1,284,195,5,4,1,1,1
520,2,388,157,5,5,1,1,1
520,3,357,212,4,5,1,1,1
520,4,347,227,4,5,1,1,1
520,5,329,238,5,5,1,1,1
520,56,498,240,4,4,1,1,1
521,1,284,195,5,5,1,1,1
521,2,388,157,5,5,1,1,1
521,3,357,212,4,5,1,1,1
521,4,347,227,4,5,1,1,1
521,5,329,238,5,5,1,1,1
521,56,499,240,5,4,1,1,1
522,1,284,195,5,5,1,1,1
522,2,388,157,5,5,1,1,1
522,3,357,212,4,5,1,1,1
522,4,347,227,4,5,1,1,1
522,5,329,238,5,5,1,1,1
522,56,499,240,5,4,1,1,1
523,1,285,195,3,5,1,1,1
523,2,388,157,5,5,1,1,1
523,3,357,212,4,5,1,1,1
523,4,346,227,5,5,1,1,1
523,5,329,238,5,5,1,1,1
523,56,500,240,4,4,1,1,1
524,1,285,195,3,5,1,1,1
524,2,388,157,5,5,1,1,1
524,3,357,212,4,5,1,1,1
524,4,346,227,5,5,1,1,1
524,5,329,238,5,5,1,1,1
524,56,500,240,4,4,1,1,1
525,1,285,196,3,4,1,1,1
525,2,388,157,5,5,1,1,1
525,3,357,212,4,5,1,1,1
525,4,346,227,5,5,1,1,1
525,5,329,238,5,5,1,1,1
526,1,285,196,3,4,1,1,1
526,2,388,157,5,5,1,1,1
526,3,357,212,4,5,1,1,1
526,4,346,227,5,5,1,1,1
526,5,329,238,5,5,1,1,1
527,1,285,196,3,4,1,1,1
527,2,388,157,5,5,1,1,1
527,3,357,212,4,5,1,1,1
527,4,346,227,5,5,1,1,1
527,5,329,238,5,5,1,1,1
528,1,285,196,3,4,1,1,1
528,2,388,157,5,5,1,1,1
528,3,357,212,4,5,1,1,1
528,4,346,227,5,5,1,1,1
528,5,329,238,5,5,1,1,1
529,1,284,196,5,4,1,1,1
529,2,388,157,5,5,1,1,1
529,3,357,212,4,5,1,1,1
529,4,346,227,4,5,1,1,1
529,5,329,238,5,5,1,1,1
530,1,284,196,5,4,1,1,1
530,2,388,157,5,5,1,1,1
530,3,357,212,4,5,1,1,1
530,4,346,227,4,5,1,1,1
530,5,329,238,5,5,1,1,1
531,1,284,196,5,4,1,1,1
531,2,388,157,5,5,1,1,1
531,3,357,212,4,5,1,1,1
531,4,346,227,4,5,1,1,1
531,5,330,238,3,5,1,1,1
532,1,284,196,5,4,1,1,1
532,2,388,157,5,5,1,1,1
532,3,357,212,4,5,1,1,1
532,4,346,227,4,5,1,1,1
532,5,330,238,3,5,1,1,1
533,1,284,196,5,5,1,1,1
533,2,388,157,5,5,1,1,1
533,3,357,212,4,5,1,1,1
533,4,346,227,4,5,1,1,1
533,5,330,238,3,5,1,1,1
534,1,284,196,5,5,1,1,1
534,2,388,157,5,5,1,1,1
534,3,357,212,4,5,1,1,1
534,4,346,227,4,5,1,1,1
534,5,330,238,3,5,1,1,1
535,1,284,196,5,5,1,1,1
535,2,388,157,5,5,1,1,1
535,3,357,212,4,5,1,1,1
535,4,345,227,5,5,1,1,1
535,5,330,238,3,4,1,1,1
536,1,284,196,5,5,1,1,1
536,2,388,157,5,5,1,1,1
536,3,357,212,4,5,1,1,1
536,4,345,227,5,5,1,1,1
536,5,330,238,3,4,1,1,1
537,1,284,196,5,5,1,1,1
537,2,388,157,5,5,1,1,1
537,3,357,212,4,4,1,1,1
537,4,345,227,5,5,1,1,1
537,5,329,238,4,4,1,1,1
538,1,284,196,5,5,1,1,1
538,2,388,157,5,5,1,1,1
538,3,357,212,4,4,1,1,1
538,4,345,227,5,5,1,1,1
538,5,329,238,4,4,1,1,1
539,1,285,196,3,5,1,1,1
539,2,388,157,5,5,1,1,1
539,3,356,211,5,5,1,1,1
539,4,345,227,5,5,1,1,1
539,5,329,238,4,4,1,1,1
540,1,285,196,3,5,1,1,1
540,2,388,157,5,5,1,1,1
540,3,356,211,5,5,1,1,1
540,4,345,227,5,5,1,1,1
540,5,329,238,4,4,1,1,1
541,1,285,197,3,4,1,1,1
541,2,388,157,5,5,1,1,1
541,3,356,211,6,5,1,1,1
541,4,345,227,5,5,1,1,1
541,5,329,238,4,4,1,1,1
542,1,285,197,3,4,1,1,1
542,2,388,157,5,5,1,1,1
542,3,356,211,6,5,1,1,1
542,4,345,227,5,5,1,1,1
542,5,329,238,4,4,1,1,1
543,1,284,197,5,4,1,1,1
543,2,388,157,5,5,1,1,1
543,3,356,211,6,5,1,1,1
543,4,345,227,5,5,1,1,1
543,5,329,237,4,5,1,1,1
544,1,284,197,5,4,1,1,1
544,2,388,157,5,5,1,1,1
544,3,356,211,6,5,1,1,1
544,4,345,227,5,5,1,1,1
544,5,329,237,4,5,1,1,1
545,1,284,197,5,4,1,1,1
545,2,388,157,5,5,1,1,1
545,3,356,211,6,5,1,1,1
545,4,345,227,4,5,1,1,1
545,5,329,237,4,5,1,1,1
546,1,284,197,5,4,1,1,1
546,2,388,157,5,5,1,1,1
546,3,356,211,6,5,1,1,1
546,4,345,227,4,5,1,1,1
546,5,329,237,4,5,1,1,1
547,1,284,197,5,5,1,1,1
547,2,388,157,5,5,1,1,1
547,3,357,211,4,5,1,1,1
547,4,345,227,4,5,1,1,1
547,5,329,237,4,5,1,1,1
548,1,284,197,5,5,1,1,1
548,2,388,157,5,5,1,1,1
548,3,357,211,4,5,1,1,1
548,4,345,227,4,5,1,1,1
548,5,329,237,4,5,1,1,1
549,1,284,197,5,5,1,1,1
549,2,388,157,5,5,1,1,1
549,3,357,211,4,5,1,1,1
549,4,345,227,4,5,1,1,1
549,5,329,237,4,5,1,1,1
550,1,284,197,5,5,1,1,1
550,2,388,157,5,5,1,1,1
550,3,357,211,4,5,1,1,1
550,4,345,227,4,5,1,1,1
550,5,329,237,4,5,1,1,1
551,1,284,197,5,5,1,1,1
551,2,388,157,5,5,1,1,1
551,3,356,211,5,4,1,1,1
551,4,344,227,5,5,1,1,1
551,5,329,237,4,5,1,1,1
552,1,284,197,5,5,1,1,1
552,2,388,157,5,5,1,1,1
552,3,356,211,5,4,1,1,1
552,4,344,227,5,5,1,1,1
552,5,329,237,4,5,1,1,1
553,1,285,197,3,5,1,1,1
553,2,389,157,3,5,1,1,1
553,3,356,211,5,4,1,1,1
553,4,344,227,4,5,1,1,1
553,5,328,237,5,4,1,1,1
554,1,285,197,3,5,1,1,1
554,2,389,157,3,5,1,1,1
554,3,356,211,5,4,1,1,1
554,4,344,227,4,5,1,1,1
554,5,328,237,5,4,1,1,1
555,1,285,197,3,5,1,1,1
555,2,389,157,3,5,1,1,1
555,3,356,210,5,5,1,1,1
555,4,345,227,3,5,1,1,1
555,5,328,237,5,4,1,1,1
556,1,285,197,3,5,1,1,1
556,2,389,157,3,5,1,1,1
556,3,356,210,5,5,1,1,1
556,4,345,227,3,5,1,1,1
556,5,328,237,5,4,1,1,1
557,1,285,198,4,4,1,1,1
557,2,389,158,3,4,1,1,1
557,3,356,210,5,5,1,1,1
557,4,345,227,3,4,1,1,1
557,5,328,236,5,5,1,1,1
558,1,285,198,4,4,1,1,1
558,2,389,158,3,4,1,1,1
558,3,356,210,5,5,1,1,1
558,4,345,227,3,4,1,1,1
558,5,328,236,5,5,1,1,1
559,1,284,198,5,4,1,1,1
559,2,388,157,4,5,1,1,1
559,3,356,210,5,5,1,1,1
559,4,345,227,3,4,1,1,1
559,5,328,236,5,5,1,1,1
560,1,284,198,5,4,1,1,1
560,2,388,157,4,5,1,1,1
560,3,356,210,5,5,1,1,1
560,4,345,227,3,4,1,1,1
560,5,328,236,5,5,1,1,1
561,1,285,198,4,4,1,1,1
561,2,388,157,4,5,1,1,1
561,3,357,210,4,5,1,1,1
561,4,344,227,5,4,1,1,1
561,5,329,236,4,5,1,1,1
562,1,285,198,4,4,1,1,1
562,2,388,157,4,5,1,1,1
562,3,357,210,4,5,1,1,1
562,4,344,227,5,4,1,1,1
562,5,329,236,4,5,1,1,1
563,1,285,198,4,5,1,1,1
563,2,388,157,4,5,1,1,1
563,3,357,210,4,5,1,1,1
563,4,344,227,5,4,1,1,1
563,5,329,236,4,5,1,1,1
564,1,285,198,4,5,1,1,1
564,2,388,157,4,5,1,1,1
564,3,357,210,4,5,1,1,1
564,4,344,227,5,4,1,1,1
564,5,329,236,4,5,1,1,1
565,1,285,198,4,5,1,1,1
565,2,388,157,4,5,1,1,1
565,3,356,210,5,5,1,1,1
565,4,344,226,5,5,1,1,1
565,5,329,236,4,5,1,1,1
566,1,285,198,4,5,1,1,1
566,2,388,157,4,5,1,1,1
566,3,356,210,5,5,1,1,1
566,4,344,226,5,5,1,1,1
566,5,329,236,4,5,1,1,1
567,1,285,198,4,5,1,1,1
567,2,388,158,4,4,1,1,1
567,3,356,209,5,5,1,1,1
567,4,344,226,5,5,1,1,1
567,5,329,236,4,5,1,1,1
567,59,557,243,8,5,1,1,1
568,1,285,198,4,5,1,1,1
568,2,388,158,4,4,1,1,1
568,3,356,209,5,5,1,1,1
568,4,344,226,5,5,1,1,1
568,5,329,236,4,5,1,1,1
568,59,557,243,8,5,1,1,1
569,1,284,199,5,4,1,1,1
569,2,388,158,4,4,1,1,1
569,3,356,209,5,5,1,1,1
569,4,344,226,5,5,1,1,1
569,5,329,236,3,4,1,1,1
569,59,558,243,7,5,1,1,1
570,1,284,199,5,4,1,1,1
570,2,388,158,4,4,1,1,1
570,3,356,209,5,5,1,1,1
570,4,344,226,5,5,1,1,1
570,5,329,236,3,4,1,1,1
570,59,558,243,7,5,1,1,1
571,1,284,199,5,4,1,1,1
571,2,387,158,5,5,1,1,1
571,3,356,209,5,5,1,1,1
571,4,344,226,4,5,1,1,1
571,5,328,236,5,4,1,1,1
571,59,559,243,7,5,1,1,1
572,1,284,199,5,4,1,1,1
572,2,387,158,5,5,1,1,1
572,3,356,209,5,5,1,1,1
572,4,344,226,4,5,1,1,1
572,5,328,236,5,4,1,1,1
572,59,559,243,7,5,1,1,1
573,1,284,199,5,5,1,1,1
573,2,387,158,5,5,1,1,1
573,3,356,209,5,5,1,1,1
573,4,344,226,4,5,1,1,1
573,5,328,236,5,4,1,1,1
574,1,284,199,5,5,1,1,1
574,2,387,158,5,5,1,1,1
574,3,356,209,5,5,1,1,1
574,4,344,226,4,5,1,1,1
574,5,328,236,5,4,1,1,1
575,1,284,199,5,5,1,1,1
575,2,387,158,5,5,1,1,1
575,3,356,209,5,5,1,1,1
575,4,343,226,5,5,1,1,1
575,5,328,235,5,5,1,1,1
575,60,399,220,6,7,1,1,1
576,1,284,199,5,5,1,1,1
576,2,387,158,5,5,1,1,1
576,3,356,209,5,5,1,1,1
576,4,343,226,5,5,1,1,1
576,5,328,235,5,5,1,1,1
576,60,399,220,6,7,1,1,1
577,1,284,199,5,5,1,1,1
577,2,387,158,5,5,1,1,1
577,3,356,208,5,6,1,1,1
577,4,343,226,5,5,1,1,1
577,5,328,235,5,5,1,1,1
577,60,400,220,5,6,1,1,1
578,1,284,199,5,5,1,1,1
578,2,387,158,5,5,1,1,1
578,3,356,208,5,6,1,1,1
578,4,343,226,5,5,1,1,1
578,5,328,235,5,5,1,1,1
578,60,400,220,5,6,1,1,1
579,1,285,199,3,5,1,1,1
579,2,387,158,5,5,1,1,1
579,3,356,208,5,5,1,1,1
579,4,343,226,5,5,1,1,1
579,5,328,235,5,5,1,1,1
579,60,401,221,5,4,1,1,1
580,1,285,199,3,5,1,1,1
580,2,387,158,5,5,1,1,1
580,3,356,208,5,5,1,1,1
580,4,343,226,5,5,1,1,1
580,5,328,235,5,5,1,1,1
580,60,401,221,5,4,1,1,1
581,1,285,200,4,4,1,1,1
581,2,387,158,5,5,1,1,1
581,3,356,208,5,5,1,1,1
581,4,343,226,5,5,1,1,1
581,5,328,235,5,5,1,1,1
581,60,402,221,4,4,1,1,1
582,1,285,200,4,4,1,1,1
582,2,387,158,5,5,1,1,1
582,3,356,208,5,5,1,1,1
582,4,343,226,5,5,1,1,1
582,5,328,235,5,5,1,1,1
582,60,402,221,4,4,1,1,1
583,1,285,200,4,4,1,1,1
583,2,387,158,5,5,1,1,1
583,3,356,208,4,5,1,1,1
583,4,343,226,5,5,1,1,1
583,5,328,235,4,5,1,1,1
583,60,402,220,5,5,1,1,1
584,1,285,200,4,4,1,1,1
584,2,387,158,5,5,1,1,1
584,3,356,208,4,5,1,1,1
584,4,343,226,5,5,1,1,1
584,5,328,235,4,5,1,1,1
584,60,402,220,5,5,1,1,1
585,1,285,200,4,4,1,1,1
585,2,387,158,5,5,1,1,1
585,3,356,208,4,5,1,1,1
585,4,343,226,5,5,1,1,1
585,5,329,235,3,5,1,1,1
585,60,403,220,5,5,1,1,1
586,1,285,200,4,4,1,1,1
586,2,387,158,5,5,1,1,1
586,3,356,208,4,5,1,1,1
586,4,343,226,5,5,1,1,1
586,5,329,235,3,5,1,1,1
586,60,403,220,5,5,1,1,1
587,1,285,200,4,5,1,1,1
587,2,387,158,5,5,1,1,1
587,3,356,208,5,5,1,1,1
587,4,343,226,5,5,1,1,1
587,5,328,235,5,4,1,1,1
587,60,404,219,5,6,1,1,1
588,1,285,200,4,5,1,1,1
588,2,387,158,5,5,1,1,1
588,3,356,208,5,5,1,1,1
588,4,343,226,5,5,1,1,1
588,5,328,235,5,4,1,1,1
588,60,404,219,5,6,1,1,1
589,1,285,200,4,5,1,1,1
589,2,387,158,5,5,1,1,1
589,3,356,208,5,4,1,1,1
589,4,343,226,4,5,1,1,1
589,5,328,235,5,4,1,1,1
590,1,285,200,4,5,1,1,1
590,2,387,158,5,5,1,1,1
590,3,356,208,5,4,1,1,1
590,4,343,226,4,5,1,1,1
590,5,328,235,5,4,1,1,1
591,1,285,200,4,5,1,1,1
591,2,387,158,5,5,1,1,1
591,3,356,207,5,5,1,1,1
591,4,343,226,4,5,1,1,1
591,5,328,234,5,5,1,1,1
592,1,285,200,4,5,1,1,1
592,2,387,158,5,5,1,1,1
592,3,356,207,5,5,1,1,1
592,4,343,226,4,5,1,1,1
592,5,328,234,5,5,1,1,1
593,1,285,201,4,4,1,1,1
593,2,387,158,5,5,1,1,1
593,3,356,207,5,5,1,1,1
593,4,343,226,4,5,1,1,1
593,5,328,234,5,5,1,1,1
594,1,285,201,4,4,1,1,1
594,2,387,158,5,5,1,1,1
594,3,356,207,5,5,1,1,1
594,4,343,226,4,5,1,1,1
594,5,328,234,5,5,1,1,1
595,1,285,201,4,4,1,1,1
595,2,387,158,5,5,1,1,1
595,3,357,207,3,5,1,1,1
595,4,343,226,4,5,1,1,1
595,5,329,234,3,5,1,1,1
596,1,285,201,4,4,1,1,1
596,2,387,158,5,5,1,1,1
596,3,357,207,3,5,1,1,1
596,4,343,226,4,5,1,1,1
596,5,329,234,3,5,1,1,1
597,1,285,201,5,4,1,1,1
597,2,388,158,3,5,1,1,1
597,3,357,207,3,5,1,1,1
597,4,343,226,4,5,1,1,1
597,5,328,234,5,5,1,1,1
598,1,285,201,5,4,1,1,1
598,2,388,158,3,5,1,1,1
598,3,357,207,3,5,1,1,1
598,4,343,226,4,5,1,1,1
598,5,328,234,5,5,1,1,1
599,1,285,201,5,4,1,1,1
599,2,388,158,3,5,1,1,1
599,3,357,207,3,4,1,1,1
599,4,342,226,5,5,1,1,1
599,5,328,234,5,4,1,1,1
600,1,285,201,5,4,1,1,1
600,2,388,158,3,5,1,1,1
600,3,357,207,3,4,1,1,1
600,4,342,226,5,5,1,1,1
600,5,328,234,5,4,1,1,1
601,1,285,201,5,5,1,1,1
601,2,388,159,3,4,1,1,1
601,3,356,207,5,4,1,1,1
601,4,342,226,5,5,1,1,1
601,5,328,233,5,5,1,1,1
602,1,285,201,5,5,1,1,1
602,2,388,159,3,4,1,1,1
602,3,356,207,5,4,1,1,1
602,4,342,226,5,5,1,1,1
602,5,328,233,5,5,1,1,1
603,1,285,201,5,5,1,1,1
603,2,387,159,5,4,1,1,1
603,3,356,207,5,4,1,1,1
603,4,342,226,4,5,1,1,1
603,5,328,233,5,5,1,1,1
604,1,285,201,5,5,1,1,1
604,2,387,159,5,4,1,1,1
604,3,356,207,5,4,1,1,1
604,4,342,226,4,5,1,1,1
604,5,328,233,5,5,1,1,1
605,1,285,202,5,4,1,1,1
605,2,387,159,5,4,1,1,1
605,3,356,206,5,5,1,1,1
605,4,342,226,4,5,1,1,1
605,5,328,233,5,5,1,1,1
606,1,285,202,5,4,1,1,1
606,2,387,159,5,4,1,1,1
606,3,356,206,5,5,1,1,1
606,4,342,226,4,5,1,1,1
606,5,328,233,5,5,1,1,1
607,1,285,202,5,4,1,1,1
607,2,387,159,4,5,1,1,1
607,3,356,206,5,5,1,1,1
607,4,342,226,4,5,1,1,1
607,5,328,233,5,5,1,1,1
608,1,285,202,5,4,1,1,1
608,2,387,159,4,5,1,1,1
608,3,356,206,5,5,1,1,1
608,4,342,226,4,5,1,1,1
608,5,328,233,5,5,1,1,1
609,1,285,202,5,5,1,1,1
609,2,387,159,4,5,1,1,1
609,3,357,206,3,5,1,1,1
609,4,342,226,4,5,1,1,1
609,5,329,233,3,5,1,1,1
610,1,285,202,5,5,1,1,1
610,2,387,159,4,5,1,1,1
610,3,357,206,3,5,1,1,1
610,4,342,226,4,5,1,1,1
610,5,329,233,3,5,1,1,1
611,1,285,202,5,5,1,1,1
611,2,387,159,4,5,1,1,1
611,3,356,206,5,5,1,1,1
611,4,342,226,4,5,1,1,1
611,5,329,233,3,5,1,1,1
612,1,285,202,5,5,1,1,1
612,2,387,159,4,5,1,1,1
612,3,356,206,5,5,1,1,1
612,4,342,226,4,5,1,1,1
612,5,329,233,3,5,1,1,1
613,1,285,202,5,5,1,1,1
613,2,387,159,4,5,1,1,1
613,3,356,206,5,5,1,1,1
613,4,342,226,4,5,1,1,1
613,5,328,233,5,4,1,1,1
614,1,285,202,5,5,1,1,1
614,2,387,159,4,5,1,1,1
614,3,356,206,5,5,1,1,1
614,4,342,226,4,5,1,1,1
614,5,328,233,5,4,1,1,1
615,1,285,202,5,5,1,1,1
615,2,387,159,4,5,1,1,1
615,3,356,206,5,5,1,1,1
615,4,342,226,4,5,1,1,1
615,5,328,233,5,4,1,1,1
616,1,285,202,5,5,1,1,1
616,2,387,159,4,5,1,1,1
616,3,356,206,5,5,1,1,1
616,4,342,226,4,5,1,1,1
616,5,328,233,5,4,1,1,1
617,1,285,203,5,5,1,1,1
617,2,387,159,4,5,1,1,1
617,3,356,205,5,5,1,1,1
617,4,341,226,5,5,1,1,1
617,5,328,232,5,5,1,1,1
618,1,285,203,5,5,1,1,1
618,2,387,159,4,5,1,1,1
618,3,356,205,5,5,1,1,1
618,4,341,226,5,5,1,1,1
618,5,328,232,5,5,1,1,1
619,1,285,203,5,5,1,1,1
619,2,387,159,4,5,1,1,1
619,3,356,205,5,5,1,1,1
619,4,341,226,5,5,1,1,1
619,5,328,232,5,5,1,1,1
620,1,285,203,5,5,1,1,1
620,2,387,159,4,5,1,1,1
620,3,356,205,5,5,1,1,1
620,4,341,226,5,5,1,1,1
620,5,328,232,5,5,1,1,1
621,1,285,203,4,5,1,1,1
621,2,387,159,4,5,1,1,1
621,3,356,205,5,5,1,1,1
621,4,341,226,4,5,1,1,1
621,5,328,232,5,5,1,1,1
622,1,285,203,4,5,1,1,1
622,2,387,159,4,5,1,1,1
622,3,356,205,5,5,1,1,1
622,4,341,226,4,5,1,1,1
622,5,328,232,5,5,1,1,1
623,1,285,203,5,5,1,1,1
623,2,387,159,4,5,1,1,1
623,3,356,205,5,5,1,1,1
623,4,341,226,4,5,1,1,1
623,5,328,232,5,5,1,1,1
624,1,285,203,5,5,1,1,1
624,2,387,159,4,5,1,1,1
624,3,356,205,5,5,1,1,1
624,4,341,226,4,5,1,1,1
624,5,328,232,5,5,1,1,1
625,1,285,203,4,5,1,1,1
625,2,386,159,5,5,1,1,1
625,3,356,205,5,5,1,1,1
625,4,341,226,4,4,1,1,1
625,5,328,232,5,5,1,1,1
626,1,285,203,4,5,1,1,1
626,2,386,159,5,5,1,1,1
626,3,356,205,5,5,1,1,1
626,4,341,226,4,4,1,1,1
626,5,328,232,5,5,1,1,1
627,1,285,203,5,5,1,1,1
627,2,386,159,5,5,1,1,1
627,3,356,205,5,5,1,1,1
627,4,341,226,4,4,1,1,1
627,5,328,232,5,5,1,1,1
628,1,285,203,5,5,1,1,1
628,2,386,159,5,5,1,1,1
628,3,356,205,5,5,1,1,1
628,4,341,226,4,4,1,1,1
628,5,328,232,5,5,1,1,1
629,1,285,204,5,4,1,1,1
629,2,387,159,4,5,1,1,1
629,3,356,204,5,5,1,1,1
629,4,341,225,4,5,1,1,1
629,5,328,232,5,5,1,1,1
630,1,285,204,5,4,1,1,1
630,2,387,159,4,5,1,1,1
630,3,356,204,5,5,1,1,1
630,4,341,225,4,5,1,1,1
630,5,328,232,5,5,1,1,1
631,1,285,204,5,5,1,1,1
631,2,386,159,5,5,1,1,1
631,3,356,204,5,5,1,1,1
631,4,341,225,4,5,1,1,1
631,5,328,232,5,5,1,1,1
632,1,285,204,5,5,1,1,1
632,2,386,159,5,5,1,1,1
632,3,356,204,5,5,1,1,1
632,4,341,225,4,5,1,1,1
632,5,328,232,5,5,1,1,1
633,1,286,204,3,5,1,1,1
633,2,386,159,5,5,1,1,1
633,3,356,204,4,5,1,1,1
633,4,341,225,4,5,1,1,1
633,5,328,231,5,6,1,1,1
634,1,286,204,3,5,1,1,1
634,2,386,159,5,5,1,1,1
634,3,356,204,4,5,1,1,1
634,4,341,225,4,5,1,1,1
634,5,328,231,5,6,1,1,1
635,1,286,204,3,5,1,1,1
635,2,386,159,5,5,1,1,1
635,3,356,204,4,5,1,1,1
635,4,341,225,4,5,1,1,1
635,5,328,231,5,5,1,1,1
636,1,286,204,3,5,1,1,1
636,2,386,159,5,5,1,1,1
636,3,356,204,4,5,1,1,1
636,4,341,225,4,5,1,1,1
636,5,328,231,5,5,1,1,1
637,1,285,205,5,4,1,1,1
637,2,386,159,4,5,1,1,1
637,3,356,204,4,5,1,1,1
637,4,340,225,5,5,1,1,1
637,5,328,231,4,5,1,1,1
638,1,285,205,5,4,1,1,1
638,2,386,159,4,5,1,1,1
638,3,356,204,4,5,1,1,1
638,4,340,225,5,5,1,1,1
638,5,328,231,4,5,1,1,1
639,1,285,205,5,4,1,1,1
639,2,387,159,3,5,1,1,1
639,3,356,204,4,5,1,1,1
639,4,340,225,5,5,1,1,1
639,5,328,231,4,5,1,1,1
640,1,285,205,5,4,1,1,1
640,2,387,159,3,5,1,1,1
640,3,356,204,4,5,1,1,1
640,4,340,225,5,5,1,1,1
640,5,328,231,4,5,1,1,1
641,1,285,205,5,5,1,1,1
641,2,386,160,4,4,1,1,1
641,3,356,203,4,5,1,1,1
641,4,340,225,5,5,1,1,1
641,5,328,231,4,5,1,1,1
642,1,285,205,5,5,1,1,1
642,2,386,160,4,4,1,1,1
642,3,356,203,4,5,1,1,1
642,4,340,225,5,5,1,1,1
642,5,328,231,4,5,1,1,1
643,1,285,205,5,5,1,1,1
643,2,386,160,4,4,1,1,1
643,3,356,203,4,5,1,1,1
643,4,340,225,5,5,1,1,1
643,5,328,231,4,5,1,1,1
644,1,285,205,5,5,1,1,1
644,2,386,160,4,4,1,1,1
644,3,356,203,4,5,1,1,1
644,4,340,225,5,5,1,1,1
644,5,328,231,4,5,1,1,1
645,1,286,205,3,5,1,1,1
645,2,386,160,4,5,1,1,1
645,3,356,203,4,5,1,1,1
645,4,340,225,4,5,1,1,1
645,5,328,231,4,5,1,1,1
646,1,286,205,3,5,1,1,1
646,2,386,160,4,5,1,1,1
646,3,356,203,4,5,1,1,1
646,4,340,225,4,5,1,1,1
646,5,328,231,4,5,1,1,1
647,1,285,205,5,5,1,1,1
647,2,386,160,4,5,1,1,1
647,3,356,203,4,5,1,1,1
647,4,340,225,4,5,1,1,1
647,5,327,231,6,5,1,1,1
648,1,285,205,5,5,1,1,1
648,2,386,160,4,5,1,1,1
648,3,356,203,4,5,1,1,1
648,4,340,225,4,5,1,1,1
648,5,327,231,6,5,1,1,1
649,1,285,206,5,5,1,1,1
649,2,386,160,4,5,1,1,1
649,3,356,203,4,5,1,1,1
649,4,340,225,4,5,1,1,1
649,5,328,230,4,6,1,1,1
650,1,285,206,5,5,1,1,1
650,2,386,160,4,5,1,1,1
650,3,356,203,4,5,1,1,1
650,4,340,225,4,5,1,1,1
650,5,328,230,4,6,1,1,1
651,1,285,206,5,5,1,1,1
651,2,386,160,4,5,1,1,1
651,3,356,203,4,5,1,1,1
651,4,340,225,4,5,1,1,1
651,5,328,230,4,6,1,1,1
652,1,285,206,5,5,1,1,1
652,2,386,160,4,5,1,1,1
652,3,356,203,4,5,1,1,1
652,4,340,225,4,5,1,1,1
652,5,328,230,4,6,1,1,1
653,1,286,206,3,5,1,1,1
653,2,386,160,4,5,1,1,1
653,3,356,202,4,5,1,1,1
653,4,340,225,4,5,1,1,1
653,5,327,230,5,5,1,1,1
654,1,286,206,3,5,1,1,1
654,2,386,160,4,5,1,1,1
654,3,356,202,4,5,1,1,1
654,4,340,225,4,5,1,1,1
654,5,327,230,5,5,1,1,1
655,1,285,206,5,5,1,1,1
655,2,386,160,4,5,1,1,1
655,3,356,202,4,5,1,1,1
655,4,340,225,4,5,1,1,1
655,5,327,230,4,5,1,1,1
656,1,285,206,5,5,1,1,1
656,2,386,160,4,5,1,1,1
656,3,356,202,4,5,1,1,1
656,4,340,225,4,5,1,1,1
656,5,327,230,4,5,1,1,1
657,1,285,207,5,5,1,1,1
657,2,386,160,4,5,1,1,1
657,3,356,202,4,5,1,1,1
657,4,340,225,4,5,1,1,1
657,5,327,230,4,5,1,1,1
658,1,285,207,5,5,1,1,1
658,2,386,160,4,5,1,1,1
658,3,356,202,4,5,1,1,1
658,4,340,225,4,5,1,1,1
658,5,327,230,4,5,1,1,1
659,1,285,207,5,5,1,1,1
659,2,386,160,4,5,1,1,1
659,3,356,202,4,5,1,1,1
659,4,340,225,4,5,1,1,1
659,5,327,230,4,5,1,1,1
660,1,285,207,5,5,1,1,1
660,2,386,160,4,5,1,1,1
660,3,356,202,4,5,1,1,1
660,4,340,225,4,5,1,1,1
660,5,327,230,4,5,1,1,1
661,1,285,207,5,5,1,1,1
661,2,386,160,4,5,1,1,1
661,3,355,202,6,5,1,1,1
661,4,339,225,5,5,1,1,1
661,5,327,230,4,5,1,1,1
662,1,285,207,5,5,1,1,1
662,2,386,160,4,5,1,1,1
662,3,355,202,6,5,1,1,1
662,4,339,225,5,5,1,1,1
662,5,327,230,4,5,1,1,1
663,1,285,207,4,5,1,1,1
663,2,385,160,5,5,1,1,1
663,3,355,202,5,5,1,1,1
663,4,339,225,5,5,1,1,1
663,5,327,229,4,5,1,1,1
664,1,285,207,4,5,1,1,1
664,2,385,160,5,5,1,1,1
664,3,355,202,5,5,1,1,1
664,4,339,225,5,5,1,1,1
664,5,327,229,4,5,1,1,1
665,1,286,207,3,5,1,1,1
665,2,385,160,5,5,1,1,1
665,3,356,201,4,6,1,1,1
665,4,339,225,4,5,1,1,1
665,5,327,229,4,5,1,1,1
666,1,286,207,3,5,1,1,1
666,2,385,160,5,5,1,1,1
666,3,356,201,4,6,1,1,1
666,4,339,225,4,5,1,1,1
666,5,327,229,4,5,1,1,1
667,1,285,208,4,4,1,1,1
667,2,386,160,3,5,1,1,1
667,3,356,201,4,5,1,1,1
667,4,339,225,4,5,1,1,1
667,5,326,229,6,5,1,1,1
668,1,285,208,4,4,1,1,1
668,2,386,160,3,5,1,1,1
668,3,356,201,4,5,1,1,1
668,4,339,225,4,5,1,1,1
668,5,326,229,6,5,1,1,1
669,1,285,208,4,4,1,1,1
669,2,386,161,3,4,1,1,1
669,3,356,201,4,5,1,1,1
669,4,339,225,4,5,1,1,1
669,5,327,229,4,5,1,1,1
670,1,285,208,4,4,1,1,1
670,2,386,161,3,4,1,1,1
670,3,356,201,4,5,1,1,1
670,4,339,225,4,5,1,1,1
670,5,327,229,4,5,1,1,1
671,1,285,208,4,5,1,1,1
671,2,386,161,3,4,1,1,1
671,3,356,201,4,5,1,1,1
671,4,339,225,4,5,1,1,1
671,5,327,228,4,6,1,1,1
672,1,285,208,4,5,1,1,1
672,2,386,161,3,4,1,1,1
672,3,356,201,4,5,1,1,1
672,4,339,225,4,5,1,1,1
672,5,327,228,4,6,1,1,1
673,1,285,208,4,5,1,1,1
673,2,386,161,3,4,1,1,1
673,3,356,201,4,5,1,1,1
673,4,339,225,4,5,1,1,1
673,5,326,228,5,5,1,1,1
673,59,580,226,7,5,1,1,1
674,1,285,208,4,5,1,1,1
674,2,386,161,3,4,1,1,1
674,3,356,201,4,5,1,1,1
674,4,339,225,4,5,1,1,1
674,5,326,228,5,5,1,1,1
674,59,580,226,7,5,1,1,1
675,1,286,208,3,5,1,1,1
675,2,385,161,4,4,1,1,1
675,3,356,201,4,5,1,1,1
675,4,338,225,5,5,1,1,1
675,5,326,228,5,5,1,1,1
675,59,581,225,7,5,1,1,1
676,1,286,208,3,5,1,1,1
676,2,385,161,4,4,1,1,1
676,3,356,201,4,5,1,1,1
676,4,338,225,5,5,1,1,1
676,5,326,228,5,5,1,1,1
676,59,581,225,7,5,1,1,1
677,1,286,209,3,4,1,1,1
677,2,385,161,4,4,1,1,1
677,3,356,200,4,5,1,1,1
677,4,338,225,5,5,1,1,1
677,5,326,228,4,5,1,1,1
677,59,582,225,7,5,1,1,1
678,1,286,209,3,4,1,1,1
678,2,385,161,4,4,1,1,1
678,3,356,200,4,5,1,1,1
678,4,338,225,5,5,1,1,1
678,5,326,228,4,5,1,1,1
678,59,582,225,7,5,1,1,1
679,1,285,209,5,4,1,1,1
679,2,385,161,4,5,1,1,1
679,3,356,200,4,5,1,1,1
679,4,338,225,5,5,1,1,1
679,5,326,228,4,5,1,1,1
679,59,583,224,7,6,1,1,1
680,1,285,209,5,4,1,1,1
680,2,385,161,4,5,1,1,1
680,3,356,200,4,5,1,1,1
680,4,338,225,5,5,1,1,1
680,5,326,228,4,5,1,1,1
680,59,583,224,7,6,1,1,1
681,1,286,209,4,4,1,1,1
681,2,384,161,5,5,1,1,1
681,3,356,200,4,5,1,1,1
681,4,338,225,4,5,1,1,1
681,5,326,228,4,5,1,1,1
682,1,286,209,4,4,1,1,1
682,2,384,161,5,5,1,1,1
682,3,356,200,4,5,1,1,1
682,4,338,225,4,5,1,1,1
682,5,326,228,4,5,1,1,1
683,1,286,209,3,5,1,1,1
683,2,384,161,5,5,1,1,1
683,3,356,200,4,5,1,1,1
683,4,338,225,4,5,1,1,1
683,5,326,227,4,5,1,1,1
684,1,286,209,3,5,1,1,1
684,2,384,161,5,5,1,1,1
684,3,356,200,4,5,1,1,1
684,4,338,225,4,5,1,1,1
684,5,326,227,4,5,1,1,1
685,1,285,210,5,4,1,1,1
685,2,384,161,5,5,1,1,1
685,3,356,200,4,5,1,1,1
685,4,338,225,4,4,1,1,1
685,5,326,227,4,5,1,1,1
685,64,551,228,6,5,1,1,1
686,1,285,210,5,4,1,1,1
686,2,384,161,5,5,1,1,1
686,3,356,200,4,5,1,1,1
686,4,338,225,4,4,1,1,1
686,5,326,227,4,5,1,1,1
686,64,551,228,6,5,1,1,1
687,1,285,210,5,5,1,1,1
687,2,384,161,5,5,1,1,1
687,3,356,200,4,5,1,1,1
687,4,338,225,4,4,1,1,1
687,5,326,227,4,5,1,1,1
687,64,552,228,6,5,1,1,1
688,1,285,210,5,5,1,1,1
688,2,384,161,5,5,1,1,1
688,3,356,200,4,5,1,1,1
688,4,338,225,4,4,1,1,1
688,5,326,227,4,5,1,1,1
688,64,552,228,6,5,1,1,1
689,1,285,210,5,5,1,1,1
689,2,384,161,5,5,1,1,1
689,3,355,200,5,4,1,1,1
689,4,337,225,5,4,1,1,1
689,5,326,227,4,5,1,1,1
689,64,552,228,6,5,1,1,1
689,66,589,224,8,6,1,1,1
690,1,285,210,5,5,1,1,1
690,2,384,161,5,5,1,1,1
690,3,355,200,5,4,1,1,1
690,4,337,225,5,4,1,1,1
690,5,326,227,4,5,1,1,1
690,64,552,228,6,5,1,1,1
690,66,589,224,8,6,1,1,1
691,1,285,210,5,5,1,1,1
691,2,384,161,4,5,1,1,1
691,3,355,200,5,4,1,1,1
691,4,337,224,5,5,1,1,1
691,5,326,227,4,5,1,1,1
691,66,589,223,9,7,1,1,1
692,1,285,210,5,5,1,1,1
692,2,384,161,4,5,1,1,1
692,3,355,200,5,4,1,1,1
692,4,337,224,5,5,1,1,1
692,5,326,227,4,5,1,1,1
692,66,589,223,9,7,1,1,1
693,1,286,210,3,5,1,1,1
693,2,385,161,3,5,1,1,1
693,3,355,199,5,5,1,1,1
693,4,337,224,5,5,1,1,1
693,5,325,227,5,5,1,1,1
694,1,286,210,3,5,1,1,1
694,2,385,161,3,5,1,1,1
694,3,355,199,5,5,1,1,1
694,4,337,224,5,5,1,1,1
694,5,325,227,5,5,1,1,1
695,1,285,210,5,5,1,1,1
695,2,385,162,3,4,1,1,1
695,3,355,199,5,5,1,1,1
695,4,337,224,5,5,1,1,1
695,5,325,227,5,5,1,1,1
695,67,594,223,5,6,1,1,1
696,1,285,210,5,5,1,1,1
696,2,385,162,3,4,1,1,1
696,3,355,199,5,5,1,1,1
696,4,337,224,5,5,1,1,1
696,5,325,227,5,5,1,1,1
696,67,594,223,5,6,1,1,1
697,1,285,211,5,5,1,1,1
697,2,384,162,5,4,1,1,1
697,3,355,199,5,5,1,1,1
697,4,337,224,5,5,1,1,1
697,5,325,227,5,5,1,1,1
697,67,596,223,5,6,1,1,1
698,1,285,211,5,5,1,1,1
698,2,384,162,5,4,1,1,1
698,3,355,199,5,5,1,1,1
698,4,337,224,5,5,1,1,1
698,5,325,227,5,5,1,1,1
698,67,596,223,5,6,1,1,1
699,1,285,211,5,5,1,1,1
699,2,384,162,5,4,1,1,1
699,3,356,199,3,5,1,1,1
699,4,337,224,5,5,1,1,1
699,5,325,227,5,5,1,1,1
699,66,595,222,8,6,1,1,1
699,67,596,223,5,6,1,1,1
699,68,588,193,6,6,1,1,1
700,1,285,211,5,5,1,1,1
700,2,384,162,5,4,1,1,1
700,3,356,199,3,5,1,1,1
700,4,337,224,5,5,1,1,1
700,5,325,227,5,5,1,1,1
700,66,595,222,8,6,1,1,1
700,67,596,223,5,6,1,1,1
700,68,588,193,6,6,1,1,1
701,1,286,211,3,5,1,1,1
701,2,384,162,5,5,1,1,1
701,3,355,199,5,4,1,1,1
701,4,337,224,5,5,1,1,1
701,5,325,227,4,5,1,1,1
701,66,597,221,8,6,1,1,1
701,68,589,193,6,6,1,1,1
702,1,286,211,3,5,1,1,1
702,2,384,162,5,5,1,1,1
702,3,355,199,5,4,1,1,1
702,4,337,224,5,5,1,1,1
702,5,325,227,4,5,1,1,1
702,66,597,221,8,6,1,1,1
702,68,589,193,6,6,1,1,1
703,1,286,211,3,5,1,1,1
703,2,384,162,5,5,1,1,1
703,3,355,199,5,4,1,1,1
703,4,337,224,5,5,1,1,1
703,5,325,227,4,5,1,1,1
703,66,598,221,8,6,1,1,1
704,1,286,211,3,5,1,1,1
704,2,384,162,5,5,1,1,1
704,3,355,199,5,4,1,1,1
704,4,337,224,5,5,1,1,1
704,5,325,227,4,5,1,1,1
704,66,598,221,8,6,1,1,1
705,1,285,212,5,4,1,1,1
705,2,384,162,5,5,1,1,1
705,3,355,198,5,5,1,1,1
705,4,337,224,5,5,1,1,1
705,5,325,227,4,5,1,1,1
705,66,599,221,8,5,1,1,1
706,1,285,212,5,4,1,1,1
706,2,384,162,5,5,1,1,1
706,3,355,198,5,5,1,1,1
706,4,337,224,5,5,1,1,1
706,5,325,227,4,5,1,1,1
706,66,599,221,8,5,1,1,1
707,1,285,212,5,5,1,1,1
707,2,384,162,5,5,1,1,1
707,3,356,198,3,5,1,1,1
707,4,337,224,5,5,1,1,1
707,5,325,227,4,5,1,1,1
707,66,600,220,8,6,1,1,1
708,1,285,212,5,5,1,1,1
708,2,384,162,5,5,1,1,1
708,3,356,198,3,5,1,1,1
708,4,337,224,5,5,1,1,1
708,5,325,227,4,5,1,1,1
708,66,600,220,8,6,1,1,1
709,1,285,212,5,5,1,1,1
709,2,385,162,3,5,1,1,1
709,3,356,198,3,5,1,1,1
709,4,337,224,5,5,1,1,1
709,5,325,227,4,5,1,1,1
709,67,604,220,5,6,1,1,1
710,1,285,212,5,5,1,1,1
710,2,385,162,3,5,1,1,1
710,3,356,198,3,5,1,1,1
710,4,337,224,5,5,1,1,1
710,5,325,227,4,5,1,1,1
710,67,604,220,5,6,1,1,1
711,1,286,212,3,5,1,1,1
711,2,385,162,3,5,1,1,1
711,3,356,198,3,4,1,1,1
711,4,337,224,5,5,1,1,1
711,5,325,227,4,5,1,1,1
711,66,603,220,8,5,1,1,1
711,67,605,219,5,6,1,1,1
712,1,286,212,3,5,1,1,1
712,2,385,162,3,5,1,1,1
712,3,356,198,3,4,1,1,1
712,4,337,224,5,5,1,1,1
712,5,325,227,4,5,1,1,1
712,66,603,220,8,5,1,1,1
712,67,605,219,5,6,1,1,1
713,1,285,212,5,5,1,1,1
713,2,385,163,3,4,1,1,1
713,3,356,198,3,4,1,1,1
713,4,337,224,5,5,1,1,1
713,5,325,227,4,4,1,1,1
713,66,604,219,8,6,1,1,1
713,67,606,219,5,6,1,1,1
714,1,285,212,5,5,1,1,1
714,2,385,163,3,4,1,1,1
714,3,356,198,3,4,1,1,1
714,4,337,224,5,5,1,1,1
714,5,325,227,4,4,1,1,1
714,66,604,219,8,6,1,1,1
714,67,606,219,5,6,1,1,1
715,1,286,213,4,5,1,1,1
715,2,385,163,3,4,1,1,1
715,3,355,198,5,4,1,1,1
715,4,337,224,4,5,1,1,1
715,5,325,227,4,4,1,1,1
715,67,607,219,5,6,1,1,1
716,1,286,213,4,5,1,1,1
716,2,385,163,3,4,1,1,1
716,3,355,198,5,4,1,1,1
716,4,337,224,4,5,1,1,1
716,5,325,227,4,4,1,1,1
716,67,607,219,5,6,1,1,1
717,1,286,213,4,5,1,1,1
717,2,385,163,3,4,1,1,1
717,3,355,198,5,4,1,1,1
717,4,337,224,4,5,1,1,1
717,5,324,227,5,4,1,1,1
717,67,608,219,5,6,1,1,1
718,1,286,213,4,5,1,1,1
718,2,385,163,3,4,1,1,1
718,3,355,198,5,4,1,1,1
718,4,337,224,4,5,1,1,1
718,5,324,227,5,4,1,1,1
718,67,608,219,5,6,1,1,1
719,1,286,213,4,5,1,1,1
719,2,384,163,5,4,1,1,1
719,3,356,197,4,5,1,1,1
719,4,337,224,4,5,1,1,1
719,5,324,226,5,5,1,1,1
719,67,609,219,5,6,1,1,1
720,1,286,213,4,5,1,1,1
720,2,384,163,5,4,1,1,1
720,3,356,197,4,5,1,1,1
720,4,337,224,4,5,1,1,1
720,5,324,226,5,5,1,1,1
720,67,609,219,5,6,1,1,1
721,1,286,213,4,5,1,1,1
721,2,384,163,5,4,1,1,1
721,3,356,197,4,5,1,1,1
721,4,337,224,4,5,1,1,1
721,5,324,226,5,5,1,1,1
722,1,286,213,4,5,1,1,1
722,2,384,163,5,4,1,1,1
722,3,356,197,4,5,1,1,1
722,4,337,224,4,5,1,1,1
722,5,324,226,5,5,1,1,1
723,1,286,214,4,5,1,1,1
723,2,384,163,5,5,1,1,1
723,3,356,197,4,5,1,1,1
723,4,337,224,4,5,1,1,1
723,5,324,226,5,5,1,1,1
723,67,611,219,6,6,1,1,1
724,1,286,214,4,5,1,1,1
724,2,384,163,5,5,1,1,1
724,3,356,197,4,5,1,1,1
724,4,337,224,4,5,1,1,1
724,5,324,226,5,5,1,1,1
724,67,611,219,6,6,1,1,1
725,1,286,214,4,5,1,1,1
725,2,384,163,5,5,1,1,1
725,3,356,197,4,5,1,1,1
725,4,336,224,5,5,1,1,1
725,5,323,226,5,5,1,1,1
725,67,612,218,6,6,1,1,1
726,1,286,214,4,5,1,1,1
726,2,384,163,5,5,1,1,1
726,3,356,197,4,5,1,1,1
726,4,336,224,5,5,1,1,1
726,5,323,226,5,5,1,1,1
726,67,612,218,6,6,1,1,1
727,1,286,214,4,5,1,1,1
727,2,384,163,5,5,1,1,1
727,3,355,197,5,4,1,1,1
727,4,336,224,5,5,1,1,1
727,5,323,226,5,5,1,1,1
728,1,286,214,4,5,1,1,1
728,2,384,163,5,5,1,1,1
728,3,355,197,5,4,1,1,1
728,4,336,224,5,5,1,1,1
728,5,323,226,5,5,1,1,1
729,1,286,215,4,5,1,1,1
729,2,384,163,5,5,1,1,1
729,3,355,197,5,4,1,1,1
729,4,336,224,4,5,1,1,1
729,5,323,226,5,5,1,1,1
730,1,286,215,4,5,1,1,1
730,2,384,163,5,5,1,1,1
730,3,355,197,5,4,1,1,1
730,4,336,224,4,5,1,1,1
730,5,323,226,5,5,1,1,1
731,1,286,215,4,5,1,1,1
731,2,384,163,5,5,1,1,1
731,3,355,196,5,5,1,1,1
731,4,336,224,4,5,1,1,1
731,5,323,226,5,5,1,1,1
732,1,286,215,4,5,1,1,1
732,2,384,163,5,5,1,1,1
732,3,355,196,5,5,1,1,1
732,4,336,224,4,5,1,1,1
732,5,323,226,5,5,1,1,1
733,1,286,215,4,5,1,1,1
733,2,384,163,5,5,1,1,1
733,3,355,196,5,5,1,1,1
733,4,336,224,4,5,1,1,1
733,5,323,226,5,5,1,1,1
734,1,286,215,4,5,1,1,1
734,2,384,163,5,5,1,1,1
734,3,355,196,5,5,1,1,1
734,4,336,224,4,5,1,1,1
734,5,323,226,5,5,1,1,1
735,1,285,215,6,5,1,1,1
735,2,385,163,3,5,1,1,1
735,3,355,196,5,5,1,1,1
735,4,336,224,4,5,1,1,1
735,5,324,226,4,5,1,1,1
736,1,285,215,6,5,1,1,1
736,2,385,163,3,5,1,1,1
736,3,355,196,5,5,1,1,1
736,4,336,224,4,5,1,1,1
736,5,324,226,4,5,1,1,1
737,1,285,215,6,6,1,1,1
737,2,384,163,5,5,1,1,1
737,3,355,196,5,5,1,1,1
737,4,336,224,4,5,1,1,1
737,5,324,226,4,5,1,1,1
738,1,285,215,6,6,1,1,1
738,2,384,163,5,5,1,1,1
738,3,355,196,5,5,1,1,1
738,4,336,224,4,5,1,1,1
738,5,324,226,4,5,1,1,1
739,1,286,215,4,6,1,1,1
739,2,384,164,5,4,1,1,1
739,3,355,196,5,5,1,1,1
739,4,336,224,4,5,1,1,1
739,5,323,226,5,4,1,1,1
740,1,286,215,4,6,1,1,1
740,2,384,164,5,4,1,1,1
740,3,355,196,5,5,1,1,1
740,4,336,224,4,5,1,1,1
740,5,323,226,5,4,1,1,1
741,1,286,216,4,5,1,1,1
741,2,384,164,5,5,1,1,1
741,3,355,195,5,5,1,1,1
741,4,336,224,4,5,1,1,1
741,5,323,225,5,5,1,1,1
742,1,286,216,4,5,1,1,1
742,2,384,164,5,5,1,1,1
742,3,355,195,5,5,1,1,1
742,4,336,224,4,5,1,1,1
742,5,323,225,5,5,1,1,1
743,1,286,216,4,5,1,1,1
743,2,384,164,5,5,1,1,1
743,3,355,195,5,5,1,1,1
743,4,336,224,4,5,1,1,1
743,5,323,225,5,5,1,1,1
744,1,286,216,4,5,1,1,1
744,2,384,164,5,5,1,1,1
744,3,355,195,5,5,1,1,1
744,4,336,224,4,5,1,1,1
744,5,323,225,5,5,1,1,1
745,1,286,216,4,5,1,1,1
745,2,384,164,5,5,1,1,1
745,3,355,195,5,5,1,1,1
745,4,336,224,4,5,1,1,1
745,5,323,225,5,5,1,1,1
745,67,624,216,5,6,1,1,1
746,1,286,216,4,5,1,1,1
746,2,384,164,5,5,1,1,1
746,3,355,195,5,5,1,1,1
746,4,336,224,4,5,1,1,1
746,5,323,225,5,5,1,1,1
746,67,624,216,5,6,1,1,1
747,1,286,217,4,4,1,1,1
747,2,384,164,5,5,1,1,1
747,3,356,195,3,5,1,1,1
747,4,336,224,4,5,1,1,1
747,5,323,225,4,5,1,1,1
747,67,625,215,5,6,1,1,1
748,1,286,217,4,4,1,1,1
748,2,384,164,5,5,1,1,1
748,3,356,195,3,5,1,1,1
748,4,336,224,4,5,1,1,1
748,5,323,225,4,5,1,1,1
748,67,625,215,5,6,1,1,1
749,1,286,217,5,5,1,1,1
749,2,384,164,5,5,1,1,1
749,3,356,195,3,5,1,1,1
749,4,336,224,4,5,1,1,1
749,5,323,225,4,5,1,1,1
749,67,626,215,6,6,1,1,1
750,1,286,217,5,5,1,1,1
750,2,384,164,5,5,1,1,1
750,3,356,195,3,5,1,1,1
750,4,336,224,4,5,1,1,1
750,5,323,225,4,5,1,1,1
750,67,626,215,6,6,1,1,1
