1,1,348,168,6,6,1,1,1
1,2,359,170,6,6,1,1,1
1,3,337,222,5,5,1,1,1
1,4,306,214,6,5,1,1,1
1,5,272,263,5,6,1,1,1
2,1,348,168,6,6,1,1,1
2,2,359,170,6,6,1,1,1
2,3,337,222,5,5,1,1,1
2,4,306,214,6,5,1,1,1
2,5,272,263,5,6,1,1,1
3,1,348,169,6,5,1,1,1
3,2,359,170,5,5,1,1,1
3,3,337,222,4,5,1,1,1
3,4,307,214,4,5,1,1,1
3,5,272,264,5,5,1,1,1
4,1,348,169,6,5,1,1,1
4,2,359,170,5,5,1,1,1
4,3,337,222,4,5,1,1,1
4,4,307,214,4,5,1,1,1
4,5,272,264,5,5,1,1,1
5,1,348,169,6,5,1,1,1
5,2,359,171,5,5,1,1,1
5,3,337,223,4,5,1,1,1
5,4,307,214,4,4,1,1,1
5,5,272,264,4,4,1,1,1
6,1,348,169,6,5,1,1,1
6,2,359,171,5,5,1,1,1
6,3,337,223,4,5,1,1,1
6,4,307,214,4,4,1,1,1
6,5,272,264,4,4,1,1,1
7,1,348,169,6,5,1,1,1
7,2,359,171,5,5,1,1,1
7,3,337,223,4,5,1,1,1
7,4,307,213,4,5,1,1,1
7,5,272,264,4,4,1,1,1
8,1,348,169,6,5,1,1,1
8,2,359,171,5,5,1,1,1
8,3,337,223,4,5,1,1,1
8,4,307,213,4,5,1,1,1
8,5,272,264,4,4,1,1,1
9,1,348,169,6,5,1,1,1
9,2,359,171,4,5,1,1,1
9,3,337,223,4,5,1,1,1
9,4,307,214,4,4,1,1,1
9,5,271,264,6,5,1,1,1
10,1,348,169,6,5,1,1,1
10,2,359,171,4,5,1,1,1
10,3,337,223,4,5,1,1,1
10,4,307,214,4,4,1,1,1
10,5,271,264,6,5,1,1,1
11,1,348,169,6,5,1,1,1
11,2,358,171,5,5,1,1,1
11,3,337,223,4,5,1,1,1
11,4,307,214,4,4,1,1,1
11,5,271,264,6,5,1,1,1
12,1,348,169,6,5,1,1,1
12,2,358,171,5,5,1,1,1
12,3,337,223,4,5,1,1,1
12,4,307,214,4,4,1,1,1
12,5,271,264,6,5,1,1,1
13,1,348,169,6,5,1,1,1
13,2,358,171,5,5,1,1,1
13,3,337,223,5,5,1,1,1
13,4,307,214,4,4,1,1,1
13,5,271,264,6,6,1,1,1
14,1,348,169,6,5,1,1,1
14,2,358,171,5,5,1,1,1
14,3,337,223,5,5,1,1,1
14,4,307,214,4,4,1,1,1
14,5,271,264,6,6,1,1,1
15,1,348,169,5,5,1,1,1
15,2,358,171,5,5,1,1,1
15,3,337,223,5,5,1,1,1
15,4,307,214,4,4,1,1,1
15,5,271,264,6,6,1,1,1
16,1,348,169,5,5,1,1,1
16,2,358,171,5,5,1,1,1
16,3,337,223,5,5,1,1,1
16,4,307,214,4,4,1,1,1
16,5,271,264,6,6,1,1,1
17,1,348,169,5,5,1,1,1
17,2,358,171,5,4,1,1,1
17,3,337,223,5,4,1,1,1
17,4,306,214,5,4,1,1,1
17,5,271,264,6,6,1,1,1
18,1,348,169,5,5,1,1,1
18,2,358,171,5,4,1,1,1
18,3,337,223,5,4,1,1,1
18,4,306,214,5,4,1,1,1
18,5,271,264,6,6,1,1,1
19,1,348,169,5,5,1,1,1
19,2,358,171,5,5,1,1,1
19,3,337,223,5,5,1,1,1
19,4,306,214,5,4,1,1,1
19,5,271,264,6,6,1,1,1
20,1,348,169,5,5,1,1,1
20,2,358,171,5,5,1,1,1
20,3,337,223,5,5,1,1,1
20,4,306,214,5,4,1,1,1
20,5,271,264,6,6,1,1,1
21,1,348,169,5,5,1,1,1
21,2,358,171,5,5,1,1,1
21,3,338,223,4,5,1,1,1
21,4,306,214,5,4,1,1,1
21,5,271,264,5,6,1,1,1
22,1,348,169,5,5,1,1,1
22,2,358,171,5,5,1,1,1
22,3,338,223,4,5,1,1,1
22,4,306,214,5,4,1,1,1
22,5,271,264,5,6,1,1,1
23,1,348,169,5,5,1,1,1
23,2,358,171,5,5,1,1,1
23,3,338,223,4,5,1,1,1
23,4,306,214,5,4,1,1,1
23,5,271,264,5,6,1,1,1
24,1,348,169,5,5,1,1,1
24,2,358,171,5,5,1,1,1
24,3,338,223,4,5,1,1,1
24,4,306,214,5,4,1,1,1
24,5,271,264,5,6,1,1,1
25,1,348,169,5,5,1,1,1
25,2,358,171,5,4,1,1,1
25,3,338,223,4,4,1,1,1
25,4,306,214,4,4,1,1,1
25,5,271,264,5,6,1,1,1
26,1,348,169,5,5,1,1,1
26,2,358,171,5,4,1,1,1
26,3,338,223,4,4,1,1,1
26,4,306,214,4,4,1,1,1
26,5,271,264,5,6,1,1,1
27,1,348,169,5,5,1,1,1
27,2,358,171,5,5,1,1,1
27,3,338,223,4,5,1,1,1
27,4,306,214,4,4,1,1,1
27,5,271,264,4,6,1,1,1
28,1,348,169,5,5,1,1,1
28,2,358,171,5,5,1,1,1
28,3,338,223,4,5,1,1,1
28,4,306,214,4,4,1,1,1
28,5,271,264,4,6,1,1,1
29,1,348,169,5,5,1,1,1
29,2,358,171,5,5,1,1,1
29,3,338,223,4,5,1,1,1
29,4,306,214,4,4,1,1,1
29,5,271,265,4,5,1,1,1
30,1,348,169,5,5,1,1,1
30,2,358,171,5,5,1,1,1
30,3,338,223,4,5,1,1,1
30,4,306,214,4,4,1,1,1
30,5,271,265,4,5,1,1,1
31,1,348,169,5,5,1,1,1
31,2,358,171,5,5,1,1,1
31,3,338,223,4,5,1,1,1
31,4,306,214,4,4,1,1,1
31,5,271,265,4,5,1,1,1
32,1,348,169,5,5,1,1,1
32,2,358,171,5,5,1,1,1
32,3,338,223,4,5,1,1,1
32,4,306,214,4,4,1,1,1
32,5,271,265,4,5,1,1,1
33,1,348,169,5,5,1,1,1
33,2,358,171,5,4,1,1,1
33,3,338,223,4,4,1,1,1
33,4,306,214,4,4,1,1,1
33,5,271,265,4,5,1,1,1
34,1,348,169,5,5,1,1,1
34,2,358,171,5,4,1,1,1
34,3,338,223,4,4,1,1,1
34,4,306,214,4,4,1,1,1
34,5,271,265,4,5,1,1,1
35,1,348,169,5,5,1,1,1
35,2,358,171,5,5,1,1,1
35,3,338,223,4,5,1,1,1
35,4,306,214,4,3,1,1,1
35,5,271,265,4,5,1,1,1
36,1,348,169,5,5,1,1,1
36,2,358,171,5,5,1,1,1
36,3,338,223,4,5,1,1,1
36,4,306,214,4,3,1,1,1
36,5,271,265,4,5,1,1,1
37,1,348,169,5,5,1,1,1
37,2,358,171,4,4,1,1,1
37,3,338,223,4,4,1,1,1
37,4,306,214,4,3,1,1,1
37,5,270,265,5,5,1,1,1
38,1,348,169,5,5,1,1,1
38,2,358,171,4,4,1,1,1
38,3,338,223,4,4,1,1,1
38,4,306,214,4,3,1,1,1
38,5,270,265,5,5,1,1,1
39,1,348,169,4,5,1,1,1
39,2,358,171,4,5,1,1,1
39,3,338,223,4,5,1,1,1
39,4,305,213,5,4,1,1,1
39,5,270,265,5,5,1,1,1
40,1,348,169,4,5,1,1,1
40,2,358,171,4,5,1,1,1
40,3,338,223,4,5,1,1,1
40,4,305,213,5,4,1,1,1
40,5,270,265,5,5,1,1,1
41,1,348,169,4,5,1,1,1
41,2,358,171,4,4,1,1,1
41,3,338,223,4,4,1,1,1
41,4,305,213,5,4,1,1,1
41,5,270,265,5,5,1,1,1
42,1,348,169,4,5,1,1,1
42,2,358,171,4,4,1,1,1
42,3,338,223,4,4,1,1,1
42,4,305,213,5,4,1,1,1
42,5,270,265,5,5,1,1,1
43,1,348,169,4,5,1,1,1
43,2,358,171,5,5,1,1,1
43,3,338,223,4,5,1,1,1
43,4,305,212,5,5,1,1,1
43,5,270,265,4,5,1,1,1
44,1,348,169,4,5,1,1,1
44,2,358,171,5,5,1,1,1
44,3,338,223,4,5,1,1,1
44,4,305,212,5,5,1,1,1
44,5,270,265,4,5,1,1,1
45,1,348,169,4,5,1,1,1
45,2,358,171,5,5,1,1,1
45,3,338,223,4,5,1,1,1
45,4,305,212,5,5,1,1,1
45,5,270,265,4,5,1,1,1
46,1,348,169,4,5,1,1,1
46,2,358,171,5,5,1,1,1
46,3,338,223,4,5,1,1,1
46,4,305,212,5,5,1,1,1
46,5,270,265,4,5,1,1,1
47,1,348,169,4,5,1,1,1
47,2,358,171,5,5,1,1,1
47,3,338,223,4,5,1,1,1
47,4,305,212,5,5,1,1,1
47,5,270,265,4,5,1,1,1
48,1,348,169,4,5,1,1,1
48,2,358,171,5,5,1,1,1
48,3,338,223,4,5,1,1,1
48,4,305,212,5,5,1,1,1
48,5,270,265,4,5,1,1,1
49,1,348,169,4,4,1,1,1
49,2,358,171,4,5,1,1,1
49,3,338,223,4,5,1,1,1
49,4,305,212,5,5,1,1,1
49,5,270,265,4,5,1,1,1
50,1,348,169,4,4,1,1,1
50,2,358,171,4,5,1,1,1
50,3,338,223,4,5,1,1,1
50,4,305,212,5,5,1,1,1
50,5,270,265,4,5,1,1,1
51,1,348,169,4,4,1,1,1
51,2,358,171,4,4,1,1,1
51,3,338,223,5,4,1,1,1
51,4,305,212,5,5,1,1,1
51,5,270,265,4,5,1,1,1
52,1,348,169,4,4,1,1,1
52,2,358,171,4,4,1,1,1
52,3,338,223,5,4,1,1,1
52,4,305,212,5,5,1,1,1
52,5,270,265,4,5,1,1,1
53,1,348,169,4,4,1,1,1
53,2,358,171,4,5,1,1,1
53,3,338,223,5,5,1,1,1
53,4,305,212,5,5,1,1,1
53,5,270,265,4,5,1,1,1
54,1,348,169,4,4,1,1,1
54,2,358,171,4,5,1,1,1
54,3,338,223,5,5,1,1,1
54,4,305,212,5,5,1,1,1
54,5,270,265,4,5,1,1,1
55,1,348,169,4,4,1,1,1
55,2,358,171,5,5,1,1,1
55,3,338,223,5,5,1,1,1
55,4,305,212,5,5,1,1,1
55,5,269,265,5,5,1,1,1
56,1,348,169,4,4,1,1,1
56,2,358,171,5,5,1,1,1
56,3,338,223,5,5,1,1,1
56,4,305,212,5,5,1,1,1
56,5,269,265,5,5,1,1,1
57,1,348,169,4,4,1,1,1
57,2,358,171,5,4,1,1,1
57,3,338,223,5,4,1,1,1
57,4,305,212,5,5,1,1,1
57,5,269,265,5,5,1,1,1
58,1,348,169,4,4,1,1,1
58,2,358,171,5,4,1,1,1
58,3,338,223,5,4,1,1,1
58,4,305,212,5,5,1,1,1
58,5,269,265,5,5,1,1,1
59,1,348,168,4,5,1,1,1
59,2,358,171,5,5,1,1,1
59,3,338,223,5,5,1,1,1
59,4,305,212,4,5,1,1,1
59,5,269,265,4,5,1,1,1
60,1,348,168,4,5,1,1,1
60,2,358,171,5,5,1,1,1
60,3,338,223,5,5,1,1,1
60,4,305,212,4,5,1,1,1
60,5,269,265,4,5,1,1,1
61,1,347,168,6,5,1,1,1
61,2,358,171,4,5,1,1,1
61,3,338,223,5,5,1,1,1
61,4,305,212,4,5,1,1,1
61,5,269,265,4,5,1,1,1
62,1,347,168,6,5,1,1,1
62,2,358,171,4,5,1,1,1
62,3,338,223,5,5,1,1,1
62,4,305,212,4,5,1,1,1
62,5,269,265,4,5,1,1,1
63,1,347,167,6,5,1,1,1
63,2,358,171,4,5,1,1,1
63,3,338,223,5,5,1,1,1
63,4,305,212,4,5,1,1,1
63,5,269,265,4,5,1,1,1
64,1,347,167,6,5,1,1,1
64,2,358,171,4,5,1,1,1
64,3,338,223,5,5,1,1,1
64,4,305,212,4,5,1,1,1
64,5,269,265,4,5,1,1,1
65,1,347,167,6,5,1,1,1
65,2,358,171,4,5,1,1,1
65,3,339,223,4,5,1,1,1
65,4,305,212,4,5,1,1,1
65,5,269,265,4,5,1,1,1
66,1,347,167,6,5,1,1,1
66,2,358,171,4,5,1,1,1
66,3,339,223,4,5,1,1,1
66,4,305,212,4,5,1,1,1
66,5,269,265,4,5,1,1,1
67,1,347,167,6,5,1,1,1
67,2,358,171,4,5,1,1,1
67,3,339,223,4,5,1,1,1
67,4,305,212,4,5,1,1,1
67,5,269,265,4,5,1,1,1
67,9,83,472,5,5,1,1,1
68,1,347,167,6,5,1,1,1
68,2,358,171,4,5,1,1,1
68,3,339,223,4,5,1,1,1
68,4,305,212,4,5,1,1,1
68,5,269,265,4,5,1,1,1
68,9,83,472,5,5,1,1,1
69,1,347,167,6,5,1,1,1
69,2,358,171,4,5,1,1,1
69,3,339,223,4,5,1,1,1
69,4,305,212,4,5,1,1,1
69,5,269,265,4,5,1,1,1
69,9,83,472,5,5,1,1,1
70,1,347,167,6,5,1,1,1
70,2,358,171,4,5,1,1,1
70,3,339,223,4,5,1,1,1
70,4,305,212,4,5,1,1,1
70,5,269,265,4,5,1,1,1
70,9,83,472,5,5,1,1,1
71,1,347,167,6,5,1,1,1
71,2,358,171,4,4,1,1,1
71,3,339,223,4,4,1,1,1
71,4,305,212,4,5,1,1,1
71,5,269,265,4,5,1,1,1
72,1,347,167,6,5,1,1,1
72,2,358,171,4,4,1,1,1
72,3,339,223,4,4,1,1,1
72,4,305,212,4,5,1,1,1
72,5,269,265,4,5,1,1,1
73,1,347,167,6,5,1,1,1
73,2,357,170,6,6,1,1,1
73,3,339,223,4,4,1,1,1
73,4,304,212,5,5,1,1,1
73,5,269,265,4,5,1,1,1
74,1,347,167,6,5,1,1,1
74,2,357,170,6,6,1,1,1
74,3,339,223,4,4,1,1,1
74,4,304,212,5,5,1,1,1
74,5,269,265,4,5,1,1,1
75,1,347,167,6,5,1,1,1
75,2,357,170,6,6,1,1,1
75,3,339,223,4,5,1,1,1
75,4,304,212,5,5,1,1,1
75,5,269,265,4,5,1,1,1
76,1,347,167,6,5,1,1,1
76,2,357,170,6,6,1,1,1
76,3,339,223,4,5,1,1,1
76,4,304,212,5,5,1,1,1
76,5,269,265,4,5,1,1,1
77,1,347,167,6,5,1,1,1
77,2,357,170,6,6,1,1,1
77,3,339,223,4,5,1,1,1
77,4,304,212,5,5,1,1,1
77,5,269,265,4,5,1,1,1
78,1,347,167,6,5,1,1,1
78,2,357,170,6,6,1,1,1
78,3,339,223,4,5,1,1,1
78,4,304,212,5,5,1,1,1
78,5,269,265,4,5,1,1,1
79,1,347,167,6,5,1,1,1
79,2,358,169,4,6,1,1,1
79,3,339,223,4,5,1,1,1
79,4,304,212,5,5,1,1,1
79,5,268,265,5,5,1,1,1
80,1,347,167,6,5,1,1,1
80,2,358,169,4,6,1,1,1
80,3,339,223,4,5,1,1,1
80,4,304,212,5,5,1,1,1
80,5,268,265,5,5,1,1,1
81,1,347,167,6,5,1,1,1
81,2,358,169,4,6,1,1,1
81,3,339,223,4,5,1,1,1
81,4,305,212,3,5,1,1,1
81,5,268,265,5,5,1,1,1
82,1,347,167,6,5,1,1,1
82,2,358,169,4,6,1,1,1
82,3,339,223,4,5,1,1,1
82,4,305,212,3,5,1,1,1
82,5,268,265,5,5,1,1,1
83,1,347,167,6,5,1,1,1
83,2,358,169,4,6,1,1,1
83,3,339,223,4,5,1,1,1
83,4,305,212,3,5,1,1,1
83,5,268,265,5,5,1,1,1
84,1,347,167,6,5,1,1,1
84,2,358,169,4,6,1,1,1
84,3,339,223,4,5,1,1,1
84,4,305,212,3,5,1,1,1
84,5,268,265,5,5,1,1,1
85,1,347,167,6,5,1,1,1
85,2,358,169,4,5,1,1,1
85,3,339,223,4,5,1,1,1
85,4,304,212,4,4,1,1,1
85,5,268,265,4,5,1,1,1
86,1,347,167,6,5,1,1,1
86,2,358,169,4,5,1,1,1
86,3,339,223,4,5,1,1,1
86,4,304,212,4,4,1,1,1
86,5,268,265,4,5,1,1,1
87,1,347,167,6,5,1,1,1
87,2,358,169,4,5,1,1,1
87,3,339,223,4,5,1,1,1
87,4,304,212,4,4,1,1,1
87,5,268,265,4,5,1,1,1
88,1,347,167,6,5,1,1,1
88,2,358,169,4,5,1,1,1
88,3,339,223,4,5,1,1,1
88,4,304,212,4,4,1,1,1
88,5,268,265,4,5,1,1,1
89,1,347,167,6,5,1,1,1
89,2,358,169,4,5,1,1,1
89,3,338,224,5,4,1,1,1
89,4,304,212,4,4,1,1,1
89,5,267,265,6,5,1,1,1
90,1,347,167,6,5,1,1,1
90,2,358,169,4,5,1,1,1
90,3,338,224,5,4,1,1,1
90,4,304,212,4,4,1,1,1
90,5,267,265,6,5,1,1,1
91,1,347,167,6,5,1,1,1
91,2,358,169,4,5,1,1,1
91,3,338,224,5,5,1,1,1
91,4,304,212,4,4,1,1,1
91,5,267,265,5,5,1,1,1
92,1,347,167,6,5,1,1,1
92,2,358,169,4,5,1,1,1
92,3,338,224,5,5,1,1,1
92,4,304,212,4,4,1,1,1
92,5,267,265,5,5,1,1,1
93,1,347,167,6,5,1,1,1
93,2,358,169,4,5,1,1,1
93,3,338,224,4,5,1,1,1
93,4,304,212,4,4,1,1,1
93,5,267,265,5,6,1,1,1
94,1,347,167,6,5,1,1,1
94,2,358,169,4,5,1,1,1
94,3,338,224,4,5,1,1,1
94,4,304,212,4,4,1,1,1
94,5,267,265,5,6,1,1,1
95,1,347,167,6,5,1,1,1
95,2,358,169,4,5,1,1,1
95,3,338,224,4,5,1,1,1
95,4,303,212,5,4,1,1,1
95,5,267,265,5,6,1,1,1
96,1,347,167,6,5,1,1,1
96,2,358,169,4,5,1,1,1
96,3,338,224,4,5,1,1,1
96,4,303,212,5,4,1,1,1
96,5,267,265,5,6,1,1,1
97,1,347,167,6,5,1,1,1
97,2,358,169,4,5,1,1,1
97,3,337,224,5,5,1,1,1
97,4,303,212,4,4,1,1,1
97,5,267,266,5,5,1,1,1
98,1,347,167,6,5,1,1,1
98,2,358,169,4,5,1,1,1
98,3,337,224,5,5,1,1,1
98,4,303,212,4,4,1,1,1
98,5,267,266,5,5,1,1,1
99,1,347,167,6,5,1,1,1
99,2,358,169,4,5,1,1,1
99,3,337,225,5,4,1,1,1
99,4,303,212,4,4,1,1,1
99,5,268,266,4,5,1,1,1
100,1,347,167,6,5,1,1,1
100,2,358,169,4,5,1,1,1
100,3,337,225,5,4,1,1,1
100,4,303,212,4,4,1,1,1
100,5,268,266,4,5,1,1,1
101,1,347,167,6,5,1,1,1
101,2,358,169,4,5,1,1,1
101,3,336,225,5,5,1,1,1
101,4,303,212,5,4,1,1,1
101,5,267,266,5,5,1,1,1
102,1,347,167,6,5,1,1,1
102,2,358,169,4,5,1,1,1
102,3,336,225,5,5,1,1,1
102,4,303,212,5,4,1,1,1
102,5,267,266,5,5,1,1,1
103,1,347,167,6,5,1,1,1
103,2,358,169,4,5,1,1,1
103,3,336,225,5,5,1,1,1
103,4,303,212,5,4,1,1,1
103,5,267,266,5,5,1,1,1
104,1,347,167,6,5,1,1,1
104,2,358,169,4,5,1,1,1
104,3,336,225,5,5,1,1,1
104,4,303,212,5,4,1,1,1
104,5,267,266,5,5,1,1,1
105,1,347,167,6,5,1,1,1
105,2,358,169,4,5,1,1,1
105,3,335,226,5,5,1,1,1
105,4,303,211,5,5,1,1,1
105,5,267,266,5,5,1,1,1
106,1,347,167,6,5,1,1,1
106,2,358,169,4,5,1,1,1
106,3,335,226,5,5,1,1,1
106,4,303,211,5,5,1,1,1
106,5,267,266,5,5,1,1,1
107,1,347,167,6,5,1,1,1
107,2,357,169,5,5,1,1,1
107,3,334,226,6,6,1,1,1
107,4,303,211,5,5,1,1,1
107,5,267,266,4,5,1,1,1
108,1,347,167,6,5,1,1,1
108,2,357,169,5,5,1,1,1
108,3,334,226,6,6,1,1,1
108,4,303,211,5,5,1,1,1
108,5,267,266,4,5,1,1,1
109,1,347,167,6,5,1,1,1
109,2,357,169,5,5,1,1,1
109,3,334,227,5,5,1,1,1
109,4,303,211,5,5,1,1,1
109,5,267,266,4,5,1,1,1
110,1,347,167,6,5,1,1,1
110,2,357,169,5,5,1,1,1
110,3,334,227,5,5,1,1,1
110,4,303,211,5,5,1,1,1
110,5,267,266,4,5,1,1,1
111,1,347,167,6,5,1,1,1
111,2,357,169,5,5,1,1,1
111,3,334,227,5,5,1,1,1
111,4,303,211,4,5,1,1,1
111,5,267,266,4,5,1,1,1
112,1,347,167,6,5,1,1,1
112,2,357,169,5,5,1,1,1
112,3,334,227,5,5,1,1,1
112,4,303,211,4,5,1,1,1
112,5,267,266,4,5,1,1,1
113,1,347,167,6,5,1,1,1
113,2,357,169,5,5,1,1,1
113,3,333,228,5,5,1,1,1
113,4,303,211,4,5,1,1,1
113,5,267,266,4,5,1,1,1
114,1,347,167,6,5,1,1,1
114,2,357,169,5,5,1,1,1
114,3,333,228,5,5,1,1,1
114,4,303,211,4,5,1,1,1
114,5,267,266,4,5,1,1,1
115,1,347,167,6,5,1,1,1
115,2,357,169,5,5,1,1,1
115,3,332,228,6,5,1,1,1
115,4,303,211,4,5,1,1,1
115,5,267,266,4,5,1,1,1
116,1,347,167,6,5,1,1,1
116,2,357,169,5,5,1,1,1
116,3,332,228,6,5,1,1,1
116,4,303,211,4,5,1,1,1
116,5,267,266,4,5,1,1,1
117,1,347,167,6,5,1,1,1
117,2,357,169,5,5,1,1,1
117,3,332,228,5,6,1,1,1
117,4,302,211,5,5,1,1,1
117,5,267,266,4,5,1,1,1
118,1,347,167,6,5,1,1,1
118,2,357,169,5,5,1,1,1
118,3,332,228,5,6,1,1,1
118,4,302,211,5,5,1,1,1
118,5,267,266,4,5,1,1,1
119,1,347,167,6,5,1,1,1
119,2,357,169,4,5,1,1,1
119,3,332,229,5,5,1,1,1
119,4,302,211,5,5,1,1,1
119,5,266,266,6,5,1,1,1
120,1,347,167,6,5,1,1,1
120,2,357,169,4,5,1,1,1
120,3,332,229,5,5,1,1,1
120,4,302,211,5,5,1,1,1
120,5,266,266,6,5,1,1,1
121,1,347,167,6,5,1,1,1
121,2,357,169,4,5,1,1,1
121,3,331,229,6,5,1,1,1
121,4,302,211,5,5,1,1,1
121,5,266,266,6,5,1,1,1
122,1,347,167,6,5,1,1,1
122,2,357,169,4,5,1,1,1
122,3,331,229,6,5,1,1,1
122,4,302,211,5,5,1,1,1
122,5,266,266,6,5,1,1,1
123,1,347,167,6,5,1,1,1
123,2,357,169,4,5,1,1,1
123,3,331,229,5,6,1,1,1
123,4,302,211,5,5,1,1,1
123,5,266,266,5,6,1,1,1
124,1,347,167,6,5,1,1,1
124,2,357,169,4,5,1,1,1
124,3,331,229,5,6,1,1,1
124,4,302,211,5,5,1,1,1
124,5,266,266,5,6,1,1,1
125,1,347,167,6,5,1,1,1
125,2,357,169,4,5,1,1,1
125,3,331,230,5,5,1,1,1
125,4,302,211,5,5,1,1,1
125,5,266,266,5,6,1,1,1
126,1,347,167,6,5,1,1,1
126,2,357,169,4,5,1,1,1
126,3,331,230,5,5,1,1,1
126,4,302,211,5,5,1,1,1
126,5,266,266,5,6,1,1,1
127,1,347,167,6,5,1,1,1
127,2,357,169,4,5,1,1,1
127,3,331,230,5,5,1,1,1
127,4,302,211,5,5,1,1,1
127,5,266,266,5,6,1,1,1
128,1,347,167,6,5,1,1,1
128,2,357,169,4,5,1,1,1
128,3,331,230,5,5,1,1,1
128,4,302,211,5,5,1,1,1
128,5,266,266,5,6,1,1,1
129,1,347,167,6,5,1,1,1
129,2,357,169,4,5,1,1,1
129,3,331,230,4,5,1,1,1
129,4,302,211,5,5,1,1,1
129,5,266,266,5,6,1,1,1
130,1,347,167,6,5,1,1,1
130,2,357,169,4,5,1,1,1
130,3,331,230,4,5,1,1,1
130,4,302,211,5,5,1,1,1
130,5,266,266,5,6,1,1,1
131,1,347,167,6,5,1,1,1
131,2,357,169,4,5,1,1,1
131,3,330,230,6,5,1,1,1
131,4,302,211,5,5,1,1,1
131,5,266,266,5,6,1,1,1
132,1,347,167,6,5,1,1,1
132,2,357,169,4,5,1,1,1
132,3,330,230,6,5,1,1,1
132,4,302,211,5,5,1,1,1
132,5,266,266,5,6,1,1,1
133,1,347,167,6,5,1,1,1
133,2,357,169,4,5,1,1,1
133,3,330,230,5,6,1,1,1
133,4,302,211,5,5,1,1,1
133,5,266,267,5,5,1,1,1
134,1,347,167,6,5,1,1,1
134,2,357,169,4,5,1,1,1
134,3,330,230,5,6,1,1,1
134,4,302,211,5,5,1,1,1
134,5,266,267,5,5,1,1,1
135,1,347,167,6,5,1,1,1
135,2,357,169,4,5,1,1,1
135,3,330,231,5,5,1,1,1
135,4,302,211,5,5,1,1,1
135,5,266,267,4,5,1,1,1
136,1,347,167,6,5,1,1,1
136,2,357,169,4,5,1,1,1
136,3,330,231,5,5,1,1,1
136,4,302,211,5,5,1,1,1
136,5,266,267,4,5,1,1,1
137,1,347,167,5,5,1,1,1
137,2,357,169,4,5,1,1,1
137,3,330,231,5,5,1,1,1
137,4,302,211,5,5,1,1,1
137,5,266,267,4,5,1,1,1
138,1,347,167,5,5,1,1,1
138,2,357,169,4,5,1,1,1
138,3,330,231,5,5,1,1,1
138,4,302,211,5,5,1,1,1
138,5,266,267,4,5,1,1,1
139,1,347,167,5,5,1,1,1
139,2,357,169,4,5,1,1,1
139,3,330,231,5,5,1,1,1
139,4,302,211,4,5,1,1,1
139,5,266,267,4,5,1,1,1
140,1,347,167,5,5,1,1,1
140,2,357,169,4,5,1,1,1
140,3,330,231,5,5,1,1,1
140,4,302,211,4,5,1,1,1
140,5,266,267,4,5,1,1,1
141,1,347,167,5,5,1,1,1
141,2,357,169,4,5,1,1,1
141,3,330,231,4,5,1,1,1
141,4,302,211,4,5,1,1,1
141,5,266,267,4,5,1,1,1
142,1,347,167,5,5,1,1,1
142,2,357,169,4,5,1,1,1
142,3,330,231,4,5,1,1,1
142,4,302,211,4,5,1,1,1
142,5,266,267,4,5,1,1,1
143,1,347,167,5,5,1,1,1
143,2,357,169,4,5,1,1,1
143,3,330,231,4,5,1,1,1
143,4,302,211,4,5,1,1,1
143,5,266,267,4,5,1,1,1
144,1,347,167,5,5,1,1,1
144,2,357,169,4,5,1,1,1
144,3,330,231,4,5,1,1,1
144,4,302,211,4,5,1,1,1
144,5,266,267,4,5,1,1,1
145,1,347,167,5,5,1,1,1
145,2,357,169,4,5,1,1,1
145,3,330,231,4,5,1,1,1
145,4,302,211,4,5,1,1,1
145,5,266,267,4,5,1,1,1
146,1,347,167,5,5,1,1,1
146,2,357,169,4,5,1,1,1
146,3,330,231,4,5,1,1,1
146,4,302,211,4,5,1,1,1
146,5,266,267,4,5,1,1,1
147,1,347,167,5,5,1,1,1
147,2,357,169,4,5,1,1,1
147,3,330,231,4,5,1,1,1
147,4,302,211,4,5,1,1,1
147,5,266,267,4,5,1,1,1
148,1,347,167,5,5,1,1,1
148,2,357,169,4,5,1,1,1
148,3,330,231,4,5,1,1,1
148,4,302,211,4,5,1,1,1
148,5,266,267,4,5,1,1,1
149,1,347,167,5,5,1,1,1
149,2,357,169,4,5,1,1,1
149,3,330,231,4,5,1,1,1
149,4,302,211,4,5,1,1,1
149,5,266,267,4,5,1,1,1
150,1,347,167,5,5,1,1,1
150,2,357,169,4,5,1,1,1
150,3,330,231,4,5,1,1,1
150,4,302,211,4,5,1,1,1
150,5,266,267,4,5,1,1,1
151,1,347,167,4,5,1,1,1
151,2,357,169,4,5,1,1,1
151,3,330,231,4,5,1,1,1
151,4,302,211,4,5,1,1,1
151,5,266,267,4,5,1,1,1
152,1,347,167,4,5,1,1,1
152,2,357,169,4,5,1,1,1
152,3,330,231,4,5,1,1,1
152,4,302,211,4,5,1,1,1
152,5,266,267,4,5,1,1,1
153,1,347,167,5,5,1,1,1
153,2,357,169,4,5,1,1,1
153,3,329,231,5,5,1,1,1
153,4,302,211,4,5,1,1,1
153,5,266,267,4,5,1,1,1
154,1,347,167,5,5,1,1,1
154,2,357,169,4,5,1,1,1
154,3,329,231,5,5,1,1,1
154,4,302,211,4,5,1,1,1
154,5,266,267,4,5,1,1,1
155,1,347,167,4,5,1,1,1
155,2,357,169,4,5,1,1,1
155,3,329,231,5,5,1,1,1
155,4,301,211,5,5,1,1,1
155,5,266,267,4,5,1,1,1
156,1,347,167,4,5,1,1,1
156,2,357,169,4,5,1,1,1
156,3,329,231,5,5,1,1,1
156,4,301,211,5,5,1,1,1
156,5,266,267,4,5,1,1,1
157,1,347,167,4,5,1,1,1
157,2,357,169,4,5,1,1,1
157,3,329,231,5,5,1,1,1
157,4,301,211,5,5,1,1,1
157,5,266,267,4,5,1,1,1
158,1,347,167,4,5,1,1,1
158,2,357,169,4,5,1,1,1
158,3,329,231,5,5,1,1,1
158,4,301,211,5,5,1,1,1
158,5,266,267,4,5,1,1,1
159,1,347,167,4,5,1,1,1
159,2,357,169,4,5,1,1,1
159,3,329,231,5,5,1,1,1
159,4,301,210,5,5,1,1,1
159,5,266,267,4,5,1,1,1
160,1,347,167,4,5,1,1,1
160,2,357,169,4,5,1,1,1
160,3,329,231,5,5,1,1,1
160,4,301,210,5,5,1,1,1
160,5,266,267,4,5,1,1,1
161,1,347,167,4,5,1,1,1
161,2,357,169,4,5,1,1,1
161,3,329,231,5,5,1,1,1
161,4,301,210,4,5,1,1,1
161,5,266,267,4,5,1,1,1
162,1,347,167,4,5,1,1,1
162,2,357,169,4,5,1,1,1
162,3,329,231,5,5,1,1,1
162,4,301,210,4,5,1,1,1
162,5,266,267,4,5,1,1,1
163,1,347,167,4,5,1,1,1
163,2,357,169,4,5,1,1,1
163,3,329,231,4,5,1,1,1
163,4,301,210,4,5,1,1,1
163,5,266,267,4,5,1,1,1
164,1,347,167,4,5,1,1,1
164,2,357,169,4,5,1,1,1
164,3,329,231,4,5,1,1,1
164,4,301,210,4,5,1,1,1
164,5,266,267,4,5,1,1,1
165,1,347,167,4,5,1,1,1
165,2,357,169,4,5,1,1,1
165,3,329,231,4,5,1,1,1
165,4,301,210,4,5,1,1,1
165,5,265,267,5,5,1,1,1
166,1,347,167,4,5,1,1,1
166,2,357,169,4,5,1,1,1
166,3,329,231,4,5,1,1,1
166,4,301,210,4,5,1,1,1
166,5,265,267,5,5,1,1,1
167,1,347,167,4,5,1,1,1
167,2,357,169,4,5,1,1,1
167,3,328,230,6,6,1,1,1
167,4,301,210,4,5,1,1,1
167,5,265,267,5,5,1,1,1
168,1,347,167,4,5,1,1,1
168,2,357,169,4,5,1,1,1
168,3,328,230,6,6,1,1,1
168,4,301,210,4,5,1,1,1
168,5,265,267,5,5,1,1,1
169,1,347,167,4,5,1,1,1
169,2,357,169,4,5,1,1,1
169,3,329,230,4,5,1,1,1
169,4,301,210,4,5,1,1,1
169,5,265,267,5,5,1,1,1
170,1,347,167,4,5,1,1,1
170,2,357,169,4,5,1,1,1
170,3,329,230,4,5,1,1,1
170,4,301,210,4,5,1,1,1
170,5,265,267,5,5,1,1,1
171,1,347,167,4,5,1,1,1
171,2,357,169,4,5,1,1,1
171,3,329,230,4,5,1,1,1
171,4,301,210,4,5,1,1,1
171,5,265,267,4,5,1,1,1
172,1,347,167,4,5,1,1,1
172,2,357,169,4,5,1,1,1
172,3,329,230,4,5,1,1,1
172,4,301,210,4,5,1,1,1
172,5,265,267,4,5,1,1,1
173,1,347,167,4,5,1,1,1
173,2,357,169,4,5,1,1,1
173,3,329,229,5,6,1,1,1
173,4,301,210,4,5,1,1,1
173,5,265,267,4,5,1,1,1
174,1,347,167,4,5,1,1,1
174,2,357,169,4,5,1,1,1
174,3,329,229,5,6,1,1,1
174,4,301,210,4,5,1,1,1
174,5,265,267,4,5,1,1,1
175,1,347,167,4,5,1,1,1
175,2,357,169,4,5,1,1,1
175,3,329,229,5,5,1,1,1
175,4,301,210,4,5,1,1,1
175,5,265,267,4,5,1,1,1
176,1,347,167,4,5,1,1,1
176,2,357,169,4,5,1,1,1
176,3,329,229,5,5,1,1,1
176,4,301,210,4,5,1,1,1
176,5,265,267,4,5,1,1,1
177,1,347,167,4,5,1,1,1
177,2,357,169,4,5,1,1,1
177,3,329,229,5,5,1,1,1
177,4,301,210,4,5,1,1,1
177,5,265,267,4,5,1,1,1
178,1,347,167,4,5,1,1,1
178,2,357,169,4,5,1,1,1
178,3,329,229,5,5,1,1,1
178,4,301,210,4,5,1,1,1
178,5,265,267,4,5,1,1,1
179,1,346,167,5,5,1,1,1
179,2,357,169,4,5,1,1,1
179,3,329,229,5,5,1,1,1
179,4,300,210,5,5,1,1,1
179,5,265,267,4,5,1,1,1
180,1,346,167,5,5,1,1,1
180,2,357,169,4,5,1,1,1
180,3,329,229,5,5,1,1,1
180,4,300,210,5,5,1,1,1
180,5,265,267,4,5,1,1,1
181,1,346,167,5,5,1,1,1
181,2,357,169,4,5,1,1,1
181,3,329,229,5,5,1,1,1
181,4,300,210,5,5,1,1,1
181,5,264,267,5,5,1,1,1
182,1,346,167,5,5,1,1,1
182,2,357,169,4,5,1,1,1
182,3,329,229,5,5,1,1,1
182,4,300,210,5,5,1,1,1
182,5,264,267,5,5,1,1,1
183,1,346,167,5,5,1,1,1
183,2,357,169,4,5,1,1,1
183,3,329,229,4,5,1,1,1
183,4,300,210,5,5,1,1,1
183,5,264,267,5,5,1,1,1
184,1,346,167,5,5,1,1,1
184,2,357,169,4,5,1,1,1
184,3,329,229,4,5,1,1,1
184,4,300,210,5,5,1,1,1
184,5,264,267,5,5,1,1,1
185,1,346,167,5,5,1,1,1
185,2,356,169,5,5,1,1,1
185,3,329,229,4,5,1,1,1
185,4,300,210,5,5,1,1,1
185,5,264,267,5,5,1,1,1
186,1,346,167,5,5,1,1,1
186,2,356,169,5,5,1,1,1
186,3,329,229,4,5,1,1,1
186,4,300,210,5,5,1,1,1
186,5,264,267,5,5,1,1,1
187,1,346,167,5,5,1,1,1
187,2,356,169,5,5,1,1,1
187,3,329,229,4,5,1,1,1
187,4,300,210,4,5,1,1,1
187,5,264,267,5,5,1,1,1
188,1,346,167,5,5,1,1,1
188,2,356,169,5,5,1,1,1
188,3,329,229,4,5,1,1,1
188,4,300,210,4,5,1,1,1
188,5,264,267,5,5,1,1,1
189,1,346,167,5,5,1,1,1
189,2,356,169,5,5,1,1,1
189,3,329,229,4,5,1,1,1
189,4,300,210,5,5,1,1,1
189,5,264,267,4,5,1,1,1
190,1,346,167,5,5,1,1,1
190,2,356,169,5,5,1,1,1
190,3,329,229,4,5,1,1,1
190,4,300,210,5,5,1,1,1
190,5,264,267,4,5,1,1,1
191,1,346,167,5,5,1,1,1
191,2,356,169,5,5,1,1,1
191,3,329,229,4,4,1,1,1
191,4,300,210,5,5,1,1,1
191,5,264,267,4,5,1,1,1
192,1,346,167,5,5,1,1,1
192,2,356,169,5,5,1,1,1
192,3,329,229,4,4,1,1,1
192,4,300,210,5,5,1,1,1
192,5,264,267,4,5,1,1,1
193,1,346,166,5,6,1,1,1
193,2,356,169,5,5,1,1,1
193,3,329,229,4,4,1,1,1
193,4,300,210,4,5,1,1,1
193,5,264,267,4,5,1,1,1
194,1,346,166,5,6,1,1,1
194,2,356,169,5,5,1,1,1
194,3,329,229,4,4,1,1,1
194,4,300,210,4,5,1,1,1
194,5,264,267,4,5,1,1,1
195,1,346,166,5,5,1,1,1
195,2,357,169,3,5,1,1,1
195,3,329,229,4,4,1,1,1
195,4,299,210,5,5,1,1,1
195,5,264,267,4,5,1,1,1
196,1,346,166,5,5,1,1,1
196,2,357,169,3,5,1,1,1
196,3,329,229,4,4,1,1,1
196,4,299,210,5,5,1,1,1
196,5,264,267,4,5,1,1,1
197,1,346,166,5,5,1,1,1
197,2,356,169,5,5,1,1,1
197,3,329,228,4,5,1,1,1
197,4,299,210,5,5,1,1,1
197,5,264,267,4,5,1,1,1
198,1,346,166,5,5,1,1,1
198,2,356,169,5,5,1,1,1
198,3,329,228,4,5,1,1,1
198,4,299,210,5,5,1,1,1
198,5,264,267,4,5,1,1,1
199,1,346,166,5,5,1,1,1
199,2,356,169,5,5,1,1,1
199,3,328,228,5,5,1,1,1
199,4,299,210,5,5,1,1,1
199,5,264,267,4,5,1,1,1
200,1,346,166,5,5,1,1,1
200,2,356,169,5,5,1,1,1
200,3,328,228,5,5,1,1,1
200,4,299,210,5,5,1,1,1
200,5,264,267,4,5,1,1,1
201,1,346,166,5,5,1,1,1
201,2,355,168,6,6,1,1,1
201,3,328,228,5,5,1,1,1
201,4,299,210,4,5,1,1,1
201,5,264,267,4,5,1,1,1
202,1,346,166,5,5,1,1,1
202,2,355,168,6,6,1,1,1
202,3,328,228,5,5,1,1,1
202,4,299,210,4,5,1,1,1
202,5,264,267,4,5,1,1,1
203,1,346,166,5,5,1,1,1
203,2,355,168,6,7,1,1,1
203,3,328,228,5,5,1,1,1
203,4,299,210,4,5,1,1,1
203,5,263,267,5,5,1,1,1
204,1,346,166,5,5,1,1,1
204,2,355,168,6,7,1,1,1
204,3,328,228,5,5,1,1,1
204,4,299,210,4,5,1,1,1
204,5,263,267,5,5,1,1,1
205,1,346,166,5,5,1,1,1
205,2,356,169,4,6,1,1,1
205,3,328,228,5,5,1,1,1
205,4,299,210,4,5,1,1,1
205,5,263,267,5,5,1,1,1
206,1,346,166,5,5,1,1,1
206,2,356,169,4,6,1,1,1
206,3,328,228,5,5,1,1,1
206,4,299,210,4,5,1,1,1
206,5,263,267,5,5,1,1,1
207,1,346,166,5,5,1,1,1
207,2,356,169,4,6,1,1,1
207,3,328,228,5,5,1,1,1
207,4,299,210,4,5,1,1,1
207,5,263,267,4,5,1,1,1
208,1,346,166,5,5,1,1,1
208,2,356,169,4,6,1,1,1
208,3,328,228,5,5,1,1,1
208,4,299,210,4,5,1,1,1
208,5,263,267,4,5,1,1,1
209,1,346,166,5,5,1,1,1
209,2,356,169,4,6,1,1,1
209,3,328,228,5,5,1,1,1
209,4,299,210,4,5,1,1,1
209,5,263,267,4,5,1,1,1
210,1,346,166,5,5,1,1,1
210,2,356,169,4,6,1,1,1
210,3,328,228,5,5,1,1,1
210,4,299,210,4,5,1,1,1
210,5,263,267,4,5,1,1,1
211,1,346,166,5,5,1,1,1
211,2,356,169,4,6,1,1,1
211,3,328,228,5,5,1,1,1
211,4,299,210,4,5,1,1,1
211,5,263,267,4,5,1,1,1
212,1,346,166,5,5,1,1,1
212,2,356,169,4,6,1,1,1
212,3,328,228,5,5,1,1,1
212,4,299,210,4,5,1,1,1
212,5,263,267,4,5,1,1,1
213,1,346,166,4,5,1,1,1
213,2,356,170,4,5,1,1,1
213,3,328,228,4,5,1,1,1
213,4,299,210,4,5,1,1,1
213,5,263,267,4,5,1,1,1
214,1,346,166,4,5,1,1,1
214,2,356,170,4,5,1,1,1
214,3,328,228,4,5,1,1,1
214,4,299,210,4,5,1,1,1
214,5,263,267,4,5,1,1,1
215,1,346,166,4,5,1,1,1
215,2,356,170,4,5,1,1,1
215,3,328,228,4,5,1,1,1
215,4,299,210,4,5,1,1,1
215,5,263,267,4,5,1,1,1
216,1,346,166,4,5,1,1,1
216,2,356,170,4,5,1,1,1
216,3,328,228,4,5,1,1,1
216,4,299,210,4,5,1,1,1
216,5,263,267,4,5,1,1,1
217,1,346,166,4,5,1,1,1
217,2,355,169,6,6,1,1,1
217,3,328,228,4,5,1,1,1
217,4,298,210,5,5,1,1,1
217,5,263,267,4,5,1,1,1
218,1,346,166,4,5,1,1,1
218,2,355,169,6,6,1,1,1
218,3,328,228,4,5,1,1,1
218,4,298,210,5,5,1,1,1
218,5,263,267,4,5,1,1,1
219,1,346,166,4,5,1,1,1
219,2,355,169,6,6,1,1,1
219,3,328,228,4,5,1,1,1
219,4,298,210,5,5,1,1,1
219,5,263,267,4,5,1,1,1
220,1,346,166,4,5,1,1,1
220,2,355,169,6,6,1,1,1
220,3,328,228,4,5,1,1,1
220,4,298,210,5,5,1,1,1
220,5,263,267,4,5,1,1,1
221,1,346,166,4,5,1,1,1
221,2,356,169,4,5,1,1,1
221,3,328,228,4,5,1,1,1
221,4,298,210,4,5,1,1,1
221,5,263,267,4,5,1,1,1
222,1,346,166,4,5,1,1,1
222,2,356,169,4,5,1,1,1
222,3,328,228,4,5,1,1,1
222,4,298,210,4,5,1,1,1
222,5,263,267,4,5,1,1,1
223,1,346,166,4,5,1,1,1
223,2,356,168,4,6,1,1,1
223,3,328,228,4,5,1,1,1
223,4,298,210,4,5,1,1,1
223,5,263,267,4,5,1,1,1
224,1,346,166,4,5,1,1,1
224,2,356,168,4,6,1,1,1
224,3,328,228,4,5,1,1,1
224,4,298,210,4,5,1,1,1
224,5,263,267,4,5,1,1,1
225,1,346,166,4,5,1,1,1
225,2,356,168,4,6,1,1,1
225,3,328,228,4,5,1,1,1
225,4,298,210,4,5,1,1,1
225,5,263,267,4,5,1,1,1
226,1,346,166,4,5,1,1,1
226,2,356,168,4,6,1,1,1
226,3,328,228,4,5,1,1,1
226,4,298,210,4,5,1,1,1
226,5,263,267,4,5,1,1,1
227,1,346,166,4,5,1,1,1
227,2,356,168,4,5,1,1,1
227,3,328,228,4,5,1,1,1
227,4,298,210,4,5,1,1,1
227,5,263,267,4,5,1,1,1
228,1,346,166,4,5,1,1,1
228,2,356,168,4,5,1,1,1
228,3,328,228,4,5,1,1,1
228,4,298,210,4,5,1,1,1
228,5,263,267,4,5,1,1,1
229,1,345,166,5,5,1,1,1
229,2,356,168,4,5,1,1,1
229,3,327,228,5,4,1,1,1
229,4,298,210,4,5,1,1,1
229,5,262,267,5,5,1,1,1
230,1,345,166,5,5,1,1,1
230,2,356,168,4,5,1,1,1
230,3,327,228,5,4,1,1,1
230,4,298,210,4,5,1,1,1
230,5,262,267,5,5,1,1,1
231,1,345,166,5,5,1,1,1
231,2,356,168,4,5,1,1,1
231,3,327,227,5,5,1,1,1
231,4,298,210,4,5,1,1,1
231,5,262,267,5,5,1,1,1
232,1,345,166,5,5,1,1,1
232,2,356,168,4,5,1,1,1
232,3,327,227,5,5,1,1,1
232,4,298,210,4,5,1,1,1
232,5,262,267,5,5,1,1,1
233,1,345,166,5,5,1,1,1
233,2,356,168,4,5,1,1,1
233,3,327,227,5,5,1,1,1
233,4,298,210,4,5,1,1,1
233,5,262,267,5,5,1,1,1
234,1,345,166,5,5,1,1,1
234,2,356,168,4,5,1,1,1
234,3,327,227,5,5,1,1,1
234,4,298,210,4,5,1,1,1
234,5,262,267,5,5,1,1,1
235,1,345,166,5,5,1,1,1
235,2,356,168,4,5,1,1,1
235,3,327,227,5,5,1,1,1
235,4,298,210,4,5,1,1,1
235,5,262,267,5,5,1,1,1
236,1,345,166,5,5,1,1,1
236,2,356,168,4,5,1,1,1
236,3,327,227,5,5,1,1,1
236,4,298,210,4,5,1,1,1
236,5,262,267,5,5,1,1,1
237,1,345,166,5,5,1,1,1
237,2,356,168,4,5,1,1,1
237,3,327,227,5,5,1,1,1
237,4,297,210,5,5,1,1,1
237,5,262,267,5,5,1,1,1
238,1,345,166,5,5,1,1,1
238,2,356,168,4,5,1,1,1
238,3,327,227,5,5,1,1,1
238,4,297,210,5,5,1,1,1
238,5,262,267,5,5,1,1,1
239,1,345,166,5,5,1,1,1
239,2,356,168,4,5,1,1,1
239,3,327,227,5,5,1,1,1
239,4,297,210,5,5,1,1,1
239,5,262,267,5,5,1,1,1
240,1,345,166,5,5,1,1,1
240,2,356,168,4,5,1,1,1
240,3,327,227,5,5,1,1,1
240,4,297,210,5,5,1,1,1
240,5,262,267,5,5,1,1,1
241,1,345,166,5,5,1,1,1
241,2,356,168,4,5,1,1,1
241,3,327,227,4,5,1,1,1
241,4,297,210,5,5,1,1,1
241,5,262,267,4,5,1,1,1
242,1,345,166,5,5,1,1,1
242,2,356,168,4,5,1,1,1
242,3,327,227,4,5,1,1,1
242,4,297,210,5,5,1,1,1
242,5,262,267,4,5,1,1,1
243,1,345,166,5,5,1,1,1
243,2,356,168,4,5,1,1,1
243,3,327,227,4,5,1,1,1
243,4,297,210,5,5,1,1,1
243,5,262,267,4,5,1,1,1
244,1,345,166,5,5,1,1,1
244,2,356,168,4,5,1,1,1
244,3,327,227,4,5,1,1,1
244,4,297,210,5,5,1,1,1
244,5,262,267,4,5,1,1,1
245,1,345,166,5,5,1,1,1
245,2,356,168,4,5,1,1,1
245,3,327,227,5,5,1,1,1
245,4,297,210,4,5,1,1,1
245,5,262,267,4,5,1,1,1
246,1,345,166,5,5,1,1,1
246,2,356,168,4,5,1,1,1
246,3,327,227,5,5,1,1,1
246,4,297,210,4,5,1,1,1
246,5,262,267,4,5,1,1,1
247,1,345,166,5,5,1,1,1
247,2,356,168,4,5,1,1,1
247,3,327,227,4,5,1,1,1
247,4,297,210,4,5,1,1,1
247,5,261,266,6,6,1,1,1
248,1,345,166,5,5,1,1,1
248,2,356,168,4,5,1,1,1
248,3,327,227,4,5,1,1,1
248,4,297,210,4,5,1,1,1
248,5,261,266,6,6,1,1,1
249,1,345,166,5,5,1,1,1
249,2,356,168,4,5,1,1,1
249,3,328,227,3,5,1,1,1
249,4,298,210,3,5,1,1,1
249,5,261,266,6,6,1,1,1
250,1,345,166,5,5,1,1,1
250,2,356,168,4,5,1,1,1
250,3,328,227,3,5,1,1,1
250,4,298,210,3,5,1,1,1
250,5,261,266,6,6,1,1,1
251,1,345,166,4,5,1,1,1
251,2,356,168,4,5,1,1,1
251,3,327,227,4,4,1,1,1
251,4,297,210,4,4,1,1,1
251,5,261,266,6,6,1,1,1
252,1,345,166,4,5,1,1,1
252,2,356,168,4,5,1,1,1
252,3,327,227,4,4,1,1,1
252,4,297,210,4,4,1,1,1
252,5,261,266,6,6,1,1,1
253,1,345,166,4,5,1,1,1
253,2,356,168,4,5,1,1,1
253,3,327,227,4,4,1,1,1
253,4,297,210,4,4,1,1,1
253,5,262,265,4,6,1,1,1
254,1,345,166,4,5,1,1,1
254,2,356,168,4,5,1,1,1
254,3,327,227,4,4,1,1,1
254,4,297,210,4,4,1,1,1
254,5,262,265,4,6,1,1,1
255,1,345,166,4,5,1,1,1
255,2,356,168,4,5,1,1,1
255,3,327,227,4,4,1,1,1
255,4,297,209,4,5,1,1,1
255,5,262,265,4,6,1,1,1
256,1,345,166,4,5,1,1,1
256,2,356,168,4,5,1,1,1
256,3,327,227,4,4,1,1,1
256,4,297,209,4,5,1,1,1
256,5,262,265,4,6,1,1,1
257,1,345,166,4,4,1,1,1
257,2,356,168,4,5,1,1,1
257,3,327,226,4,5,1,1,1
257,4,297,209,4,5,1,1,1
257,5,262,265,4,6,1,1,1
258,1,345,166,4,4,1,1,1
258,2,356,168,4,5,1,1,1
258,3,327,226,4,5,1,1,1
258,4,297,209,4,5,1,1,1
258,5,262,265,4,6,1,1,1
259,1,345,166,4,4,1,1,1
259,2,356,168,4,5,1,1,1
259,3,326,226,5,5,1,1,1
259,4,296,209,5,5,1,1,1
259,5,262,265,4,5,1,1,1
260,1,345,166,4,4,1,1,1
260,2,356,168,4,5,1,1,1
260,3,326,226,5,5,1,1,1
260,4,296,209,5,5,1,1,1
260,5,262,265,4,5,1,1,1
261,1,345,166,4,4,1,1,1
261,2,356,168,4,5,1,1,1
261,3,326,226,5,5,1,1,1
261,4,296,209,5,5,1,1,1
261,5,262,265,4,5,1,1,1
262,1,345,166,4,4,1,1,1
262,2,356,168,4,5,1,1,1
262,3,326,226,5,5,1,1,1
262,4,296,209,5,5,1,1,1
262,5,262,265,4,5,1,1,1
263,1,345,165,4,5,1,1,1
263,2,356,168,4,5,1,1,1
263,3,326,226,5,5,1,1,1
263,4,296,209,5,5,1,1,1
263,5,262,265,4,5,1,1,1
264,1,345,165,4,5,1,1,1
264,2,356,168,4,5,1,1,1
264,3,326,226,5,5,1,1,1
264,4,296,209,5,5,1,1,1
264,5,262,265,4,5,1,1,1
265,1,345,165,4,5,1,1,1
265,2,356,168,4,5,1,1,1
265,3,326,226,5,5,1,1,1
265,4,296,209,5,5,1,1,1
265,5,262,265,4,5,1,1,1
266,1,345,165,4,5,1,1,1
266,2,356,168,4,5,1,1,1
266,3,326,226,5,5,1,1,1
266,4,296,209,5,5,1,1,1
266,5,262,265,4,5,1,1,1
267,1,345,165,4,5,1,1,1
267,2,355,168,6,5,1,1,1
267,3,326,226,5,5,1,1,1
267,4,296,209,5,5,1,1,1
267,5,262,265,4,5,1,1,1
268,1,345,165,4,5,1,1,1
268,2,355,168,6,5,1,1,1
268,3,326,226,5,5,1,1,1
268,4,296,209,5,5,1,1,1
268,5,262,265,4,5,1,1,1
269,1,345,165,4,5,1,1,1
269,2,355,168,6,5,1,1,1
269,3,326,226,5,5,1,1,1
269,4,296,209,5,5,1,1,1
269,5,262,265,4,5,1,1,1
270,1,345,165,4,5,1,1,1
270,2,355,168,6,5,1,1,1
270,3,326,226,5,5,1,1,1
270,4,296,209,5,5,1,1,1
270,5,262,265,4,5,1,1,1
271,1,345,165,4,5,1,1,1
271,2,355,167,6,6,1,1,1
271,3,326,226,5,5,1,1,1
271,4,296,209,5,5,1,1,1
271,5,262,265,4,5,1,1,1
272,1,345,165,4,5,1,1,1
272,2,355,167,6,6,1,1,1
272,3,326,226,5,5,1,1,1
272,4,296,209,5,5,1,1,1
272,5,262,265,4,5,1,1,1
273,1,345,165,4,5,1,1,1
273,2,355,167,6,6,1,1,1
273,3,326,226,4,5,1,1,1
273,4,296,209,4,5,1,1,1
273,5,262,265,4,5,1,1,1
274,1,345,165,4,5,1,1,1
274,2,355,167,6,6,1,1,1
274,3,326,226,4,5,1,1,1
274,4,296,209,4,5,1,1,1
274,5,262,265,4,5,1,1,1
275,1,344,165,5,5,1,1,1
275,2,355,167,6,6,1,1,1
275,3,325,226,6,5,1,1,1
275,4,296,209,4,5,1,1,1
275,5,262,265,4,5,1,1,1
276,1,344,165,5,5,1,1,1
276,2,355,167,6,6,1,1,1
276,3,325,226,6,5,1,1,1
276,4,296,209,4,5,1,1,1
276,5,262,265,4,5,1,1,1
277,1,344,165,5,5,1,1,1
277,2,355,167,6,6,1,1,1
277,3,325,226,6,5,1,1,1
277,4,296,209,4,5,1,1,1
277,5,262,265,4,5,1,1,1
278,1,344,165,5,5,1,1,1
278,2,355,167,6,6,1,1,1
278,3,325,226,6,5,1,1,1
278,4,296,209,4,5,1,1,1
278,5,262,265,4,5,1,1,1
279,1,344,165,5,5,1,1,1
279,2,356,167,4,6,1,1,1
279,3,325,225,6,6,1,1,1
279,4,296,209,4,5,1,1,1
279,5,262,265,4,5,1,1,1
280,1,344,165,5,5,1,1,1
280,2,356,167,4,6,1,1,1
280,3,325,225,6,6,1,1,1
280,4,296,209,4,5,1,1,1
280,5,262,265,4,5,1,1,1
281,1,344,165,5,5,1,1,1
281,2,356,167,4,6,1,1,1
281,3,325,225,6,6,1,1,1
281,4,295,209,5,5,1,1,1
281,5,261,265,5,5,1,1,1
282,1,344,165,5,5,1,1,1
282,2,356,167,4,6,1,1,1
282,3,325,225,6,6,1,1,1
282,4,295,209,5,5,1,1,1
282,5,261,265,5,5,1,1,1
283,1,344,165,4,5,1,1,1
283,2,356,167,4,5,1,1,1
283,3,326,225,4,6,1,1,1
283,4,295,209,5,5,1,1,1
283,5,261,265,5,5,1,1,1
284,1,344,165,4,5,1,1,1
284,2,356,167,4,5,1,1,1
284,3,326,225,4,6,1,1,1
284,4,295,209,5,5,1,1,1
284,5,261,265,5,5,1,1,1
285,1,344,165,4,5,1,1,1
285,2,356,167,4,5,1,1,1
285,3,326,225,4,6,1,1,1
285,4,295,209,5,5,1,1,1
285,5,261,265,5,5,1,1,1
286,1,344,165,4,5,1,1,1
286,2,356,167,4,5,1,1,1
286,3,326,225,4,6,1,1,1
286,4,295,209,5,5,1,1,1
286,5,261,265,5,5,1,1,1
287,1,344,165,4,5,1,1,1
287,2,356,167,4,5,1,1,1
287,3,326,225,4,5,1,1,1
287,4,295,209,5,5,1,1,1
287,5,261,265,5,5,1,1,1
288,1,344,165,4,5,1,1,1
288,2,356,167,4,5,1,1,1
288,3,326,225,4,5,1,1,1
288,4,295,209,5,5,1,1,1
288,5,261,265,5,5,1,1,1
289,1,344,165,4,5,1,1,1
289,2,356,167,4,5,1,1,1
289,3,325,225,5,5,1,1,1
289,4,295,209,4,5,1,1,1
289,5,261,264,5,6,1,1,1
290,1,344,165,4,5,1,1,1
290,2,356,167,4,5,1,1,1
290,3,325,225,5,5,1,1,1
290,4,295,209,4,5,1,1,1
290,5,261,264,5,6,1,1,1
291,1,344,165,4,5,1,1,1
291,2,356,167,4,5,1,1,1
291,3,325,225,5,5,1,1,1
291,4,295,209,4,5,1,1,1
291,5,261,264,4,6,1,1,1
292,1,344,165,4,5,1,1,1
292,2,356,167,4,5,1,1,1
292,3,325,225,5,5,1,1,1
292,4,295,209,4,5,1,1,1
292,5,261,264,4,6,1,1,1
293,1,344,165,4,5,1,1,1
293,2,356,167,4,5,1,1,1
293,3,325,225,5,5,1,1,1
293,4,294,209,5,5,1,1,1
293,5,261,264,4,6,1,1,1
294,1,344,165,4,5,1,1,1
294,2,356,167,4,5,1,1,1
294,3,325,225,5,5,1,1,1
294,4,294,209,5,5,1,1,1
294,5,261,264,4,6,1,1,1
295,1,344,165,4,5,1,1,1
295,2,356,167,4,5,1,1,1
295,3,325,225,5,5,1,1,1
295,4,294,209,5,5,1,1,1
295,5,261,264,4,5,1,1,1
296,1,344,165,4,5,1,1,1
296,2,356,167,4,5,1,1,1
296,3,325,225,5,5,1,1,1
296,4,294,209,5,5,1,1,1
296,5,261,264,4,5,1,1,1
297,1,344,165,4,5,1,1,1
297,2,356,167,4,5,1,1,1
297,3,325,225,4,5,1,1,1
297,4,294,209,5,5,1,1,1
297,5,261,264,4,5,1,1,1
298,1,344,165,4,5,1,1,1
298,2,356,167,4,5,1,1,1
298,3,325,225,4,5,1,1,1
298,4,294,209,5,5,1,1,1
298,5,261,264,4,5,1,1,1
299,1,344,165,4,5,1,1,1
299,2,356,167,4,5,1,1,1
299,3,325,225,4,5,1,1,1
299,4,294,209,5,5,1,1,1
299,5,261,264,5,5,1,1,1
300,1,344,165,4,5,1,1,1
300,2,356,167,4,5,1,1,1
300,3,325,225,4,5,1,1,1
300,4,294,209,5,5,1,1,1
300,5,261,264,5,5,1,1,1
301,1,343,165,5,5,1,1,1
301,2,356,167,4,5,1,1,1
301,3,325,225,4,5,1,1,1
301,4,294,209,5,5,1,1,1
301,5,261,264,4,5,1,1,1
302,1,343,165,5,5,1,1,1
302,2,356,167,4,5,1,1,1
302,3,325,225,4,5,1,1,1
302,4,294,209,5,5,1,1,1
302,5,261,264,4,5,1,1,1
303,1,343,165,5,5,1,1,1
303,2,356,167,4,5,1,1,1
303,3,325,225,4,5,1,1,1
303,4,294,209,5,5,1,1,1
303,5,261,264,4,5,1,1,1
304,1,343,165,5,5,1,1,1
304,2,356,167,4,5,1,1,1
304,3,325,225,4,5,1,1,1
304,4,294,209,5,5,1,1,1
304,5,261,264,4,5,1,1,1
305,1,343,165,5,5,1,1,1
305,2,356,167,4,5,1,1,1
305,3,325,225,4,5,1,1,1
305,4,294,209,5,5,1,1,1
305,5,261,264,4,5,1,1,1
306,1,343,165,5,5,1,1,1
306,2,356,167,4,5,1,1,1
306,3,325,225,4,5,1,1,1
306,4,294,209,5,5,1,1,1
306,5,261,264,4,5,1,1,1
307,1,343,165,4,5,1,1,1
307,2,356,167,4,5,1,1,1
307,3,325,225,4,5,1,1,1
307,4,294,209,4,5,1,1,1
307,5,261,264,4,5,1,1,1
308,1,343,165,4,5,1,1,1
308,2,356,167,4,5,1,1,1
308,3,325,225,4,5,1,1,1
308,4,294,209,4,5,1,1,1
308,5,261,264,4,5,1,1,1
309,1,343,165,4,5,1,1,1
309,2,356,167,4,5,1,1,1
309,3,325,225,4,5,1,1,1
309,4,294,209,4,5,1,1,1
309,5,261,264,4,5,1,1,1
310,1,343,165,4,5,1,1,1
310,2,356,167,4,5,1,1,1
310,3,325,225,4,5,1,1,1
310,4,294,209,4,5,1,1,1
310,5,261,264,4,5,1,1,1
311,1,343,165,4,5,1,1,1
311,2,356,167,4,5,1,1,1
311,3,324,225,5,5,1,1,1
311,4,294,209,4,5,1,1,1
311,5,261,264,4,5,1,1,1
312,1,343,165,4,5,1,1,1
312,2,356,167,4,5,1,1,1
312,3,324,225,5,5,1,1,1
312,4,294,209,4,5,1,1,1
312,5,261,264,4,5,1,1,1
313,1,343,165,4,5,1,1,1
313,2,356,167,5,5,1,1,1
313,3,324,225,5,5,1,1,1
313,4,294,209,4,5,1,1,1
313,5,260,264,6,5,1,1,1
314,1,343,165,4,5,1,1,1
314,2,356,167,5,5,1,1,1
314,3,324,225,5,5,1,1,1
314,4,294,209,4,5,1,1,1
314,5,260,264,6,5,1,1,1
315,1,343,165,4,5,1,1,1
315,2,356,167,5,4,1,1,1
315,3,324,225,5,5,1,1,1
315,4,293,209,5,5,1,1,1
315,5,260,264,6,5,1,1,1
316,1,343,165,4,5,1,1,1
316,2,356,167,5,4,1,1,1
316,3,324,225,5,5,1,1,1
316,4,293,209,5,5,1,1,1
316,5,260,264,6,5,1,1,1
317,1,343,165,4,5,1,1,1
317,2,356,166,5,5,1,1,1
317,3,324,224,5,6,1,1,1
317,4,294,209,4,5,1,1,1
317,5,260,263,6,6,1,1,1
318,1,343,165,4,5,1,1,1
318,2,356,166,5,5,1,1,1
318,3,324,224,5,6,1,1,1
318,4,294,209,4,5,1,1,1
318,5,260,263,6,6,1,1,1
319,1,343,165,4,5,1,1,1
319,2,356,166,5,5,1,1,1
319,3,324,224,5,6,1,1,1
319,4,293,209,5,5,1,1,1
319,5,260,263,6,6,1,1,1
320,1,343,165,4,5,1,1,1
320,2,356,166,5,5,1,1,1
320,3,324,224,5,6,1,1,1
320,4,293,209,5,5,1,1,1
320,5,260,263,6,6,1,1,1
321,1,342,165,5,5,1,1,1
321,2,356,166,5,5,1,1,1
321,3,324,224,4,6,1,1,1
321,4,293,209,5,5,1,1,1
321,5,261,263,4,6,1,1,1
322,1,342,165,5,5,1,1,1
322,2,356,166,5,5,1,1,1
322,3,324,224,4,6,1,1,1
322,4,293,209,5,5,1,1,1
322,5,261,263,4,6,1,1,1
323,1,342,165,5,5,1,1,1
323,2,356,166,5,5,1,1,1
323,3,324,224,4,6,1,1,1
323,4,293,209,4,5,1,1,1
323,5,261,263,4,6,1,1,1
324,1,342,165,5,5,1,1,1
324,2,356,166,5,5,1,1,1
324,3,324,224,4,6,1,1,1
324,4,293,209,4,5,1,1,1
324,5,261,263,4,6,1,1,1
325,1,342,165,5,5,1,1,1
325,2,357,166,4,5,1,1,1
325,3,324,224,4,5,1,1,1
325,4,293,209,4,4,1,1,1
325,5,261,263,4,5,1,1,1
326,1,342,165,5,5,1,1,1
326,2,357,166,4,5,1,1,1
326,3,324,224,4,5,1,1,1
326,4,293,209,4,4,1,1,1
326,5,261,263,4,5,1,1,1
327,1,342,165,5,5,1,1,1
327,2,357,166,4,5,1,1,1
327,3,324,224,4,5,1,1,1
327,4,293,209,4,4,1,1,1
327,5,261,263,4,5,1,1,1
328,1,342,165,5,5,1,1,1
328,2,357,166,4,5,1,1,1
328,3,324,224,4,5,1,1,1
328,4,293,209,4,4,1,1,1
328,5,261,263,4,5,1,1,1
329,1,342,165,4,5,1,1,1
329,2,357,166,4,5,1,1,1
329,3,324,224,4,5,1,1,1
329,4,293,208,4,5,1,1,1
329,5,261,263,4,5,1,1,1
330,1,342,165,4,5,1,1,1
330,2,357,166,4,5,1,1,1
330,3,324,224,4,5,1,1,1
330,4,293,208,4,5,1,1,1
330,5,261,263,4,5,1,1,1
331,1,342,165,4,5,1,1,1
331,2,357,166,4,5,1,1,1
331,3,324,224,4,5,1,1,1
331,4,293,208,4,5,1,1,1
331,5,261,263,4,5,1,1,1
332,1,342,165,4,5,1,1,1
332,2,357,166,4,5,1,1,1
332,3,324,224,4,5,1,1,1
332,4,293,208,4,5,1,1,1
332,5,261,263,4,5,1,1,1
333,1,342,165,4,5,1,1,1
333,2,357,166,4,5,1,1,1
333,3,324,224,4,5,1,1,1
333,4,293,208,4,5,1,1,1
333,5,261,263,4,5,1,1,1
334,1,342,165,4,5,1,1,1
334,2,357,166,4,5,1,1,1
334,3,324,224,4,5,1,1,1
334,4,293,208,4,5,1,1,1
334,5,261,263,4,5,1,1,1
335,1,342,165,4,5,1,1,1
335,2,357,166,4,5,1,1,1
335,3,324,224,4,5,1,1,1
335,4,293,208,4,5,1,1,1
335,5,261,263,4,5,1,1,1
336,1,342,165,4,5,1,1,1
336,2,357,166,4,5,1,1,1
336,3,324,224,4,5,1,1,1
336,4,293,208,4,5,1,1,1
336,5,261,263,4,5,1,1,1
337,1,342,165,4,5,1,1,1
337,2,357,166,4,5,1,1,1
337,3,323,224,5,5,1,1,1
337,4,292,208,5,5,1,1,1
337,5,261,263,4,5,1,1,1
338,1,342,165,4,5,1,1,1
338,2,357,166,4,5,1,1,1
338,3,323,224,5,5,1,1,1
338,4,292,208,5,5,1,1,1
338,5,261,263,4,5,1,1,1
339,1,342,165,3,5,1,1,1
339,2,357,166,4,5,1,1,1
339,3,323,224,5,5,1,1,1
339,4,292,208,5,5,1,1,1
339,5,261,263,4,5,1,1,1
340,1,342,165,3,5,1,1,1
340,2,357,166,4,5,1,1,1
340,3,323,224,5,5,1,1,1
340,4,292,208,5,5,1,1,1
340,5,261,263,4,5,1,1,1
341,1,342,165,3,4,1,1,1
341,2,357,166,4,5,1,1,1
341,3,323,224,5,5,1,1,1
341,4,292,208,5,5,1,1,1
341,5,261,263,4,5,1,1,1
342,1,342,165,3,4,1,1,1
342,2,357,166,4,5,1,1,1
342,3,323,224,5,5,1,1,1
342,4,292,208,5,5,1,1,1
342,5,261,263,4,5,1,1,1
343,1,341,165,5,5,1,1,1
343,2,357,166,4,5,1,1,1
343,3,323,224,5,5,1,1,1
343,4,292,208,5,5,1,1,1
343,5,261,263,4,4,1,1,1
344,1,341,165,5,5,1,1,1
344,2,357,166,4,5,1,1,1
344,3,323,224,5,5,1,1,1
344,4,292,208,5,5,1,1,1
344,5,261,263,4,4,1,1,1
345,1,341,165,5,5,1,1,1
345,2,357,166,4,5,1,1,1
345,3,324,224,3,5,1,1,1
345,4,292,208,4,5,1,1,1
345,5,261,263,4,4,1,1,1
346,1,341,165,5,5,1,1,1
346,2,357,166,4,5,1,1,1
346,3,324,224,3,5,1,1,1
346,4,292,208,4,5,1,1,1
346,5,261,263,4,4,1,1,1
347,1,341,165,5,5,1,1,1
347,2,357,166,4,5,1,1,1
347,3,323,224,4,5,1,1,1
347,4,292,208,4,5,1,1,1
347,5,261,263,4,4,1,1,1
348,1,341,165,5,5,1,1,1
348,2,357,166,4,5,1,1,1
348,3,323,224,4,5,1,1,1
348,4,292,208,4,5,1,1,1
348,5,261,263,4,4,1,1,1
349,1,341,165,5,6,1,1,1
349,2,357,166,5,5,1,1,1
349,3,323,224,4,5,1,1,1
349,4,292,208,4,5,1,1,1
349,5,260,262,6,5,1,1,1
350,1,341,165,5,6,1,1,1
350,2,357,166,5,5,1,1,1
350,3,323,224,4,5,1,1,1
350,4,292,208,4,5,1,1,1
350,5,260,262,6,5,1,1,1
351,1,341,165,4,6,1,1,1
351,2,357,166,5,5,1,1,1
351,3,323,224,4,5,1,1,1
351,4,292,208,4,5,1,1,1
351,5,260,262,6,5,1,1,1
352,1,341,165,4,6,1,1,1
352,2,357,166,5,5,1,1,1
352,3,323,224,4,5,1,1,1
352,4,292,208,4,5,1,1,1
352,5,260,262,6,5,1,1,1
353,1,341,165,5,6,1,1,1
353,2,357,166,5,5,1,1,1
353,3,323,224,4,5,1,1,1
353,4,292,208,4,5,1,1,1
353,5,260,262,6,5,1,1,1
354,1,341,165,5,6,1,1,1
354,2,357,166,5,5,1,1,1
354,3,323,224,4,5,1,1,1
354,4,292,208,4,5,1,1,1
354,5,260,262,6,5,1,1,1
355,1,341,165,4,6,1,1,1
355,2,357,166,5,5,1,1,1
355,3,323,224,4,4,1,1,1
355,4,291,208,5,5,1,1,1
355,5,260,262,6,5,1,1,1
356,1,341,165,4,6,1,1,1
356,2,357,166,5,5,1,1,1
356,3,323,224,4,4,1,1,1
356,4,291,208,5,5,1,1,1
356,5,260,262,6,5,1,1,1
357,1,341,165,4,6,1,1,1
357,2,357,166,5,5,1,1,1
357,3,323,224,3,4,1,1,1
357,4,291,208,5,5,1,1,1
357,5,260,262,6,5,1,1,1
358,1,341,165,4,6,1,1,1
358,2,357,166,5,5,1,1,1
358,3,323,224,3,4,1,1,1
358,4,291,208,5,5,1,1,1
358,5,260,262,6,5,1,1,1
359,1,341,165,4,6,1,1,1
359,2,357,166,4,5,1,1,1
359,3,322,224,4,4,1,1,1
359,4,291,208,5,5,1,1,1
359,5,260,262,6,5,1,1,1
360,1,341,165,4,6,1,1,1
360,2,357,166,4,5,1,1,1
360,3,322,224,4,4,1,1,1
360,4,291,208,5,5,1,1,1
360,5,260,262,6,5,1,1,1
361,1,341,165,4,6,1,1,1
361,2,357,166,4,5,1,1,1
361,3,322,224,5,4,1,1,1
361,4,291,208,5,5,1,1,1
361,5,261,262,4,5,1,1,1
362,1,341,165,4,6,1,1,1
362,2,357,166,4,5,1,1,1
362,3,322,224,5,4,1,1,1
362,4,291,208,5,5,1,1,1
362,5,261,262,4,5,1,1,1
363,1,341,165,4,6,1,1,1
363,2,357,166,4,5,1,1,1
363,3,322,224,5,4,1,1,1
363,4,291,208,5,5,1,1,1
363,5,261,262,4,5,1,1,1
364,1,341,165,4,6,1,1,1
364,2,357,166,4,5,1,1,1
364,3,322,224,5,4,1,1,1
364,4,291,208,5,5,1,1,1
364,5,261,262,4,5,1,1,1
365,1,341,165,4,6,1,1,1
365,2,357,166,4,5,1,1,1
365,3,322,223,5,5,1,1,1
365,4,291,208,5,5,1,1,1
365,5,261,262,4,4,1,1,1
366,1,341,165,4,6,1,1,1
366,2,357,166,4,5,1,1,1
366,3,322,223,5,5,1,1,1
366,4,291,208,5,5,1,1,1
366,5,261,262,4,4,1,1,1
367,1,341,165,4,6,1,1,1
367,2,357,166,4,5,1,1,1
367,3,322,223,4,5,1,1,1
367,4,291,208,4,5,1,1,1
367,5,261,262,4,4,1,1,1
368,1,341,165,4,6,1,1,1
368,2,357,166,4,5,1,1,1
368,3,322,223,4,5,1,1,1
368,4,291,208,4,5,1,1,1
368,5,261,262,4,4,1,1,1
369,1,341,165,4,6,1,1,1
369,2,357,166,5,5,1,1,1
369,3,322,223,4,5,1,1,1
369,4,290,208,5,5,1,1,1
369,5,261,262,4,4,1,1,1
370,1,341,165,4,6,1,1,1
370,2,357,166,5,5,1,1,1
370,3,322,223,4,5,1,1,1
370,4,290,208,5,5,1,1,1
370,5,261,262,4,4,1,1,1
371,1,341,165,4,6,1,1,1
371,2,357,166,5,5,1,1,1
371,3,322,223,4,5,1,1,1
371,4,290,208,5,5,1,1,1
371,5,260,262,6,4,1,1,1
372,1,341,165,4,6,1,1,1
372,2,357,166,5,5,1,1,1
372,3,322,223,4,5,1,1,1
372,4,290,208,5,5,1,1,1
372,5,260,262,6,4,1,1,1
373,1,340,165,5,6,1,1,1
373,2,357,166,5,5,1,1,1
373,3,321,223,5,5,1,1,1
373,4,290,208,5,5,1,1,1
373,5,261,262,5,4,1,1,1
374,1,340,165,5,6,1,1,1
374,2,357,166,5,5,1,1,1
374,3,321,223,5,5,1,1,1
374,4,290,208,5,5,1,1,1
374,5,261,262,5,4,1,1,1
375,1,340,165,5,5,1,1,1
375,2,357,166,5,5,1,1,1
375,3,321,223,5,5,1,1,1
375,4,290,208,5,5,1,1,1
375,5,260,261,6,5,1,1,1
376,1,340,165,5,5,1,1,1
376,2,357,166,5,5,1,1,1
376,3,321,223,5,5,1,1,1
376,4,290,208,5,5,1,1,1
376,5,260,261,6,5,1,1,1
377,1,341,165,3,5,1,1,1
377,2,357,166,5,5,1,1,1
377,3,321,223,5,5,1,1,1
377,4,290,208,5,5,1,1,1
377,5,260,261,6,5,1,1,1
378,1,341,165,3,5,1,1,1
378,2,357,166,5,5,1,1,1
378,3,321,223,5,5,1,1,1
378,4,290,208,5,5,1,1,1
378,5,260,261,6,5,1,1,1
379,1,340,165,4,4,1,1,1
379,2,357,166,5,5,1,1,1
379,3,321,223,5,5,1,1,1
379,4,290,208,5,5,1,1,1
379,5,260,261,6,5,1,1,1
380,1,340,165,4,4,1,1,1
380,2,357,166,5,5,1,1,1
380,3,321,223,5,5,1,1,1
380,4,290,208,5,5,1,1,1
380,5,260,261,6,5,1,1,1
381,1,340,165,4,4,1,1,1
381,2,358,166,4,5,1,1,1
381,3,321,223,5,5,1,1,1
381,4,290,208,5,5,1,1,1
381,5,260,261,6,5,1,1,1
382,1,340,165,4,4,1,1,1
382,2,358,166,4,5,1,1,1
382,3,321,223,5,5,1,1,1
382,4,290,208,5,5,1,1,1
382,5,260,261,6,5,1,1,1
383,1,340,165,4,4,1,1,1
383,2,358,166,4,5,1,1,1
383,3,321,223,5,5,1,1,1
383,4,290,208,5,5,1,1,1
383,5,261,261,5,5,1,1,1
384,1,340,165,4,4,1,1,1
384,2,358,166,4,5,1,1,1
384,3,321,223,5,5,1,1,1
384,4,290,208,5,5,1,1,1
384,5,261,261,5,5,1,1,1
385,1,340,165,4,4,1,1,1
385,2,358,166,4,5,1,1,1
385,3,321,223,5,5,1,1,1
385,4,291,209,3,4,1,1,1
385,5,261,261,5,5,1,1,1
386,1,340,165,4,4,1,1,1
386,2,358,166,4,5,1,1,1
386,3,321,223,5,5,1,1,1
386,4,291,209,3,4,1,1,1
386,5,261,261,5,5,1,1,1
387,1,340,165,4,4,1,1,1
387,2,358,166,4,5,1,1,1
387,3,321,223,5,5,1,1,1
387,4,291,209,3,4,1,1,1
387,5,261,261,5,4,1,1,1
388,1,340,165,4,4,1,1,1
388,2,358,166,4,5,1,1,1
388,3,321,223,5,5,1,1,1
388,4,291,209,3,4,1,1,1
388,5,261,261,5,4,1,1,1
389,1,340,165,4,4,1,1,1
389,2,358,166,4,5,1,1,1
389,3,321,223,5,5,1,1,1
389,4,291,210,3,3,1,1,1
389,5,261,260,5,5,1,1,1
390,1,340,165,4,4,1,1,1
390,2,358,166,4,5,1,1,1
390,3,321,223,5,5,1,1,1
390,4,291,210,3,3,1,1,1
390,5,261,260,5,5,1,1,1
391,1,340,165,4,4,1,1,1
391,2,358,166,4,5,1,1,1
391,3,321,223,5,5,1,1,1
391,4,290,210,4,3,1,1,1
391,5,261,260,5,5,1,1,1
392,1,340,165,4,4,1,1,1
392,2,358,166,4,5,1,1,1
392,3,321,223,5,5,1,1,1
392,4,290,210,4,3,1,1,1
392,5,261,260,5,5,1,1,1
393,1,340,165,4,4,1,1,1
393,2,358,166,4,5,1,1,1
393,3,321,223,5,5,1,1,1
393,4,290,210,4,3,1,1,1
393,5,261,260,5,5,1,1,1
394,1,340,165,4,4,1,1,1
394,2,358,166,4,5,1,1,1
394,3,321,223,5,5,1,1,1
394,4,290,210,4,3,1,1,1
394,5,261,260,5,5,1,1,1
395,1,340,165,4,4,1,1,1
395,2,358,166,4,5,1,1,1
395,3,321,223,4,5,1,1,1
395,4,290,209,4,4,1,1,1
395,5,261,260,5,5,1,1,1
396,1,340,165,4,4,1,1,1
396,2,358,166,4,5,1,1,1
396,3,321,223,4,5,1,1,1
396,4,290,209,4,4,1,1,1
396,5,261,260,5,5,1,1,1
397,1,339,165,5,5,1,1,1
397,2,358,166,4,5,1,1,1
397,3,322,223,3,5,1,1,1
397,4,290,209,4,4,1,1,1
397,5,262,260,3,5,1,1,1
398,1,339,165,5,5,1,1,1
398,2,358,166,4,5,1,1,1
398,3,322,223,3,5,1,1,1
398,4,290,209,4,4,1,1,1
398,5,262,260,3,5,1,1,1
399,1,339,165,5,5,1,1,1
399,2,358,166,4,5,1,1,1
399,3,322,223,3,4,1,1,1
399,4,290,209,3,4,1,1,1
399,5,262,260,3,4,1,1,1
400,1,339,165,5,5,1,1,1
400,2,358,166,4,5,1,1,1
400,3,322,223,3,4,1,1,1
400,4,290,209,3,4,1,1,1
400,5,262,260,3,4,1,1,1
401,1,339,165,5,5,1,1,1
401,2,358,166,4,5,1,1,1
401,3,321,223,5,4,1,1,1
401,4,289,209,5,4,1,1,1
401,5,262,260,3,4,1,1,1
402,1,339,165,5,5,1,1,1
402,2,358,166,4,5,1,1,1
402,3,321,223,5,4,1,1,1
402,4,289,209,5,4,1,1,1
402,5,262,260,3,4,1,1,1
403,1,339,165,5,6,1,1,1
403,2,358,166,4,5,1,1,1
403,3,321,223,4,4,1,1,1
403,4,289,209,5,4,1,1,1
403,5,261,260,5,4,1,1,1
404,1,339,165,5,6,1,1,1
404,2,358,166,4,5,1,1,1
404,3,321,223,4,4,1,1,1
404,4,289,209,5,4,1,1,1
404,5,261,260,5,4,1,1,1
405,1,339,165,5,6,1,1,1
405,2,358,166,4,4,1,1,1
405,3,321,223,4,4,1,1,1
405,4,289,209,5,4,1,1,1
405,5,261,260,5,4,1,1,1
406,1,339,165,5,6,1,1,1
406,2,358,166,4,4,1,1,1
406,3,321,223,4,4,1,1,1
406,4,289,209,5,4,1,1,1
406,5,261,260,5,4,1,1,1
407,1,339,165,5,6,1,1,1
407,2,358,166,4,4,1,1,1
407,3,321,223,4,4,1,1,1
407,4,289,208,5,5,1,1,1
407,5,261,259,5,5,1,1,1
408,1,339,165,5,6,1,1,1
408,2,358,166,4,4,1,1,1
408,3,321,223,4,4,1,1,1
408,4,289,208,5,5,1,1,1
408,5,261,259,5,5,1,1,1
409,1,339,165,5,6,1,1,1
409,2,358,166,5,4,1,1,1
409,3,320,223,5,4,1,1,1
409,4,289,208,4,5,1,1,1
409,5,261,259,5,5,1,1,1
410,1,339,165,5,6,1,1,1
410,2,358,166,5,4,1,1,1
410,3,320,223,5,4,1,1,1
410,4,289,208,4,5,1,1,1
410,5,261,259,5,5,1,1,1
411,1,339,165,5,6,1,1,1
411,2,357,165,6,5,1,1,1
411,3,320,223,5,4,1,1,1
411,4,289,208,4,5,1,1,1
411,5,261,259,5,5,1,1,1
412,1,339,165,5,6,1,1,1
412,2,357,165,6,5,1,1,1
412,3,320,223,5,4,1,1,1
412,4,289,208,4,5,1,1,1
412,5,261,259,5,5,1,1,1
413,1,339,165,4,6,1,1,1
413,2,358,165,5,5,1,1,1
413,3,320,222,5,5,1,1,1
413,4,288,208,5,5,1,1,1
413,5,261,259,5,5,1,1,1
414,1,339,165,4,6,1,1,1
414,2,358,165,5,5,1,1,1
414,3,320,222,5,5,1,1,1
414,4,288,208,5,5,1,1,1
414,5,261,259,5,5,1,1,1
415,1,338,165,5,6,1,1,1
415,2,358,165,5,5,1,1,1
415,3,320,222,5,5,1,1,1
415,4,288,208,5,5,1,1,1
415,5,261,259,5,5,1,1,1
416,1,338,165,5,6,1,1,1
416,2,358,165,5,5,1,1,1
416,3,320,222,5,5,1,1,1
416,4,288,208,5,5,1,1,1
416,5,261,259,5,5,1,1,1
417,1,338,165,5,6,1,1,1
417,2,358,165,5,5,1,1,1
417,3,320,222,5,5,1,1,1
417,4,288,208,5,5,1,1,1
417,5,261,258,5,6,1,1,1
418,1,338,165,5,6,1,1,1
418,2,358,165,5,5,1,1,1
418,3,320,222,5,5,1,1,1
418,4,288,208,5,5,1,1,1
418,5,261,258,5,6,1,1,1
419,1,338,165,5,6,1,1,1
419,2,358,165,5,5,1,1,1
419,3,320,222,5,5,1,1,1
419,4,288,208,5,5,1,1,1
419,5,261,258,5,6,1,1,1
420,1,338,165,5,6,1,1,1
420,2,358,165,5,5,1,1,1
420,3,320,222,5,5,1,1,1
420,4,288,208,5,5,1,1,1
420,5,261,258,5,6,1,1,1
421,1,338,165,5,6,1,1,1
421,2,358,165,5,5,1,1,1
421,3,320,222,4,5,1,1,1
421,4,288,208,4,5,1,1,1
421,5,261,258,5,5,1,1,1
422,1,338,165,5,6,1,1,1
422,2,358,165,5,5,1,1,1
422,3,320,222,4,5,1,1,1
422,4,288,208,4,5,1,1,1
422,5,261,258,5,5,1,1,1
423,1,338,165,5,6,1,1,1
423,2,358,165,5,5,1,1,1
423,3,320,222,4,5,1,1,1
423,4,287,208,5,5,1,1,1
423,5,261,258,5,5,1,1,1
424,1,338,165,5,6,1,1,1
424,2,358,165,5,5,1,1,1
424,3,320,222,4,5,1,1,1
424,4,287,208,5,5,1,1,1
424,5,261,258,5,5,1,1,1
425,1,338,165,5,6,1,1,1
425,2,358,165,5,5,1,1,1
425,3,319,222,5,5,1,1,1
425,4,287,208,5,5,1,1,1
425,5,261,258,5,5,1,1,1
426,1,338,165,5,6,1,1,1
426,2,358,165,5,5,1,1,1
426,3,319,222,5,5,1,1,1
426,4,287,208,5,5,1,1,1
426,5,261,258,5,5,1,1,1
427,1,338,165,5,6,1,1,1
427,2,358,165,5,5,1,1,1
427,3,319,222,5,5,1,1,1
427,4,287,208,5,5,1,1,1
427,5,261,258,5,5,1,1,1
428,1,338,165,5,6,1,1,1
428,2,358,165,5,5,1,1,1
428,3,319,222,5,5,1,1,1
428,4,287,208,5,5,1,1,1
428,5,261,258,5,5,1,1,1
429,1,338,165,4,6,1,1,1
429,2,359,165,4,5,1,1,1
429,3,320,222,4,5,1,1,1
429,4,287,208,5,5,1,1,1
429,5,261,258,5,5,1,1,1
430,1,338,165,4,6,1,1,1
430,2,359,165,4,5,1,1,1
430,3,320,222,4,5,1,1,1
430,4,287,208,5,5,1,1,1
430,5,261,258,5,5,1,1,1
431,1,338,165,4,6,1,1,1
431,2,358,165,5,5,1,1,1
431,3,320,222,4,5,1,1,1
431,4,287,208,5,5,1,1,1
431,5,261,258,5,5,1,1,1
432,1,338,165,4,6,1,1,1
432,2,358,165,5,5,1,1,1
432,3,320,222,4,5,1,1,1
432,4,287,208,5,5,1,1,1
432,5,261,258,5,5,1,1,1
433,1,338,165,4,6,1,1,1
433,2,358,165,5,5,1,1,1
433,3,320,222,3,5,1,1,1
433,4,287,208,5,5,1,1,1
433,5,261,257,5,6,1,1,1
434,1,338,165,4,6,1,1,1
434,2,358,165,5,5,1,1,1
434,3,320,222,3,5,1,1,1
434,4,287,208,5,5,1,1,1
434,5,261,257,5,6,1,1,1
435,1,338,165,4,6,1,1,1
435,2,358,165,5,5,1,1,1
435,3,319,222,5,4,1,1,1
435,4,287,208,5,5,1,1,1
435,5,261,257,5,5,1,1,1
436,1,338,165,4,6,1,1,1
436,2,358,165,5,5,1,1,1
436,3,319,222,5,4,1,1,1
436,4,287,208,5,5,1,1,1
436,5,261,257,5,5,1,1,1
437,1,337,165,5,6,1,1,1
437,2,358,165,5,5,1,1,1
437,3,319,222,5,4,1,1,1
437,4,287,208,5,5,1,1,1
437,5,261,257,5,5,1,1,1
438,1,337,165,5,6,1,1,1
438,2,358,165,5,5,1,1,1
438,3,319,222,5,4,1,1,1
438,4,287,208,5,5,1,1,1
438,5,261,257,5,5,1,1,1
439,1,337,165,5,6,1,1,1
439,2,358,165,5,5,1,1,1
439,3,319,221,5,5,1,1,1
439,4,287,208,5,5,1,1,1
439,5,261,257,5,5,1,1,1
440,1,337,165,5,6,1,1,1
440,2,358,165,5,5,1,1,1
440,3,319,221,5,5,1,1,1
440,4,287,208,5,5,1,1,1
440,5,261,257,5,5,1,1,1
441,1,337,165,4,6,1,1,1
441,2,358,165,5,5,1,1,1
441,3,319,221,4,5,1,1,1
441,4,287,208,4,5,1,1,1
441,5,262,257,3,5,1,1,1
442,1,337,165,4,6,1,1,1
442,2,358,165,5,5,1,1,1
442,3,319,221,4,5,1,1,1
442,4,287,208,4,5,1,1,1
442,5,262,257,3,5,1,1,1
443,1,337,165,5,6,1,1,1
443,2,358,165,5,5,1,1,1
443,3,319,221,4,5,1,1,1
443,4,287,208,4,5,1,1,1
443,5,262,257,4,5,1,1,1
444,1,337,165,5,6,1,1,1
444,2,358,165,5,5,1,1,1
444,3,319,221,4,5,1,1,1
444,4,287,208,4,5,1,1,1
444,5,262,257,4,5,1,1,1
445,1,337,165,4,5,1,1,1
445,2,358,165,5,5,1,1,1
445,3,319,221,4,5,1,1,1
445,4,286,208,5,5,1,1,1
445,5,262,257,4,4,1,1,1
446,1,337,165,4,5,1,1,1
446,2,358,165,5,5,1,1,1
446,3,319,221,4,5,1,1,1
446,4,286,208,5,5,1,1,1
446,5,262,257,4,4,1,1,1
447,1,337,165,4,5,1,1,1
447,2,358,165,5,5,1,1,1
447,3,319,221,4,5,1,1,1
447,4,286,208,5,5,1,1,1
447,5,261,256,5,5,1,1,1
448,1,337,165,4,5,1,1,1
448,2,358,165,5,5,1,1,1
448,3,319,221,4,5,1,1,1
448,4,286,208,5,5,1,1,1
448,5,261,256,5,5,1,1,1
449,1,337,165,4,5,1,1,1
449,2,358,165,5,5,1,1,1
449,3,319,221,4,5,1,1,1
449,4,286,208,5,5,1,1,1
449,5,261,256,5,5,1,1,1
450,1,337,165,4,5,1,1,1
450,2,358,165,5,5,1,1,1
450,3,319,221,4,5,1,1,1
450,4,286,208,5,5,1,1,1
450,5,261,256,5,5,1,1,1
451,1,337,165,4,5,1,1,1
451,2,358,165,5,5,1,1,1
451,3,318,221,5,5,1,1,1
451,4,286,208,5,5,1,1,1
451,5,262,256,4,5,1,1,1
452,1,337,165,4,5,1,1,1
452,2,358,165,5,5,1,1,1
452,3,318,221,5,5,1,1,1
452,4,286,208,5,5,1,1,1
452,5,262,256,4,5,1,1,1
453,1,337,165,4,5,1,1,1
453,2,358,165,5,5,1,1,1
453,3,318,221,5,5,1,1,1
453,4,286,208,5,5,1,1,1
453,5,262,256,4,5,1,1,1
454,1,337,165,4,5,1,1,1
454,2,358,165,5,5,1,1,1
454,3,318,221,5,5,1,1,1
454,4,286,208,5,5,1,1,1
454,5,262,256,4,5,1,1,1
455,1,336,165,5,6,1,1,1
455,2,358,165,5,5,1,1,1
455,3,319,221,4,5,1,1,1
455,4,286,208,5,5,1,1,1
455,5,262,256,4,5,1,1,1
456,1,336,165,5,6,1,1,1
456,2,358,165,5,5,1,1,1
456,3,319,221,4,5,1,1,1
456,4,286,208,5,5,1,1,1
456,5,262,256,4,5,1,1,1
457,1,336,165,5,5,1,1,1
457,2,359,165,4,5,1,1,1
457,3,319,221,4,5,1,1,1
457,4,286,208,4,5,1,1,1
457,5,262,255,4,6,1,1,1
458,1,336,165,5,5,1,1,1
458,2,359,165,4,5,1,1,1
458,3,319,221,4,5,1,1,1
458,4,286,208,4,5,1,1,1
458,5,262,255,4,6,1,1,1
459,1,336,165,5,5,1,1,1
459,2,359,165,4,5,1,1,1
459,3,319,221,3,5,1,1,1
459,4,286,208,4,5,1,1,1
459,5,262,255,4,5,1,1,1
460,1,336,165,5,5,1,1,1
460,2,359,165,4,5,1,1,1
460,3,319,221,3,5,1,1,1
460,4,286,208,4,5,1,1,1
460,5,262,255,4,5,1,1,1
461,1,336,165,5,5,1,1,1
461,2,359,165,4,4,1,1,1
461,3,319,221,3,4,1,1,1
461,4,285,208,5,5,1,1,1
461,5,262,255,4,5,1,1,1
462,1,336,165,5,5,1,1,1
462,2,359,165,4,4,1,1,1
462,3,319,221,3,4,1,1,1
462,4,285,208,5,5,1,1,1
462,5,262,255,4,5,1,1,1
463,1,336,165,5,5,1,1,1
463,2,359,165,4,4,1,1,1
463,3,319,221,3,4,1,1,1
463,4,286,208,4,5,1,1,1
463,5,262,255,4,5,1,1,1
464,1,336,165,5,5,1,1,1
464,2,359,165,4,4,1,1,1
464,3,319,221,3,4,1,1,1
464,4,286,208,4,5,1,1,1
464,5,262,255,4,5,1,1,1
465,1,336,165,5,6,1,1,1
465,2,359,165,4,4,1,1,1
465,3,318,221,5,4,1,1,1
465,4,286,208,3,5,1,1,1
465,5,262,255,4,5,1,1,1
466,1,336,165,5,6,1,1,1
466,2,359,165,4,4,1,1,1
466,3,318,221,5,4,1,1,1
466,4,286,208,3,5,1,1,1
466,5,262,255,4,5,1,1,1
467,1,336,165,4,6,1,1,1
467,2,359,165,4,4,1,1,1
467,3,318,221,4,4,1,1,1
467,4,286,208,3,5,1,1,1
467,5,261,255,6,5,1,1,1
468,1,336,165,4,6,1,1,1
468,2,359,165,4,4,1,1,1
468,3,318,221,4,4,1,1,1
468,4,286,208,3,5,1,1,1
468,5,261,255,6,5,1,1,1
469,1,336,165,4,6,1,1,1
469,2,359,165,5,4,1,1,1
469,3,318,221,4,4,1,1,1
469,4,285,208,5,5,1,1,1
469,5,262,255,4,5,1,1,1
470,1,336,165,4,6,1,1,1
470,2,359,165,5,4,1,1,1
470,3,318,221,4,4,1,1,1
470,4,285,208,5,5,1,1,1
470,5,262,255,4,5,1,1,1
471,1,335,165,5,6,1,1,1
471,2,359,165,5,4,1,1,1
471,3,317,221,5,4,1,1,1
471,4,285,208,5,5,1,1,1
471,5,262,255,4,5,1,1,1
472,1,335,165,5,6,1,1,1
472,2,359,165,5,4,1,1,1
472,3,317,221,5,4,1,1,1
472,4,285,208,5,5,1,1,1
472,5,262,255,4,5,1,1,1
473,1,335,165,5,6,1,1,1
473,2,359,164,5,5,1,1,1
473,3,317,220,5,5,1,1,1
473,4,285,208,4,5,1,1,1
473,5,262,254,4,5,1,1,1
474,1,335,165,5,6,1,1,1
474,2,359,164,5,5,1,1,1
474,3,317,220,5,5,1,1,1
474,4,285,208,4,5,1,1,1
474,5,262,254,4,5,1,1,1
475,1,335,165,5,6,1,1,1
475,2,359,164,5,5,1,1,1
475,3,317,220,5,5,1,1,1
475,4,285,208,4,6,1,1,1
475,5,262,254,4,5,1,1,1
476,1,335,165,5,6,1,1,1
476,2,359,164,5,5,1,1,1
476,3,317,220,5,5,1,1,1
476,4,285,208,4,6,1,1,1
476,5,262,254,4,5,1,1,1
477,1,335,165,5,6,1,1,1
477,2,359,164,5,5,1,1,1
477,3,318,220,4,5,1,1,1
477,4,285,208,4,6,1,1,1
477,5,262,254,4,5,1,1,1
478,1,335,165,5,6,1,1,1
478,2,359,164,5,5,1,1,1
478,3,318,220,4,5,1,1,1
478,4,285,208,4,6,1,1,1
478,5,262,254,4,5,1,1,1
479,1,335,165,4,5,1,1,1
479,2,359,164,5,5,1,1,1
479,3,317,220,5,5,1,1,1
479,4,285,208,4,6,1,1,1
479,5,262,254,4,5,1,1,1
480,1,335,165,4,5,1,1,1
480,2,359,164,5,5,1,1,1
480,3,317,220,5,5,1,1,1
480,4,285,208,4,6,1,1,1
480,5,262,254,4,5,1,1,1
481,1,335,165,4,5,1,1,1
481,2,359,164,5,5,1,1,1
481,3,317,220,5,5,1,1,1
481,4,285,208,4,5,1,1,1
481,5,261,254,6,5,1,1,1
482,1,335,165,4,5,1,1,1
482,2,359,164,5,5,1,1,1
482,3,317,220,5,5,1,1,1
482,4,285,208,4,5,1,1,1
482,5,261,254,6,5,1,1,1
483,1,335,165,4,5,1,1,1
483,2,359,164,5,5,1,1,1
483,3,317,220,5,5,1,1,1
483,4,285,208,3,5,1,1,1
483,5,261,254,6,5,1,1,1
484,1,335,165,4,5,1,1,1
484,2,359,164,5,5,1,1,1
484,3,317,220,5,5,1,1,1
484,4,285,208,3,5,1,1,1
484,5,261,254,6,5,1,1,1
485,1,335,165,3,5,1,1,1
485,2,359,164,5,5,1,1,1
485,3,317,220,5,5,1,1,1
485,4,284,208,5,5,1,1,1
485,5,261,253,6,6,1,1,1
486,1,335,165,3,5,1,1,1
486,2,359,164,5,5,1,1,1
486,3,317,220,5,5,1,1,1
486,4,284,208,5,5,1,1,1
486,5,261,253,6,6,1,1,1
487,1,334,165,5,5,1,1,1
487,2,359,164,5,5,1,1,1
487,3,317,220,5,5,1,1,1
487,4,284,208,5,5,1,1,1
487,5,261,253,6,6,1,1,1
488,1,334,165,5,5,1,1,1
488,2,359,164,5,5,1,1,1
488,3,317,220,5,5,1,1,1
488,4,284,208,5,5,1,1,1
488,5,261,253,6,6,1,1,1
489,1,334,166,5,4,1,1,1
489,2,359,164,5,5,1,1,1
489,3,317,220,4,5,1,1,1
489,4,284,208,5,5,1,1,1
489,5,262,253,4,6,1,1,1
490,1,334,166,5,4,1,1,1
490,2,359,164,5,5,1,1,1
490,3,317,220,4,5,1,1,1
490,4,284,208,5,5,1,1,1
490,5,262,253,4,6,1,1,1
491,1,334,166,4,4,1,1,1
491,2,360,164,4,5,1,1,1
491,3,318,220,3,5,1,1,1
491,4,284,208,5,6,1,1,1
491,5,262,253,4,5,1,1,1
492,1,334,166,4,4,1,1,1
492,2,360,164,4,5,1,1,1
492,3,318,220,3,5,1,1,1
492,4,284,208,5,6,1,1,1
492,5,262,253,4,5,1,1,1
493,1,334,166,5,4,1,1,1
493,2,360,164,4,5,1,1,1
493,3,318,220,3,4,1,1,1
493,4,284,208,4,6,1,1,1
493,5,262,253,5,5,1,1,1
494,1,334,166,5,4,1,1,1
494,2,360,164,4,5,1,1,1
494,3,318,220,3,4,1,1,1
494,4,284,208,4,6,1,1,1
494,5,262,253,5,5,1,1,1
495,1,334,166,5,4,1,1,1
495,2,360,164,4,5,1,1,1
495,3,317,220,5,4,1,1,1
495,4,284,208,4,6,1,1,1
495,5,262,253,4,5,1,1,1
496,1,334,166,5,4,1,1,1
496,2,360,164,4,5,1,1,1
496,3,317,220,5,4,1,1,1
496,4,284,208,4,6,1,1,1
496,5,262,253,4,5,1,1,1
497,1,334,166,4,4,1,1,1
497,2,360,164,4,5,1,1,1
497,3,317,220,4,4,1,1,1
497,4,284,208,4,6,1,1,1
497,5,262,253,4,5,1,1,1
498,1,334,166,4,4,1,1,1
498,2,360,164,4,5,1,1,1
498,3,317,220,4,4,1,1,1
498,4,284,208,4,6,1,1,1
498,5,262,253,4,5,1,1,1
499,1,334,166,4,5,1,1,1
499,2,360,165,4,4,1,1,1
499,3,317,219,5,5,1,1,1
499,4,284,208,4,5,1,1,1
499,5,262,253,4,5,1,1,1
500,1,334,166,4,5,1,1,1
500,2,360,165,4,4,1,1,1
500,3,317,219,5,5,1,1,1
500,4,284,208,4,5,1,1,1
500,5,262,253,4,5,1,1,1
501,1,333,166,5,5,1,1,1
501,2,360,165,4,4,1,1,1
501,3,317,219,4,5,1,1,1
501,4,283,208,5,5,1,1,1
501,5,262,252,4,5,1,1,1
502,1,333,166,5,5,1,1,1
502,2,360,165,4,4,1,1,1
502,3,317,219,4,5,1,1,1
502,4,283,208,5,5,1,1,1
502,5,262,252,4,5,1,1,1
503,1,333,166,5,5,1,1,1
503,2,360,165,4,4,1,1,1
503,3,317,219,4,5,1,1,1
503,4,283,208,5,5,1,1,1
503,5,262,252,4,5,1,1,1
504,1,333,166,5,5,1,1,1
504,2,360,165,4,4,1,1,1
504,3,317,219,4,5,1,1,1
504,4,283,208,5,5,1,1,1
504,5,262,252,4,5,1,1,1
505,1,333,166,5,5,1,1,1
505,2,360,166,4,3,1,1,1
505,3,317,219,4,5,1,1,1
505,4,283,208,5,5,1,1,1
505,5,262,252,5,5,1,1,1
506,1,333,166,5,5,1,1,1
506,2,360,166,4,3,1,1,1
506,3,317,219,4,5,1,1,1
506,4,283,208,5,5,1,1,1
506,5,262,252,5,5,1,1,1
507,1,334,166,4,5,1,1,1
507,2,360,165,5,5,1,1,1
507,3,317,219,4,5,1,1,1
507,4,283,208,5,6,1,1,1
507,5,262,252,5,5,1,1,1
508,1,334,166,4,5,1,1,1
508,2,360,165,5,5,1,1,1
508,3,317,219,4,5,1,1,1
508,4,283,208,5,6,1,1,1
508,5,262,252,5,5,1,1,1
509,1,334,166,4,5,1,1,1
509,2,360,165,5,5,1,1,1
509,3,317,219,4,5,1,1,1
509,4,283,208,4,5,1,1,1
509,5,262,252,5,5,1,1,1
510,1,334,166,4,5,1,1,1
510,2,360,165,5,5,1,1,1
510,3,317,219,4,5,1,1,1
510,4,283,208,4,5,1,1,1
510,5,262,252,5,5,1,1,1
511,1,333,166,5,5,1,1,1
511,2,360,165,5,6,1,1,1
511,3,317,219,4,5,1,1,1
511,4,284,208,3,5,1,1,1
511,5,262,252,5,5,1,1,1
512,1,333,166,5,5,1,1,1
512,2,360,165,5,6,1,1,1
512,3,317,219,4,5,1,1,1
512,4,284,208,3,5,1,1,1
512,5,262,252,5,5,1,1,1
513,1,333,166,5,5,1,1,1
513,2,360,165,5,5,1,1,1
513,3,317,219,4,5,1,1,1
513,4,284,208,3,5,1,1,1
513,5,262,252,5,4,1,1,1
514,1,333,166,5,5,1,1,1
514,2,360,165,5,5,1,1,1
514,3,317,219,4,5,1,1,1
514,4,284,208,3,5,1,1,1
514,5,262,252,5,4,1,1,1
515,1,333,166,4,5,1,1,1
515,2,361,165,3,5,1,1,1
515,3,316,219,5,5,1,1,1
515,4,283,208,4,4,1,1,1
515,5,262,251,5,5,1,1,1
516,1,333,166,4,5,1,1,1
516,2,361,165,3,5,1,1,1
516,3,316,219,5,5,1,1,1
516,4,283,208,4,4,1,1,1
516,5,262,251,5,5,1,1,1
517,1,333,166,5,5,1,1,1
517,2,361,165,4,5,1,1,1
517,3,316,219,5,5,1,1,1
517,4,283,208,4,4,1,1,1
517,5,262,251,5,5,1,1,1
518,1,333,166,5,5,1,1,1
518,2,361,165,4,5,1,1,1
518,3,316,219,5,5,1,1,1
518,4,283,208,4,4,1,1,1
518,5,262,251,5,5,1,1,1
519,1,333,166,4,5,1,1,1
519,2,361,166,4,4,1,1,1
519,3,316,219,5,5,1,1,1
519,4,283,208,3,4,1,1,1
519,5,262,251,5,5,1,1,1
520,1,333,166,4,5,1,1,1
520,2,361,166,4,4,1,1,1
520,3,316,219,5,5,1,1,1
520,4,283,208,3,4,1,1,1
520,5,262,251,5,5,1,1,1
521,1,333,166,4,5,1,1,1
521,2,361,166,4,4,1,1,1
521,3,316,219,5,5,1,1,1
521,4,283,208,3,4,1,1,1
521,5,263,251,3,5,1,1,1
522,1,333,166,4,5,1,1,1
522,2,361,166,4,4,1,1,1
522,3,316,219,5,5,1,1,1
522,4,283,208,3,4,1,1,1
522,5,263,251,3,5,1,1,1
523,1,333,166,4,5,1,1,1
523,2,361,166,4,4,1,1,1
523,3,316,219,5,5,1,1,1
523,4,283,208,3,4,1,1,1
523,5,263,251,4,5,1,1,1
524,1,333,166,4,5,1,1,1
524,2,361,166,4,4,1,1,1
524,3,316,219,5,5,1,1,1
524,4,283,208,3,4,1,1,1
524,5,263,251,4,5,1,1,1
525,1,333,166,4,5,1,1,1
525,2,361,166,4,5,1,1,1
525,3,317,219,3,5,1,1,1
525,4,282,208,4,4,1,1,1
525,5,263,251,4,4,1,1,1
526,1,333,166,4,5,1,1,1
526,2,361,166,4,5,1,1,1
526,3,317,219,3,5,1,1,1
526,4,282,208,4,4,1,1,1
526,5,263,251,4,4,1,1,1
527,1,333,166,4,5,1,1,1
527,2,361,166,4,5,1,1,1
527,3,316,219,5,5,1,1,1
527,4,282,208,4,4,1,1,1
527,5,263,250,4,5,1,1,1
528,1,333,166,4,5,1,1,1
528,2,361,166,4,5,1,1,1
528,3,316,219,5,5,1,1,1
528,4,282,208,4,4,1,1,1
528,5,263,250,4,5,1,1,1
529,1,333,166,4,4,1,1,1
529,2,361,166,4,5,1,1,1
529,3,316,219,4,5,1,1,1
529,4,282,208,4,4,1,1,1
529,5,263,250,4,5,1,1,1
530,1,333,166,4,4,1,1,1
530,2,361,166,4,5,1,1,1
530,3,316,219,4,5,1,1,1
530,4,282,208,4,4,1,1,1
530,5,263,250,4,5,1,1,1
531,1,333,166,3,4,1,1,1
531,2,361,166,4,5,1,1,1
531,3,316,218,4,6,1,1,1
531,4,282,208,4,4,1,1,1
531,5,263,250,4,5,1,1,1
532,1,333,166,3,4,1,1,1
532,2,361,166,4,5,1,1,1
532,3,316,218,4,6,1,1,1
532,4,282,208,4,4,1,1,1
532,5,263,250,4,5,1,1,1
533,1,332,166,5,4,1,1,1
533,2,361,166,4,5,1,1,1
533,3,316,218,5,5,1,1,1
533,4,281,207,5,5,1,1,1
533,5,263,250,4,5,1,1,1
534,1,332,166,5,4,1,1,1
534,2,361,166,4,5,1,1,1
534,3,316,218,5,5,1,1,1
534,4,281,207,5,5,1,1,1
534,5,263,250,4,5,1,1,1
535,1,332,166,4,4,1,1,1
535,2,361,166,4,5,1,1,1
535,3,316,218,4,5,1,1,1
535,4,281,207,5,5,1,1,1
535,5,263,250,4,5,1,1,1
536,1,332,166,4,4,1,1,1
536,2,361,166,4,5,1,1,1
536,3,316,218,4,5,1,1,1
536,4,281,207,5,5,1,1,1
536,5,263,250,4,5,1,1,1
537,1,332,166,4,4,1,1,1
537,2,361,166,4,5,1,1,1
537,3,316,218,4,5,1,1,1
537,4,281,207,5,5,1,1,1
537,5,263,250,4,5,1,1,1
538,1,332,166,4,4,1,1,1
538,2,361,166,4,5,1,1,1
538,3,316,218,4,5,1,1,1
538,4,281,207,5,5,1,1,1
538,5,263,250,4,5,1,1,1
539,1,332,166,4,5,1,1,1
539,2,361,166,5,5,1,1,1
539,3,316,218,4,5,1,1,1
539,4,281,207,5,5,1,1,1
539,5,263,249,4,5,1,1,1
540,1,332,166,4,5,1,1,1
540,2,361,166,5,5,1,1,1
540,3,316,218,4,5,1,1,1
540,4,281,207,5,5,1,1,1
540,5,263,249,4,5,1,1,1
541,1,332,166,4,5,1,1,1
541,2,361,167,5,4,1,1,1
541,3,316,218,4,5,1,1,1
541,4,281,207,5,5,1,1,1
541,5,263,249,4,5,1,1,1
542,1,332,166,4,5,1,1,1
542,2,361,167,5,4,1,1,1
542,3,316,218,4,5,1,1,1
542,4,281,207,5,5,1,1,1
542,5,263,249,4,5,1,1,1
543,1,332,166,4,5,1,1,1
543,2,361,167,5,5,1,1,1
543,3,316,218,4,5,1,1,1
543,4,281,207,5,5,1,1,1
543,5,263,249,4,5,1,1,1
544,1,332,166,4,5,1,1,1
544,2,361,167,5,5,1,1,1
544,3,316,218,4,5,1,1,1
544,4,281,207,5,5,1,1,1
544,5,263,249,4,5,1,1,1
545,1,332,166,4,5,1,1,1
545,2,361,167,5,5,1,1,1
545,3,316,218,4,5,1,1,1
545,4,281,208,5,4,1,1,1
545,5,263,249,4,5,1,1,1
546,1,332,166,4,5,1,1,1
546,2,361,167,5,5,1,1,1
546,3,316,218,4,5,1,1,1
546,4,281,208,5,4,1,1,1
546,5,263,249,4,5,1,1,1
547,1,331,166,5,5,1,1,1
547,2,361,167,5,5,1,1,1
547,3,316,218,4,5,1,1,1
547,4,281,208,5,4,1,1,1
547,5,263,249,5,5,1,1,1
548,1,331,166,5,5,1,1,1
548,2,361,167,5,5,1,1,1
548,3,316,218,4,5,1,1,1
548,4,281,208,5,4,1,1,1
548,5,263,249,5,5,1,1,1
549,1,331,166,5,5,1,1,1
549,2,361,167,5,5,1,1,1
549,3,316,218,4,5,1,1,1
549,4,281,208,5,4,1,1,1
549,5,263,249,5,5,1,1,1
550,1,331,166,5,5,1,1,1
550,2,361,167,5,5,1,1,1
550,3,316,218,4,5,1,1,1
550,4,281,208,5,4,1,1,1
550,5,263,249,5,5,1,1,1
551,1,331,166,4,5,1,1,1
551,2,361,167,5,5,1,1,1
551,3,315,218,5,5,1,1,1
551,4,281,208,4,4,1,1,1
551,5,263,249,5,5,1,1,1
552,1,331,166,4,5,1,1,1
552,2,361,167,5,5,1,1,1
552,3,315,218,5,5,1,1,1
552,4,281,208,4,4,1,1,1
552,5,263,249,5,5,1,1,1
553,1,331,166,4,5,1,1,1
553,2,361,167,5,5,1,1,1
553,3,315,218,5,5,1,1,1
553,4,281,207,4,5,1,1,1
553,5,264,248,4,6,1,1,1
554,1,331,166,4,5,1,1,1
554,2,361,167,5,5,1,1,1
554,3,315,218,5,5,1,1,1
554,4,281,207,4,5,1,1,1
554,5,264,248,4,6,1,1,1
555,1,331,166,4,5,1,1,1
555,2,362,167,4,5,1,1,1
555,3,315,218,5,5,1,1,1
555,4,281,207,4,5,1,1,1
555,5,264,248,4,5,1,1,1
556,1,331,166,4,5,1,1,1
556,2,362,167,4,5,1,1,1
556,3,315,218,5,5,1,1,1
556,4,281,207,4,5,1,1,1
556,5,264,248,4,5,1,1,1
557,1,331,166,4,5,1,1,1
557,2,362,167,4,6,1,1,1
557,3,315,217,5,6,1,1,1
557,4,280,207,5,5,1,1,1
557,5,264,248,4,5,1,1,1
558,1,331,166,4,5,1,1,1
558,2,362,167,4,6,1,1,1
558,3,315,217,5,6,1,1,1
558,4,280,207,5,5,1,1,1
558,5,264,248,4,5,1,1,1
559,1,331,166,4,5,1,1,1
559,2,362,168,4,5,1,1,1
559,3,315,217,4,6,1,1,1
559,4,280,207,5,5,1,1,1
559,5,264,248,4,5,1,1,1
560,1,331,166,4,5,1,1,1
560,2,362,168,4,5,1,1,1
560,3,315,217,4,6,1,1,1
560,4,280,207,5,5,1,1,1
560,5,264,248,4,5,1,1,1
561,1,331,166,4,5,1,1,1
561,2,362,168,4,5,1,1,1
561,3,315,217,4,5,1,1,1
561,4,280,207,5,5,1,1,1
561,5,263,248,6,5,1,1,1
562,1,331,166,4,5,1,1,1
562,2,362,168,4,5,1,1,1
562,3,315,217,4,5,1,1,1
562,4,280,207,5,5,1,1,1
562,5,263,248,6,5,1,1,1
563,1,330,166,5,5,1,1,1
563,2,362,168,4,5,1,1,1
563,3,315,217,4,5,1,1,1
563,4,280,207,5,5,1,1,1
563,5,264,248,5,5,1,1,1
564,1,330,166,5,5,1,1,1
564,2,362,168,4,5,1,1,1
564,3,315,217,4,5,1,1,1
564,4,280,207,5,5,1,1,1
564,5,264,248,5,5,1,1,1
565,1,330,166,5,5,1,1,1
565,2,362,168,4,5,1,1,1
565,3,315,217,4,5,1,1,1
565,4,280,207,5,5,1,1,1
565,5,263,247,5,6,1,1,1
566,1,330,166,5,5,1,1,1
566,2,362,168,4,5,1,1,1
566,3,315,217,4,5,1,1,1
566,4,280,207,5,5,1,1,1
566,5,263,247,5,6,1,1,1
567,1,330,166,4,5,1,1,1
567,2,361,168,6,5,1,1,1
567,3,315,217,4,5,1,1,1
567,4,280,207,4,5,1,1,1
567,5,264,247,4,5,1,1,1
568,1,330,166,4,5,1,1,1
568,2,361,168,6,5,1,1,1
568,3,315,217,4,5,1,1,1
568,4,280,207,4,5,1,1,1
568,5,264,247,4,5,1,1,1
569,1,330,166,4,5,1,1,1
569,2,361,168,6,5,1,1,1
569,3,314,217,5,5,1,1,1
569,4,280,207,4,5,1,1,1
569,5,263,247,5,5,1,1,1
570,1,330,166,4,5,1,1,1
570,2,361,168,6,5,1,1,1
570,3,314,217,5,5,1,1,1
570,4,280,207,4,5,1,1,1
570,5,263,247,5,5,1,1,1
571,1,330,166,4,5,1,1,1
571,2,361,168,6,6,1,1,1
571,3,314,217,5,5,1,1,1
571,4,280,207,4,5,1,1,1
571,5,264,247,4,5,1,1,1
572,1,330,166,4,5,1,1,1
572,2,361,168,6,6,1,1,1
572,3,314,217,5,5,1,1,1
572,4,280,207,4,5,1,1,1
572,5,264,247,4,5,1,1,1
573,1,329,166,5,5,1,1,1
573,2,361,168,6,6,1,1,1
573,3,314,217,5,5,1,1,1
573,4,280,207,4,5,1,1,1
573,5,263,247,6,5,1,1,1
574,1,329,166,5,5,1,1,1
574,2,361,168,6,6,1,1,1
574,3,314,217,5,5,1,1,1
574,4,280,207,4,5,1,1,1
574,5,263,247,6,5,1,1,1
575,1,329,166,5,5,1,1,1
575,2,362,168,4,6,1,1,1
575,3,314,217,5,5,1,1,1
575,4,280,207,4,5,1,1,1
575,5,264,247,4,5,1,1,1
576,1,329,166,5,5,1,1,1
576,2,362,168,4,6,1,1,1
576,3,314,217,5,5,1,1,1
576,4,280,207,4,5,1,1,1
576,5,264,247,4,5,1,1,1
577,1,329,166,5,5,1,1,1
577,2,362,168,5,6,1,1,1
577,3,314,217,5,5,1,1,1
577,4,279,207,5,5,1,1,1
577,5,263,246,5,6,1,1,1
578,1,329,166,5,5,1,1,1
578,2,362,168,5,6,1,1,1
578,3,314,217,5,5,1,1,1
578,4,279,207,5,5,1,1,1
578,5,263,246,5,6,1,1,1
579,1,329,166,5,5,1,1,1
579,2,362,169,5,5,1,1,1
579,3,313,217,6,5,1,1,1
579,4,279,207,5,5,1,1,1
579,5,264,246,4,5,1,1,1
580,1,329,166,5,5,1,1,1
580,2,362,169,5,5,1,1,1
580,3,313,217,6,5,1,1,1
580,4,279,207,5,5,1,1,1
580,5,264,246,4,5,1,1,1
581,1,329,166,5,5,1,1,1
581,2,362,169,5,5,1,1,1
581,3,314,217,5,5,1,1,1
581,4,279,207,5,5,1,1,1
581,5,264,246,4,5,1,1,1
582,1,329,166,5,5,1,1,1
582,2,362,169,5,5,1,1,1
582,3,314,217,5,5,1,1,1
582,4,279,207,5,5,1,1,1
582,5,264,246,4,5,1,1,1
583,1,329,166,5,5,1,1,1
583,2,362,169,5,6,1,1,1
583,3,314,217,5,5,1,1,1
583,4,279,207,5,5,1,1,1
583,5,264,246,4,5,1,1,1
584,1,329,166,5,5,1,1,1
584,2,362,169,5,6,1,1,1
584,3,314,217,5,5,1,1,1
584,4,279,207,5,5,1,1,1
584,5,264,246,4,5,1,1,1
585,1,329,166,4,5,1,1,1
585,2,362,169,5,6,1,1,1
585,3,314,217,5,5,1,1,1
585,4,279,207,5,5,1,1,1
585,5,264,246,5,5,1,1,1
586,1,329,166,4,5,1,1,1
586,2,362,169,5,6,1,1,1
586,3,314,217,5,5,1,1,1
586,4,279,207,5,5,1,1,1
586,5,264,246,5,5,1,1,1
587,1,329,166,4,5,1,1,1
587,2,362,169,5,6,1,1,1
587,3,314,217,4,5,1,1,1
587,4,279,207,5,5,1,1,1
587,5,264,246,5,5,1,1,1
588,1,329,166,4,5,1,1,1
588,2,362,169,5,6,1,1,1
588,3,314,217,4,5,1,1,1
588,4,279,207,5,5,1,1,1
588,5,264,246,5,5,1,1,1
589,1,329,166,4,5,1,1,1
589,2,362,170,5,5,1,1,1
589,3,314,217,4,5,1,1,1
589,4,279,207,4,5,1,1,1
589,5,264,246,5,5,1,1,1
590,1,329,166,4,5,1,1,1
590,2,362,170,5,5,1,1,1
590,3,314,217,4,5,1,1,1
590,4,279,207,4,5,1,1,1
590,5,264,246,5,5,1,1,1
591,1,329,166,4,5,1,1,1
591,2,362,170,5,5,1,1,1
591,3,314,217,4,5,1,1,1
591,4,279,207,4,5,1,1,1
591,5,264,245,5,5,1,1,1
592,1,329,166,4,5,1,1,1
592,2,362,170,5,5,1,1,1
592,3,314,217,4,5,1,1,1
592,4,279,207,4,5,1,1,1
592,5,264,245,5,5,1,1,1
593,1,329,166,4,5,1,1,1
593,2,363,170,4,5,1,1,1
593,3,314,217,4,4,1,1,1
593,4,279,207,4,5,1,1,1
593,5,264,245,5,5,1,1,1
594,1,329,166,4,5,1,1,1
594,2,363,170,4,5,1,1,1
594,3,314,217,4,4,1,1,1
594,4,279,207,4,5,1,1,1
594,5,264,245,5,5,1,1,1
595,1,328,166,5,5,1,1,1
595,2,363,170,4,5,1,1,1
595,3,313,217,6,5,1,1,1
595,4,278,207,5,5,1,1,1
595,5,264,245,5,5,1,1,1
596,1,328,166,5,5,1,1,1
596,2,363,170,4,5,1,1,1
596,3,313,217,6,5,1,1,1
596,4,278,207,5,5,1,1,1
596,5,264,245,5,5,1,1,1
597,1,328,166,5,5,1,1,1
597,2,363,170,4,5,1,1,1
597,3,314,217,4,5,1,1,1
597,4,279,207,4,5,1,1,1
597,5,264,245,5,5,1,1,1
598,1,328,166,5,5,1,1,1
598,2,363,170,4,5,1,1,1
598,3,314,217,4,5,1,1,1
598,4,279,207,4,5,1,1,1
598,5,264,245,5,5,1,1,1
599,1,328,166,5,5,1,1,1
599,2,363,170,4,5,1,1,1
599,3,314,217,4,5,1,1,1
599,4,278,207,5,5,1,1,1
599,5,264,245,5,5,1,1,1
600,1,328,166,5,5,1,1,1
600,2,363,170,4,5,1,1,1
600,3,314,217,4,5,1,1,1
600,4,278,207,5,5,1,1,1
600,5,264,245,5,5,1,1,1
601,1,328,166,4,5,1,1,1
601,2,363,170,4,5,1,1,1
601,3,313,217,5,5,1,1,1
601,4,278,207,5,5,1,1,1
601,5,265,245,4,5,1,1,1
602,1,328,166,4,5,1,1,1
602,2,363,170,4,5,1,1,1
602,3,313,217,5,5,1,1,1
602,4,278,207,5,5,1,1,1
602,5,265,245,4,5,1,1,1
603,1,328,166,4,5,1,1,1
603,2,362,170,6,5,1,1,1
603,3,313,216,6,5,1,1,1
603,4,278,207,5,5,1,1,1
603,5,265,245,4,5,1,1,1
604,1,328,166,4,5,1,1,1
604,2,362,170,6,5,1,1,1
604,3,313,216,6,5,1,1,1
604,4,278,207,5,5,1,1,1
604,5,265,245,4,5,1,1,1
605,1,328,166,4,5,1,1,1
605,2,362,170,6,5,1,1,1
605,3,313,216,6,5,1,1,1
605,4,278,207,5,5,1,1,1
605,5,265,245,4,4,1,1,1
606,1,328,166,4,5,1,1,1
606,2,362,170,6,5,1,1,1
606,3,313,216,6,5,1,1,1
606,4,278,207,5,5,1,1,1
606,5,265,245,4,4,1,1,1
607,1,328,166,4,5,1,1,1
607,2,363,170,5,6,1,1,1
607,3,313,216,6,5,1,1,1
607,4,278,207,5,5,1,1,1
607,5,265,244,4,5,1,1,1
608,1,328,166,4,5,1,1,1
608,2,363,170,5,6,1,1,1
608,3,313,216,6,5,1,1,1
608,4,278,207,5,5,1,1,1
608,5,265,244,4,5,1,1,1
609,1,328,166,4,5,1,1,1
609,2,363,170,5,5,1,1,1
609,3,313,216,6,5,1,1,1
609,4,278,207,5,5,1,1,1
609,5,265,244,4,5,1,1,1
610,1,328,166,4,5,1,1,1
610,2,363,170,5,5,1,1,1
610,3,313,216,6,5,1,1,1
610,4,278,207,5,5,1,1,1
610,5,265,244,4,5,1,1,1
611,1,328,166,4,5,1,1,1
611,2,363,170,5,5,1,1,1
611,3,313,216,5,5,1,1,1
611,4,278,207,4,5,1,1,1
611,5,265,244,4,5,1,1,1
612,1,328,166,4,5,1,1,1
612,2,363,170,5,5,1,1,1
612,3,313,216,5,5,1,1,1
612,4,278,207,4,5,1,1,1
612,5,265,244,4,5,1,1,1
613,1,327,166,6,5,1,1,1
613,2,364,170,4,5,1,1,1
613,3,313,216,5,5,1,1,1
613,4,278,207,4,5,1,1,1
613,5,265,244,4,5,1,1,1
614,1,327,166,6,5,1,1,1
614,2,364,170,4,5,1,1,1
614,3,313,216,5,5,1,1,1
614,4,278,207,4,5,1,1,1
614,5,265,244,4,5,1,1,1
615,1,327,166,6,5,1,1,1
615,2,364,170,4,5,1,1,1
615,3,313,216,5,5,1,1,1
615,4,278,207,4,5,1,1,1
615,5,264,244,6,5,1,1,1
616,1,327,166,6,5,1,1,1
616,2,364,170,4,5,1,1,1
616,3,313,216,5,5,1,1,1
616,4,278,207,4,5,1,1,1
616,5,264,244,6,5,1,1,1
617,1,327,166,6,5,1,1,1
617,2,364,170,4,5,1,1,1
617,3,313,216,5,5,1,1,1
617,4,278,207,4,5,1,1,1
617,5,265,244,5,5,1,1,1
618,1,327,166,6,5,1,1,1
618,2,364,170,4,5,1,1,1
618,3,313,216,5,5,1,1,1
618,4,278,207,4,5,1,1,1
618,5,265,244,5,5,1,1,1
619,1,327,166,5,6,1,1,1
619,2,364,170,4,5,1,1,1
619,3,313,216,5,5,1,1,1
619,4,278,207,4,5,1,1,1
619,5,265,243,4,6,1,1,1
620,1,327,166,5,6,1,1,1
620,2,364,170,4,5,1,1,1
620,3,313,216,5,5,1,1,1
620,4,278,207,4,5,1,1,1
620,5,265,243,4,6,1,1,1
621,1,327,166,5,6,1,1,1
621,2,364,170,4,5,1,1,1
621,3,313,216,4,5,1,1,1
621,4,278,207,4,5,1,1,1
621,5,265,243,4,5,1,1,1
622,1,327,166,5,6,1,1,1
622,2,364,170,4,5,1,1,1
622,3,313,216,4,5,1,1,1
622,4,278,207,4,5,1,1,1
622,5,265,243,4,5,1,1,1
623,1,327,166,5,6,1,1,1
623,2,364,170,4,5,1,1,1
623,3,312,216,6,5,1,1,1
623,4,278,207,4,5,1,1,1
623,5,265,243,4,5,1,1,1
624,1,327,166,5,6,1,1,1
624,2,364,170,4,5,1,1,1
624,3,312,216,6,5,1,1,1
624,4,278,207,4,5,1,1,1
624,5,265,243,4,5,1,1,1
625,1,327,167,4,5,1,1,1
625,2,364,170,4,4,1,1,1
625,3,312,216,5,5,1,1,1
625,4,277,207,5,5,1,1,1
625,5,265,243,4,5,1,1,1
626,1,327,167,4,5,1,1,1
626,2,364,170,4,4,1,1,1
626,3,312,216,5,5,1,1,1
626,4,277,207,5,5,1,1,1
626,5,265,243,4,5,1,1,1
627,1,327,167,4,5,1,1,1
627,2,364,170,4,4,1,1,1
627,3,313,216,4,5,1,1,1
627,4,277,207,5,5,1,1,1
627,5,265,243,4,5,1,1,1
628,1,327,167,4,5,1,1,1
628,2,364,170,4,4,1,1,1
628,3,313,216,4,5,1,1,1
628,4,277,207,5,5,1,1,1
628,5,265,243,4,5,1,1,1
629,1,327,167,4,5,1,1,1
629,2,364,170,4,4,1,1,1
629,3,312,216,6,5,1,1,1
629,4,277,207,4,5,1,1,1
629,5,265,243,4,5,1,1,1
630,1,327,167,4,5,1,1,1
630,2,364,170,4,4,1,1,1
630,3,312,216,6,5,1,1,1
630,4,277,207,4,5,1,1,1
630,5,265,243,4,5,1,1,1
631,1,327,167,4,5,1,1,1
631,2,364,170,4,4,1,1,1
631,3,312,216,6,5,1,1,1
631,4,277,207,4,5,1,1,1
631,5,265,243,4,5,1,1,1
632,1,327,167,4,5,1,1,1
632,2,364,170,4,4,1,1,1
632,3,312,216,6,5,1,1,1
632,4,277,207,4,5,1,1,1
632,5,265,243,4,5,1,1,1
633,1,326,166,6,6,1,1,1
633,2,364,170,4,4,1,1,1
633,3,312,215,6,6,1,1,1
633,4,276,207,6,6,1,1,1
633,5,265,243,4,4,1,1,1
633,40,0,8,9,17,1,1,1
634,1,326,166,6,6,1,1,1
634,2,364,170,4,4,1,1,1
634,3,312,215,6,6,1,1,1
634,4,276,207,6,6,1,1,1
634,5,265,243,4,4,1,1,1
634,40,0,8,9,17,1,1,1
635,1,326,166,6,6,1,1,1
635,2,364,170,5,4,1,1,1
635,3,312,215,6,6,1,1,1
635,4,276,207,6,6,1,1,1
635,5,265,242,4,5,1,1,1
635,40,0,7,10,19,1,1,1
636,1,326,166,6,6,1,1,1
636,2,364,170,5,4,1,1,1
636,3,312,215,6,6,1,1,1
636,4,276,207,6,6,1,1,1
636,5,265,242,4,5,1,1,1
636,40,0,7,10,19,1,1,1
637,1,326,166,6,6,1,1,1
637,2,364,170,5,4,1,1,1
637,3,313,215,4,6,1,1,1
637,4,276,207,6,6,1,1,1
637,5,265,242,5,5,1,1,1
637,40,0,4,13,24,1,1,1
638,1,326,166,6,6,1,1,1
638,2,364,170,5,4,1,1,1
638,3,313,215,4,6,1,1,1
638,4,276,207,6,6,1,1,1
638,5,265,242,5,5,1,1,1
638,40,0,4,13,24,1,1,1
639,1,326,165,6,7,1,1,1
639,2,364,170,5,4,1,1,1
639,3,313,215,4,6,1,1,1
639,4,276,207,5,7,1,1,1
639,5,265,242,5,5,1,1,1
639,40,0,3,13,25,1,1,1
640,1,326,165,6,7,1,1,1
640,2,364,170,5,4,1,1,1
640,3,313,215,4,6,1,1,1
640,4,276,207,5,7,1,1,1
640,5,265,242,5,5,1,1,1
640,40,0,3,13,25,1,1,1
641,1,326,165,6,7,1,1,1
641,2,364,170,5,5,1,1,1
641,3,313,215,4,5,1,1,1
641,4,276,208,5,6,1,1,1
641,5,265,242,5,5,1,1,1
641,40,0,2,15,27,1,1,1
642,1,326,165,6,7,1,1,1
642,2,364,170,5,5,1,1,1
642,3,313,215,4,5,1,1,1
642,4,276,208,5,6,1,1,1
642,5,265,242,5,5,1,1,1
642,40,0,2,15,27,1,1,1
643,1,327,166,4,6,1,1,1
643,2,364,170,6,5,1,1,1
643,3,313,215,4,5,1,1,1
643,4,276,208,4,6,1,1,1
643,5,265,242,5,5,1,1,1
643,40,0,3,15,25,1,1,1
644,1,327,166,4,6,1,1,1
644,2,364,170,6,5,1,1,1
644,3,313,215,4,5,1,1,1
644,4,276,208,4,6,1,1,1
644,5,265,242,5,5,1,1,1
644,40,0,3,15,25,1,1,1
645,1,327,166,4,6,1,1,1
645,2,365,170,4,5,1,1,1
645,3,313,215,4,5,1,1,1
645,4,276,208,4,6,1,1,1
645,5,265,242,5,5,1,1,1
645,40,1,2,14,26,1,1,1
646,1,327,166,4,6,1,1,1
646,2,365,170,4,5,1,1,1
646,3,313,215,4,5,1,1,1
646,4,276,208,4,6,1,1,1
646,5,265,242,5,5,1,1,1
646,40,1,2,14,26,1,1,1
647,1,326,166,5,6,1,1,1
647,2,365,170,4,5,1,1,1
647,3,312,215,5,5,1,1,1
647,4,276,209,4,5,1,1,1
647,5,265,242,5,5,1,1,1
647,40,1,2,15,26,1,1,1
647,42,101,332,23,23,1,1,1
648,1,326,166,5,6,1,1,1
648,2,365,170,4,5,1,1,1
648,3,312,215,5,5,1,1,1
648,4,276,209,4,5,1,1,1
648,5,265,242,5,5,1,1,1
648,40,1,2,15,26,1,1,1
648,42,101,332,23,23,1,1,1
649,1,326,167,4,5,1,1,1
649,2,365,170,4,5,1,1,1
649,3,312,215,5,5,1,1,1
649,4,276,209,4,5,1,1,1
649,5,266,241,4,6,1,1,1
649,40,1,2,16,26,1,1,1
649,42,101,332,23,23,1,1,1
650,1,326,167,4,5,1,1,1
650,2,365,170,4,5,1,1,1
650,3,312,215,5,5,1,1,1
650,4,276,209,4,5,1,1,1
650,5,266,241,4,6,1,1,1
650,40,1,2,16,26,1,1,1
650,42,101,332,23,23,1,1,1
651,1,326,167,4,5,1,1,1
651,2,365,170,4,5,1,1,1
651,3,312,215,5,5,1,1,1
651,4,276,209,4,5,1,1,1
651,5,266,241,4,5,1,1,1
651,40,2,1,16,27,1,1,1
652,1,326,167,4,5,1,1,1
652,2,365,170,4,5,1,1,1
652,3,312,215,5,5,1,1,1
652,4,276,209,4,5,1,1,1
652,5,266,241,4,5,1,1,1
652,40,2,1,16,27,1,1,1
653,1,326,167,4,5,1,1,1
653,2,365,170,4,5,1,1,1
653,3,312,215,5,5,1,1,1
653,4,276,209,4,5,1,1,1
653,5,266,241,4,5,1,1,1
653,40,2,1,17,27,1,1,1
654,1,326,167,4,5,1,1,1
654,2,365,170,4,5,1,1,1
654,3,312,215,5,5,1,1,1
654,4,276,209,4,5,1,1,1
654,5,266,241,4,5,1,1,1
654,40,2,1,17,27,1,1,1
655,1,326,167,4,5,1,1,1
655,2,365,170,4,4,1,1,1
655,3,312,215,5,5,1,1,1
655,4,276,209,4,5,1,1,1
655,5,265,241,6,5,1,1,1
656,1,326,167,4,5,1,1,1
656,2,365,170,4,4,1,1,1
656,3,312,215,5,5,1,1,1
656,4,276,209,4,5,1,1,1
656,5,265,241,6,5,1,1,1
657,1,326,167,4,5,1,1,1
657,2,365,170,5,4,1,1,1
657,3,312,215,5,5,1,1,1
657,4,276,209,4,5,1,1,1
657,5,266,241,4,5,1,1,1
658,1,326,167,4,5,1,1,1
658,2,365,170,5,4,1,1,1
658,3,312,215,5,5,1,1,1
658,4,276,209,4,5,1,1,1
658,5,266,241,4,5,1,1,1
659,1,326,167,4,5,1,1,1
659,2,365,170,5,4,1,1,1
659,3,312,215,5,5,1,1,1
659,4,276,209,4,5,1,1,1
659,5,266,240,4,6,1,1,1
660,1,326,167,4,5,1,1,1
660,2,365,170,5,4,1,1,1
660,3,312,215,5,5,1,1,1
660,4,276,209,4,5,1,1,1
660,5,266,240,4,6,1,1,1
661,1,326,167,4,5,1,1,1
661,2,366,170,4,4,1,1,1
661,3,312,215,4,5,1,1,1
661,4,276,209,4,5,1,1,1
661,5,266,240,4,5,1,1,1
662,1,326,167,4,5,1,1,1
662,2,366,170,4,4,1,1,1
662,3,312,215,4,5,1,1,1
662,4,276,209,4,5,1,1,1
662,5,266,240,4,5,1,1,1
663,1,325,167,5,5,1,1,1
663,2,366,170,4,4,1,1,1
663,3,312,215,5,5,1,1,1
663,4,275,209,5,5,1,1,1
663,5,266,240,4,5,1,1,1
664,1,325,167,5,5,1,1,1
664,2,366,170,4,4,1,1,1
664,3,312,215,5,5,1,1,1
664,4,275,209,5,5,1,1,1
664,5,266,240,4,5,1,1,1
665,1,325,167,5,5,1,1,1
665,2,366,170,4,4,1,1,1
665,3,312,215,4,5,1,1,1
665,4,275,209,5,4,1,1,1
665,5,266,240,4,5,1,1,1
666,1,325,167,5,5,1,1,1
666,2,366,170,4,4,1,1,1
666,3,312,215,4,5,1,1,1
666,4,275,209,5,4,1,1,1
666,5,266,240,4,5,1,1,1
667,1,325,167,4,5,1,1,1
667,2,366,170,4,4,1,1,1
667,3,312,215,4,5,1,1,1
667,4,276,209,3,4,1,1,1
667,5,265,240,6,5,1,1,1
668,1,325,167,4,5,1,1,1
668,2,366,170,4,4,1,1,1
668,3,312,215,4,5,1,1,1
668,4,276,209,3,4,1,1,1
668,5,265,240,6,5,1,1,1
669,1,325,167,4,5,1,1,1
669,2,366,170,5,4,1,1,1
669,3,311,215,5,5,1,1,1
669,4,275,209,4,4,1,1,1
669,5,266,240,5,5,1,1,1
670,1,325,167,4,5,1,1,1
670,2,366,170,5,4,1,1,1
670,3,311,215,5,5,1,1,1
670,4,275,209,4,4,1,1,1
670,5,266,240,5,5,1,1,1
671,1,325,167,4,5,1,1,1
671,2,366,169,5,5,1,1,1
671,3,312,215,4,5,1,1,1
671,4,275,208,4,4,1,1,1
671,5,266,239,4,6,1,1,1
672,1,325,167,4,5,1,1,1
672,2,366,169,5,5,1,1,1
672,3,312,215,4,5,1,1,1
672,4,275,208,4,4,1,1,1
672,5,266,239,4,6,1,1,1
673,1,325,167,4,5,1,1,1
673,2,367,169,4,5,1,1,1
673,3,311,215,5,5,1,1,1
673,4,275,208,4,4,1,1,1
673,5,266,239,4,5,1,1,1
673,42,114,334,22,22,1,1,1
674,1,325,167,4,5,1,1,1
674,2,367,169,4,5,1,1,1
674,3,311,215,5,5,1,1,1
674,4,275,208,4,4,1,1,1
674,5,266,239,4,5,1,1,1
674,42,114,334,22,22,1,1,1
675,1,325,167,4,5,1,1,1
675,2,367,168,4,5,1,1,1
675,3,311,215,5,5,1,1,1
675,4,275,207,4,5,1,1,1
675,5,266,239,4,5,1,1,1
675,42,115,335,22,22,1,1,1
676,1,325,167,4,5,1,1,1
676,2,367,168,4,5,1,1,1
676,3,311,215,5,5,1,1,1
676,4,275,207,4,5,1,1,1
676,5,266,239,4,5,1,1,1
676,42,115,335,22,22,1,1,1
677,1,325,167,4,5,1,1,1
677,2,367,168,4,5,1,1,1
677,3,312,215,3,5,1,1,1
677,4,274,207,5,5,1,1,1
677,5,266,239,4,5,1,1,1
677,42,117,335,21,22,1,1,1
678,1,325,167,4,5,1,1,1
678,2,367,168,4,5,1,1,1
678,3,312,215,3,5,1,1,1
678,4,274,207,5,5,1,1,1
678,5,266,239,4,5,1,1,1
678,42,117,335,21,22,1,1,1
679,1,325,167,4,5,1,1,1
679,2,367,168,4,4,1,1,1
679,3,312,215,3,5,1,1,1
679,4,274,207,5,5,1,1,1
679,5,266,239,4,5,1,1,1
679,42,118,336,21,21,1,1,1
679,44,32,237,6,8,1,1,1
680,1,325,167,4,5,1,1,1
680,2,367,168,4,4,1,1,1
680,3,312,215,3,5,1,1,1
680,4,274,207,5,5,1,1,1
680,5,266,239,4,5,1,1,1
680,42,118,336,21,21,1,1,1
680,44,32,237,6,8,1,1,1
681,1,325,167,4,5,1,1,1
681,2,367,167,5,5,1,1,1
681,3,311,215,5,4,1,1,1
681,4,274,207,5,5,1,1,1
681,5,265,239,6,5,1,1,1
681,42,119,336,20,21,1,1,1
681,44,32,238,6,6,1,1,1
682,1,325,167,4,5,1,1,1
682,2,367,167,5,5,1,1,1
682,3,311,215,5,4,1,1,1
682,4,274,207,5,5,1,1,1
682,5,265,239,6,5,1,1,1
682,42,119,336,20,21,1,1,1
682,44,32,238,6,6,1,1,1
683,1,324,167,5,5,1,1,1
683,2,367,166,5,5,1,1,1
683,3,311,215,5,4,1,1,1
683,4,274,207,4,5,1,1,1
683,5,265,239,6,5,1,1,1
684,1,324,167,5,5,1,1,1
684,2,367,166,5,5,1,1,1
684,3,311,215,5,4,1,1,1
684,4,274,207,4,5,1,1,1
684,5,265,239,6,5,1,1,1
685,1,324,167,5,5,1,1,1
685,2,367,166,5,5,1,1,1
685,3,311,214,5,5,1,1,1
685,4,274,207,4,5,1,1,1
685,5,266,238,4,6,1,1,1
686,1,324,167,5,5,1,1,1
686,2,367,166,5,5,1,1,1
686,3,311,214,5,5,1,1,1
686,4,274,207,4,5,1,1,1
686,5,266,238,4,6,1,1,1
687,1,324,167,5,5,1,1,1
687,2,367,165,5,5,1,1,1
687,3,311,214,4,5,1,1,1
687,4,274,207,4,5,1,1,1
687,5,266,238,4,5,1,1,1
688,1,324,167,5,5,1,1,1
688,2,367,165,5,5,1,1,1
688,3,311,214,4,5,1,1,1
688,4,274,207,4,5,1,1,1
688,5,266,238,4,5,1,1,1
689,1,324,167,4,5,1,1,1
689,2,367,164,5,5,1,1,1
689,3,311,214,5,5,1,1,1
689,4,274,207,4,5,1,1,1
689,5,266,238,4,5,1,1,1
690,1,324,167,4,5,1,1,1
690,2,367,164,5,5,1,1,1
690,3,311,214,5,5,1,1,1
690,4,274,207,4,5,1,1,1
690,5,266,238,4,5,1,1,1
691,1,324,167,4,5,1,1,1
691,2,367,164,5,5,1,1,1
691,3,311,214,5,5,1,1,1
691,4,274,207,4,5,1,1,1
691,5,266,238,4,5,1,1,1
692,1,324,167,4,5,1,1,1
692,2,367,164,5,5,1,1,1
692,3,311,214,5,5,1,1,1
692,4,274,207,4,5,1,1,1
692,5,266,238,4,5,1,1,1
693,1,324,167,4,5,1,1,1
693,2,367,164,5,5,1,1,1
693,3,311,214,4,5,1,1,1
693,4,274,207,4,5,1,1,1
693,5,266,238,4,5,1,1,1
694,1,324,167,4,5,1,1,1
694,2,367,164,5,5,1,1,1
694,3,311,214,4,5,1,1,1
694,4,274,207,4,5,1,1,1
694,5,266,238,4,5,1,1,1
695,1,324,167,4,5,1,1,1
695,2,367,163,4,5,1,1,1
695,3,311,214,4,5,1,1,1
695,4,274,207,4,5,1,1,1
695,5,266,238,4,5,1,1,1
696,1,324,167,4,5,1,1,1
696,2,367,163,4,5,1,1,1
696,3,311,214,4,5,1,1,1
696,4,274,207,4,5,1,1,1
696,5,266,238,4,5,1,1,1
697,1,323,167,5,5,1,1,1
697,2,367,163,4,5,1,1,1
697,3,311,214,4,5,1,1,1
697,4,274,207,4,5,1,1,1
697,5,266,238,4,5,1,1,1
698,1,323,167,5,5,1,1,1
698,2,367,163,4,5,1,1,1
698,3,311,214,4,5,1,1,1
698,4,274,207,4,5,1,1,1
698,5,266,238,4,5,1,1,1
699,1,323,167,5,5,1,1,1
699,2,367,163,4,4,1,1,1
699,3,311,214,4,5,1,1,1
699,4,274,207,4,5,1,1,1
699,5,266,238,4,5,1,1,1
700,1,323,167,5,5,1,1,1
700,2,367,163,4,4,1,1,1
700,3,311,214,4,5,1,1,1
700,4,274,207,4,5,1,1,1
700,5,266,238,4,5,1,1,1
701,1,323,167,5,5,1,1,1
701,2,367,163,4,4,1,1,1
701,3,311,214,4,5,1,1,1
701,4,273,207,5,5,1,1,1
701,5,266,238,4,5,1,1,1
702,1,323,167,5,5,1,1,1
702,2,367,163,4,4,1,1,1
702,3,311,214,4,5,1,1,1
702,4,273,207,5,5,1,1,1
702,5,266,238,4,5,1,1,1
703,1,323,167,4,5,1,1,1
703,2,367,162,4,5,1,1,1
703,3,311,214,4,5,1,1,1
703,4,273,207,5,5,1,1,1
703,5,266,238,4,4,1,1,1
704,1,323,167,4,5,1,1,1
704,2,367,162,4,5,1,1,1
704,3,311,214,4,5,1,1,1
704,4,273,207,5,5,1,1,1
704,5,266,238,4,4,1,1,1
705,1,323,167,4,5,1,1,1
705,2,367,162,4,5,1,1,1
705,3,310,214,5,5,1,1,1
705,4,273,207,5,5,1,1,1
705,5,265,238,6,4,1,1,1
706,1,323,167,4,5,1,1,1
706,2,367,162,4,5,1,1,1
706,3,310,214,5,5,1,1,1
706,4,273,207,5,5,1,1,1
706,5,265,238,6,4,1,1,1
707,1,323,167,4,5,1,1,1
707,2,367,162,4,5,1,1,1
707,3,310,214,5,5,1,1,1
707,4,273,207,5,5,1,1,1
707,5,265,237,6,5,1,1,1
708,1,323,167,4,5,1,1,1
708,2,367,162,4,5,1,1,1
708,3,310,214,5,5,1,1,1
708,4,273,207,5,5,1,1,1
708,5,265,237,6,5,1,1,1
709,1,322,167,5,5,1,1,1
709,2,367,162,4,5,1,1,1
709,3,310,214,5,5,1,1,1
709,4,273,207,4,5,1,1,1
709,5,265,237,6,5,1,1,1
710,1,322,167,5,5,1,1,1
710,2,367,162,4,5,1,1,1
710,3,310,214,5,5,1,1,1
710,4,273,207,4,5,1,1,1
710,5,265,237,6,5,1,1,1
711,1,322,167,5,5,1,1,1
711,2,367,162,4,5,1,1,1
711,3,310,214,5,5,1,1,1
711,4,273,207,4,5,1,1,1
711,5,265,237,5,5,1,1,1
712,1,322,167,5,5,1,1,1
712,2,367,162,4,5,1,1,1
712,3,310,214,5,5,1,1,1
712,4,273,207,4,5,1,1,1
712,5,265,237,5,5,1,1,1
713,1,323,167,4,5,1,1,1
713,2,367,162,4,5,1,1,1
713,3,310,214,5,5,1,1,1
713,4,273,207,4,5,1,1,1
713,5,265,237,5,5,1,1,1
714,1,323,167,4,5,1,1,1
714,2,367,162,4,5,1,1,1
714,3,310,214,5,5,1,1,1
714,4,273,207,4,5,1,1,1
714,5,265,237,5,5,1,1,1
715,1,322,167,5,5,1,1,1
715,2,367,162,4,5,1,1,1
715,3,310,214,5,5,1,1,1
715,4,273,207,4,5,1,1,1
715,5,265,237,5,5,1,1,1
716,1,322,167,5,5,1,1,1
716,2,367,162,4,5,1,1,1
716,3,310,214,5,5,1,1,1
716,4,273,207,4,5,1,1,1
716,5,265,237,5,5,1,1,1
717,1,322,167,4,5,1,1,1
717,2,367,162,4,5,1,1,1
717,3,309,213,6,6,1,1,1
717,4,273,207,4,5,1,1,1
717,5,266,237,4,5,1,1,1
718,1,322,167,4,5,1,1,1
718,2,367,162,4,5,1,1,1
718,3,309,213,6,6,1,1,1
718,4,273,207,4,5,1,1,1
718,5,266,237,4,5,1,1,1
719,1,322,167,4,5,1,1,1
719,2,366,162,6,5,1,1,1
719,3,309,213,6,6,1,1,1
719,4,273,207,4,5,1,1,1
719,5,266,237,4,5,1,1,1
720,1,322,167,4,5,1,1,1
720,2,366,162,6,5,1,1,1
720,3,309,213,6,6,1,1,1
720,4,273,207,4,5,1,1,1
720,5,266,237,4,5,1,1,1
721,1,322,167,4,5,1,1,1
721,2,366,162,6,5,1,1,1
721,3,310,213,4,6,1,1,1
721,4,272,207,5,5,1,1,1
721,5,265,237,6,4,1,1,1
722,1,322,167,4,5,1,1,1
722,2,366,162,6,5,1,1,1
722,3,310,213,4,6,1,1,1
722,4,272,207,5,5,1,1,1
722,5,265,237,6,4,1,1,1
723,1,322,167,4,5,1,1,1
723,2,367,161,4,6,1,1,1
723,3,310,213,4,6,1,1,1
723,4,272,207,5,5,1,1,1
723,5,265,236,6,5,1,1,1
724,1,322,167,4,5,1,1,1
724,2,367,161,4,6,1,1,1
724,3,310,213,4,6,1,1,1
724,4,272,207,5,5,1,1,1
724,5,265,236,6,5,1,1,1
725,1,322,167,4,5,1,1,1
725,2,367,161,4,5,1,1,1
725,3,310,214,4,4,1,1,1
725,4,272,207,5,5,1,1,1
725,5,265,236,5,5,1,1,1
726,1,322,167,4,5,1,1,1
726,2,367,161,4,5,1,1,1
726,3,310,214,4,4,1,1,1
726,4,272,207,5,5,1,1,1
726,5,265,236,5,5,1,1,1
727,1,322,167,4,5,1,1,1
727,2,367,161,4,5,1,1,1
727,3,310,214,4,4,1,1,1
727,4,272,207,5,5,1,1,1
727,5,265,236,5,5,1,1,1
728,1,322,167,4,5,1,1,1
728,2,367,161,4,5,1,1,1
728,3,310,214,4,4,1,1,1
728,4,272,207,5,5,1,1,1
728,5,265,236,5,5,1,1,1
729,1,321,167,5,5,1,1,1
729,2,367,161,4,5,1,1,1
729,3,310,214,4,4,1,1,1
729,4,272,207,5,5,1,1,1
729,5,265,236,5,5,1,1,1
730,1,321,167,5,5,1,1,1
730,2,367,161,4,5,1,1,1
730,3,310,214,4,4,1,1,1
730,4,272,207,5,5,1,1,1
730,5,265,236,5,5,1,1,1
731,1,321,167,5,5,1,1,1
731,2,367,161,4,5,1,1,1
731,3,310,214,4,4,1,1,1
731,4,272,207,5,5,1,1,1
731,5,265,236,5,5,1,1,1
732,1,321,167,5,5,1,1,1
732,2,367,161,4,5,1,1,1
732,3,310,214,4,4,1,1,1
732,4,272,207,5,5,1,1,1
732,5,265,236,5,5,1,1,1
733,1,321,167,5,5,1,1,1
733,2,366,161,5,5,1,1,1
733,3,310,214,4,4,1,1,1
733,4,272,208,4,4,1,1,1
733,5,265,236,5,5,1,1,1
734,1,321,167,5,5,1,1,1
734,2,366,161,5,5,1,1,1
734,3,310,214,4,4,1,1,1
734,4,272,208,4,4,1,1,1
734,5,265,236,5,5,1,1,1
735,1,321,167,5,5,1,1,1
735,2,366,161,5,5,1,1,1
735,3,310,213,4,5,1,1,1
735,4,272,208,4,4,1,1,1
735,5,265,236,5,5,1,1,1
736,1,321,167,5,5,1,1,1
736,2,366,161,5,5,1,1,1
736,3,310,213,4,5,1,1,1
736,4,272,208,4,4,1,1,1
736,5,265,236,5,5,1,1,1
737,1,321,168,5,5,1,1,1
737,2,366,161,5,5,1,1,1
737,3,310,213,4,5,1,1,1
737,4,272,209,4,4,1,1,1
737,5,265,236,5,5,1,1,1
738,1,321,168,5,5,1,1,1
738,2,366,161,5,5,1,1,1
738,3,310,213,4,5,1,1,1
738,4,272,209,4,4,1,1,1
738,5,265,236,5,5,1,1,1
739,1,321,168,4,5,1,1,1
739,2,366,161,5,5,1,1,1
739,3,310,214,4,4,1,1,1
739,4,271,209,5,4,1,1,1
739,5,265,236,5,5,1,1,1
740,1,321,168,4,5,1,1,1
740,2,366,161,5,5,1,1,1
740,3,310,214,4,4,1,1,1
740,4,271,209,5,4,1,1,1
740,5,265,236,5,5,1,1,1
741,1,321,168,5,5,1,1,1
741,2,366,161,4,5,1,1,1
741,3,310,214,4,4,1,1,1
741,4,271,209,5,5,1,1,1
741,5,265,236,5,5,1,1,1
742,1,321,168,5,5,1,1,1
742,2,366,161,4,5,1,1,1
742,3,310,214,4,4,1,1,1
742,4,271,209,5,5,1,1,1
742,5,265,236,5,5,1,1,1
743,1,321,168,4,5,1,1,1
743,2,366,161,4,5,1,1,1
743,3,310,214,4,4,1,1,1
743,4,271,209,5,5,1,1,1
743,5,266,236,3,5,1,1,1
744,1,321,168,4,5,1,1,1
744,2,366,161,4,5,1,1,1
744,3,310,214,4,4,1,1,1
744,4,271,209,5,5,1,1,1
744,5,266,236,3,5,1,1,1
745,1,321,168,4,5,1,1,1
745,2,366,161,4,5,1,1,1
745,3,310,215,4,3,1,1,1
745,4,271,209,5,5,1,1,1
745,5,266,236,3,5,1,1,1
746,1,321,168,4,5,1,1,1
746,2,366,161,4,5,1,1,1
746,3,310,215,4,3,1,1,1
746,4,271,209,5,5,1,1,1
746,5,266,236,3,5,1,1,1
747,1,321,168,4,5,1,1,1
747,2,366,161,4,5,1,1,1
747,3,309,215,5,3,1,1,1
747,4,271,209,4,5,1,1,1
747,5,266,236,3,4,1,1,1
748,1,321,168,4,5,1,1,1
748,2,366,161,4,5,1,1,1
748,3,309,215,5,3,1,1,1
748,4,271,209,4,5,1,1,1
748,5,266,236,3,4,1,1,1
749,1,321,168,4,5,1,1,1
749,2,365,161,5,5,1,1,1
749,3,309,215,4,3,1,1,1
749,4,271,209,4,5,1,1,1
749,5,266,236,3,4,1,1,1
750,1,321,168,4,5,1,1,1
750,2,365,161,5,5,1,1,1
750,3,309,215,4,3,1,1,1
750,4,271,209,4,5,1,1,1
750,5,266,236,3,4,1,1,1
