1,1,236,246,11,12,1,1,1
1,2,320,262,9,13,1,1,1
1,3,303,170,10,11,1,1,1
1,4,267,122,10,12,1,1,1
1,5,302,126,10,12,1,1,1
2,1,236,246,11,12,1,1,1
2,2,320,262,9,13,1,1,1
2,3,303,170,10,11,1,1,1
2,4,267,122,10,12,1,1,1
2,5,302,126,10,12,1,1,1
3,1,237,246,12,12,1,1,1
3,2,319,263,11,12,1,1,1
3,3,302,171,12,12,1,1,1
3,4,267,122,10,12,1,1,1
3,5,302,126,10,13,1,1,1
4,1,237,246,12,12,1,1,1
4,2,319,263,11,12,1,1,1
4,3,302,171,12,12,1,1,1
4,4,267,122,10,12,1,1,1
4,5,302,126,10,13,1,1,1
5,1,237,246,12,13,1,1,1
5,2,319,263,11,13,1,1,1
5,3,302,171,12,13,1,1,1
5,4,267,122,11,13,1,1,1
5,5,302,127,10,13,1,1,1
6,1,237,246,12,13,1,1,1
6,2,319,263,11,13,1,1,1
6,3,302,171,12,13,1,1,1
6,4,267,122,11,13,1,1,1
6,5,302,127,10,13,1,1,1
7,1,237,247,12,13,1,1,1
7,2,319,264,11,12,1,1,1
7,3,302,171,12,13,1,1,1
7,4,267,123,11,13,1,1,1
7,5,303,128,10,12,1,1,1
8,1,237,247,12,13,1,1,1
8,2,319,264,11,12,1,1,1
8,3,302,171,12,13,1,1,1
8,4,267,123,11,13,1,1,1
8,5,303,128,10,12,1,1,1
9,1,237,247,12,14,1,1,1
9,2,320,265,9,12,1,1,1
9,3,303,172,11,13,1,1,1
9,4,268,124,10,12,1,1,1
9,5,303,128,11,13,1,1,1
10,1,237,247,12,14,1,1,1
10,2,320,265,9,12,1,1,1
10,3,303,172,11,13,1,1,1
10,4,268,124,10,12,1,1,1
10,5,303,128,11,13,1,1,1
11,1,237,248,12,13,1,1,1
11,2,320,266,9,12,1,1,1
11,3,303,173,11,12,1,1,1
11,4,268,125,11,12,1,1,1
11,5,303,129,11,13,1,1,1
12,1,237,248,12,13,1,1,1
12,2,320,266,9,12,1,1,1
12,3,303,173,11,12,1,1,1
12,4,268,125,11,12,1,1,1
12,5,303,129,11,13,1,1,1
13,1,237,249,13,13,1,1,1
13,2,320,267,9,12,1,1,1
13,3,303,174,11,12,1,1,1
13,4,269,125,10,13,1,1,1
13,5,304,130,11,12,1,1,1
14,1,237,249,13,13,1,1,1
14,2,320,267,9,12,1,1,1
14,3,303,174,11,12,1,1,1
14,4,269,125,10,13,1,1,1
14,5,304,130,11,12,1,1,1
15,1,238,249,12,14,1,1,1
15,2,320,268,9,12,1,1,1
15,3,303,175,12,12,1,1,1
15,4,269,126,11,12,1,1,1
15,5,304,130,11,13,1,1,1
16,1,238,249,12,14,1,1,1
16,2,320,268,9,12,1,1,1
16,3,303,175,12,12,1,1,1
16,4,269,126,11,12,1,1,1
16,5,304,130,11,13,1,1,1
17,1,238,250,12,13,1,1,1
17,2,320,269,9,12,1,1,1
17,3,303,175,12,13,1,1,1
17,4,270,126,10,13,1,1,1
17,5,305,131,10,13,1,1,1
18,1,238,250,12,13,1,1,1
18,2,320,269,9,12,1,1,1
18,3,303,175,12,13,1,1,1
18,4,270,126,10,13,1,1,1
18,5,305,131,10,13,1,1,1
19,1,238,251,12,13,1,1,1
19,2,320,270,9,12,1,1,1
19,3,304,176,11,13,1,1,1
19,4,269,127,12,13,1,1,1
19,5,305,131,11,13,1,1,1
20,1,238,251,12,13,1,1,1
20,2,320,270,9,12,1,1,1
20,3,304,176,11,13,1,1,1
20,4,269,127,12,13,1,1,1
20,5,305,131,11,13,1,1,1
21,1,238,251,12,13,1,1,1
21,2,320,271,9,12,1,1,1
21,3,304,177,11,12,1,1,1
21,4,270,127,11,14,1,1,1
21,5,306,132,10,13,1,1,1
22,1,238,251,12,13,1,1,1
22,2,320,271,9,12,1,1,1
22,3,304,177,11,12,1,1,1
22,4,270,127,11,14,1,1,1
22,5,306,132,10,13,1,1,1
23,1,239,252,11,13,1,1,1
23,2,320,272,9,12,1,1,1
23,3,304,178,11,12,1,1,1
23,4,271,128,10,13,1,1,1
23,5,306,133,10,12,1,1,1
24,1,239,252,11,13,1,1,1
24,2,320,272,9,12,1,1,1
24,3,304,178,11,12,1,1,1
24,4,271,128,10,13,1,1,1
24,5,306,133,10,12,1,1,1
25,1,239,253,11,12,1,1,1
25,2,320,273,10,12,1,1,1
25,3,304,178,11,13,1,1,1
25,4,271,129,11,13,1,1,1
25,5,307,134,10,12,1,1,1
26,1,239,253,11,12,1,1,1
26,2,320,273,10,12,1,1,1
26,3,304,178,11,13,1,1,1
26,4,271,129,11,13,1,1,1
26,5,307,134,10,12,1,1,1
27,1,240,253,10,13,1,1,1
27,2,320,274,10,12,1,1,1
27,3,304,179,11,13,1,1,1
27,4,271,129,11,13,1,1,1
27,5,307,134,10,13,1,1,1
28,1,240,253,10,13,1,1,1
28,2,320,274,10,12,1,1,1
28,3,304,179,11,13,1,1,1
28,4,271,129,11,13,1,1,1
28,5,307,134,10,13,1,1,1
29,1,240,254,10,12,1,1,1
29,2,320,275,11,12,1,1,1
29,3,304,179,11,14,1,1,1
29,4,272,130,10,13,1,1,1
29,5,307,135,11,13,1,1,1
30,1,240,254,10,12,1,1,1
30,2,320,275,11,12,1,1,1
30,3,304,179,11,14,1,1,1
30,4,272,130,10,13,1,1,1
30,5,307,135,11,13,1,1,1
31,1,240,255,11,12,1,1,1
31,2,320,276,11,12,1,1,1
31,3,305,180,10,13,1,1,1
31,4,272,131,10,12,1,1,1
31,5,307,136,11,13,1,1,1
32,1,240,255,11,12,1,1,1
32,2,320,276,11,12,1,1,1
32,3,305,180,10,13,1,1,1
32,4,272,131,10,12,1,1,1
32,5,307,136,11,13,1,1,1
33,1,241,255,10,13,1,1,1
33,2,321,277,9,12,1,1,1
33,3,305,181,10,12,1,1,1
33,4,272,131,11,13,1,1,1
33,5,308,136,11,13,1,1,1
34,1,241,255,10,13,1,1,1
34,2,321,277,9,12,1,1,1
34,3,305,181,10,12,1,1,1
34,4,272,131,11,13,1,1,1
34,5,308,136,11,13,1,1,1
35,1,241,256,10,12,1,1,1
35,2,321,278,9,11,1,1,1
35,3,305,182,11,12,1,1,1
35,4,272,132,11,12,1,1,1
35,5,308,137,11,13,1,1,1
36,1,241,256,10,12,1,1,1
36,2,321,278,9,11,1,1,1
36,3,305,182,11,12,1,1,1
36,4,272,132,11,12,1,1,1
36,5,308,137,11,13,1,1,1
37,1,241,257,11,12,1,1,1
37,2,321,279,10,11,1,1,1
37,3,305,182,11,13,1,1,1
37,4,273,132,10,13,1,1,1
37,5,309,138,10,13,1,1,1
38,1,241,257,11,12,1,1,1
38,2,321,279,10,11,1,1,1
38,3,305,182,11,13,1,1,1
38,4,273,132,10,13,1,1,1
38,5,309,138,10,13,1,1,1
39,1,241,257,11,13,1,1,1
39,2,321,280,11,12,1,1,1
39,3,305,183,11,13,1,1,1
39,4,273,133,11,13,1,1,1
39,5,309,139,11,12,1,1,1
40,1,241,257,11,13,1,1,1
40,2,321,280,11,12,1,1,1
40,3,305,183,11,13,1,1,1
40,4,273,133,11,13,1,1,1
40,5,309,139,11,12,1,1,1
41,1,241,258,11,13,1,1,1
41,2,321,280,11,13,1,1,1
41,3,305,183,11,13,1,1,1
41,4,274,134,10,12,1,1,1
41,5,310,139,10,13,1,1,1
42,1,241,258,11,13,1,1,1
42,2,321,280,11,13,1,1,1
42,3,305,183,11,13,1,1,1
42,4,274,134,10,12,1,1,1
42,5,310,139,10,13,1,1,1
43,1,241,258,11,13,1,1,1
43,2,321,281,11,13,1,1,1
43,3,306,184,11,13,1,1,1
43,4,274,134,11,13,1,1,1
43,5,310,140,11,12,1,1,1
44,1,241,258,11,13,1,1,1
44,2,321,281,11,13,1,1,1
44,3,306,184,11,13,1,1,1
44,4,274,134,11,13,1,1,1
44,5,310,140,11,12,1,1,1
45,1,242,259,11,13,1,1,1
45,2,321,282,11,12,1,1,1
45,3,306,185,11,13,1,1,1
45,4,274,135,11,13,1,1,1
45,5,310,140,11,13,1,1,1
46,1,242,259,11,13,1,1,1
46,2,321,282,11,12,1,1,1
46,3,306,185,11,13,1,1,1
46,4,274,135,11,13,1,1,1
46,5,310,140,11,13,1,1,1
47,1,242,259,11,13,1,1,1
47,2,322,283,10,12,1,1,1
47,3,306,186,11,12,1,1,1
47,4,275,135,11,14,1,1,1
47,5,311,141,10,13,1,1,1
48,1,242,259,11,13,1,1,1
48,2,322,283,10,12,1,1,1
48,3,306,186,11,12,1,1,1
48,4,275,135,11,14,1,1,1
48,5,311,141,10,13,1,1,1
49,1,242,260,11,13,1,1,1
49,2,321,284,11,12,1,1,1
49,3,307,186,10,13,1,1,1
49,4,275,136,11,13,1,1,1
49,5,311,142,11,12,1,1,1
50,1,242,260,11,13,1,1,1
50,2,321,284,11,12,1,1,1
50,3,307,186,10,13,1,1,1
50,4,275,136,11,13,1,1,1
50,5,311,142,11,12,1,1,1
51,1,242,261,11,12,1,1,1
51,2,322,285,9,12,1,1,1
51,3,307,187,10,13,1,1,1
51,4,276,137,10,13,1,1,1
51,5,311,142,11,13,1,1,1
52,1,242,261,11,12,1,1,1
52,2,322,285,9,12,1,1,1
52,3,307,187,10,13,1,1,1
52,4,276,137,10,13,1,1,1
52,5,311,142,11,13,1,1,1
53,1,242,261,11,13,1,1,1
53,2,322,286,10,12,1,1,1
53,3,307,188,10,12,1,1,1
53,4,276,138,11,12,1,1,1
53,5,311,143,11,13,1,1,1
54,1,242,261,11,13,1,1,1
54,2,322,286,10,12,1,1,1
54,3,307,188,10,12,1,1,1
54,4,276,138,11,12,1,1,1
54,5,311,143,11,13,1,1,1
55,1,243,262,11,13,1,1,1
55,2,322,287,10,11,1,1,1
55,3,307,188,11,13,1,1,1
55,4,276,138,11,13,1,1,1
55,5,312,143,10,13,1,1,1
56,1,243,262,11,13,1,1,1
56,2,322,287,10,11,1,1,1
56,3,307,188,11,13,1,1,1
56,4,276,138,11,13,1,1,1
56,5,312,143,10,13,1,1,1
57,1,243,263,11,13,1,1,1
57,2,322,287,10,12,1,1,1
57,3,307,189,11,13,1,1,1
57,4,277,139,11,13,1,1,1
57,5,313,144,10,12,1,1,1
58,1,243,263,11,13,1,1,1
58,2,322,287,10,12,1,1,1
58,3,307,189,11,13,1,1,1
58,4,277,139,11,13,1,1,1
58,5,313,144,10,12,1,1,1
59,1,243,263,11,14,1,1,1
59,2,322,288,10,12,1,1,1
59,3,308,190,10,12,1,1,1
59,4,277,139,11,13,1,1,1
59,5,313,145,10,12,1,1,1
60,1,243,263,11,14,1,1,1
60,2,322,288,10,12,1,1,1
60,3,308,190,10,12,1,1,1
60,4,277,139,11,13,1,1,1
60,5,313,145,10,12,1,1,1
61,1,244,264,10,13,1,1,1
61,2,322,289,10,12,1,1,1
61,3,308,191,10,12,1,1,1
61,4,278,140,10,13,1,1,1
61,5,314,146,9,12,1,1,1
62,1,244,264,10,13,1,1,1
62,2,322,289,10,12,1,1,1
62,3,308,191,10,12,1,1,1
62,4,278,140,10,13,1,1,1
62,5,314,146,9,12,1,1,1
63,1,244,265,10,12,1,1,1
63,2,322,290,10,12,1,1,1
63,3,307,191,11,13,1,1,1
63,4,278,141,10,13,1,1,1
63,5,314,147,10,11,1,1,1
64,1,244,265,10,12,1,1,1
64,2,322,290,10,12,1,1,1
64,3,307,191,11,13,1,1,1
64,4,278,141,10,13,1,1,1
64,5,314,147,10,11,1,1,1
65,1,244,266,11,12,1,1,1
65,2,322,291,10,12,1,1,1
65,3,308,192,10,13,1,1,1
65,4,278,142,11,13,1,1,1
65,5,315,147,9,12,1,1,1
66,1,244,266,11,12,1,1,1
66,2,322,291,10,12,1,1,1
66,3,308,192,10,13,1,1,1
66,4,278,142,11,13,1,1,1
66,5,315,147,9,12,1,1,1
67,1,244,266,11,13,1,1,1
67,2,323,292,9,12,1,1,1
67,3,308,193,10,13,1,1,1
67,4,279,143,10,12,1,1,1
67,5,315,148,10,12,1,1,1
68,1,244,266,11,13,1,1,1
68,2,323,292,9,12,1,1,1
68,3,308,193,10,13,1,1,1
68,4,279,143,10,12,1,1,1
68,5,315,148,10,12,1,1,1
69,1,245,267,11,13,1,1,1
69,2,323,293,9,12,1,1,1
69,3,308,194,11,12,1,1,1
69,4,279,143,10,13,1,1,1
69,5,315,148,11,13,1,1,1
70,1,245,267,11,13,1,1,1
70,2,323,293,9,12,1,1,1
70,3,308,194,11,12,1,1,1
70,4,279,143,10,13,1,1,1
70,5,315,148,11,13,1,1,1
71,1,245,267,11,13,1,1,1
71,2,323,294,9,11,1,1,1
71,3,309,195,10,12,1,1,1
71,4,280,144,10,12,1,1,1
71,5,316,149,10,12,1,1,1
72,1,245,267,11,13,1,1,1
72,2,323,294,9,11,1,1,1
72,3,309,195,10,12,1,1,1
72,4,280,144,10,12,1,1,1
72,5,316,149,10,12,1,1,1
89,38,247,5,10,12,1,1,1
89,39,324,33,10,13,1,1,1
90,38,247,5,10,12,1,1,1
90,39,324,33,10,13,1,1,1
91,38,247,4,10,13,1,1,1
91,39,325,33,8,12,1,1,1
92,38,247,4,10,13,1,1,1
92,39,325,33,8,12,1,1,1
93,38,248,6,10,12,1,1,1
93,39,324,34,10,13,1,1,1
94,38,248,6,10,12,1,1,1
94,39,324,34,10,13,1,1,1
95,38,248,6,10,12,1,1,1
95,39,325,35,9,12,1,1,1
96,38,248,6,10,12,1,1,1
96,39,325,35,9,12,1,1,1
97,38,248,7,10,12,1,1,1
97,39,325,36,9,12,1,1,1
98,38,248,7,10,12,1,1,1
98,39,325,36,9,12,1,1,1
99,38,249,8,10,12,1,1,1
99,39,325,37,9,12,1,1,1
100,38,249,8,10,12,1,1,1
100,39,325,37,9,12,1,1,1
101,38,249,9,11,12,1,1,1
101,39,325,38,9,12,1,1,1
102,38,249,9,11,12,1,1,1
102,39,325,38,9,12,1,1,1
103,38,249,9,11,13,1,1,1
103,39,325,38,9,13,1,1,1
104,38,249,9,11,13,1,1,1
104,39,325,38,9,13,1,1,1
105,38,250,10,10,13,1,1,1
105,39,325,39,9,13,1,1,1
106,38,250,10,10,13,1,1,1
106,39,325,39,9,13,1,1,1
107,38,250,11,10,13,1,1,1
107,39,325,40,10,13,1,1,1
108,38,250,11,10,13,1,1,1
108,39,325,40,10,13,1,1,1
109,38,251,12,10,12,1,1,1
109,39,325,41,10,12,1,1,1
110,38,251,12,10,12,1,1,1
110,39,325,41,10,12,1,1,1
111,38,251,14,11,13,1,1,1
111,39,326,44,9,12,1,1,1
112,38,251,14,11,13,1,1,1
112,39,326,44,9,12,1,1,1
113,38,251,15,11,13,1,1,1
113,39,326,45,9,12,1,1,1
114,38,251,15,11,13,1,1,1
114,39,326,45,9,12,1,1,1
117,42,253,55,9,12,1,1,1
117,43,327,85,9,11,1,1,1
118,42,253,55,9,12,1,1,1
118,43,327,85,9,11,1,1,1
119,42,253,55,10,12,1,1,1
119,43,327,85,9,11,1,1,1
120,42,253,55,10,12,1,1,1
120,43,327,85,9,11,1,1,1
121,42,253,59,11,14,1,1,1
121,43,326,88,11,14,1,1,1
122,42,253,59,11,14,1,1,1
122,43,326,88,11,14,1,1,1
123,42,252,60,12,15,1,1,1
123,43,326,90,11,14,1,1,1
124,42,252,60,12,15,1,1,1
124,43,326,90,11,14,1,1,1
127,47,328,127,10,12,1,1,1
127,48,315,25,10,12,1,1,1
127,49,254,97,11,13,1,1,1
128,47,328,127,10,12,1,1,1
128,48,315,25,10,12,1,1,1
128,49,254,97,11,13,1,1,1
129,47,327,126,11,13,1,1,1
129,48,315,25,10,12,1,1,1
129,49,254,97,11,13,1,1,1
130,47,327,126,11,13,1,1,1
130,48,315,25,10,12,1,1,1
130,49,254,97,11,13,1,1,1
131,47,327,131,11,13,1,1,1
131,48,315,29,11,13,1,1,1
131,49,254,101,12,14,1,1,1
132,47,327,131,11,13,1,1,1
132,48,315,29,11,13,1,1,1
132,49,254,101,12,14,1,1,1
133,47,327,132,11,14,1,1,1
133,48,315,30,12,14,1,1,1
133,49,254,103,12,14,1,1,1
134,47,327,132,11,14,1,1,1
134,48,315,30,12,14,1,1,1
134,49,254,103,12,14,1,1,1
137,55,329,173,10,12,1,1,1
137,56,294,22,10,12,1,1,1
137,57,334,23,9,13,1,1,1
137,58,256,143,11,12,1,1,1
137,59,317,72,11,13,1,1,1
138,55,329,173,10,12,1,1,1
138,56,294,22,10,12,1,1,1
138,57,334,23,9,13,1,1,1
138,58,256,143,11,12,1,1,1
138,59,317,72,11,13,1,1,1
139,55,329,174,10,12,1,1,1
139,56,294,22,10,12,1,1,1
139,57,334,24,9,12,1,1,1
139,58,256,144,11,12,1,1,1
139,59,317,72,11,13,1,1,1
140,55,329,174,10,12,1,1,1
140,56,294,22,10,12,1,1,1
140,57,334,24,9,12,1,1,1
140,58,256,144,11,12,1,1,1
140,59,317,72,11,13,1,1,1
141,55,330,175,10,12,1,1,1
141,56,295,23,10,12,1,1,1
141,57,334,24,10,13,1,1,1
141,58,257,144,11,13,1,1,1
141,59,317,73,11,13,1,1,1
142,55,330,175,10,12,1,1,1
142,56,295,23,10,12,1,1,1
142,57,334,24,10,13,1,1,1
142,58,257,144,11,13,1,1,1
142,59,317,73,11,13,1,1,1
143,55,331,176,9,12,1,1,1
143,56,295,24,10,12,1,1,1
143,57,335,25,10,13,1,1,1
143,58,258,146,10,12,1,1,1
143,59,317,74,11,13,1,1,1
144,55,331,176,9,12,1,1,1
144,56,295,24,10,12,1,1,1
144,57,335,25,10,13,1,1,1
144,58,258,146,10,12,1,1,1
144,59,317,74,11,13,1,1,1
145,55,331,177,10,12,1,1,1
145,56,295,25,10,12,1,1,1
145,57,336,26,9,13,1,1,1
145,58,259,147,10,12,1,1,1
145,59,318,75,11,13,1,1,1
146,55,331,177,10,12,1,1,1
146,56,295,25,10,12,1,1,1
146,57,336,26,9,13,1,1,1
146,58,259,147,10,12,1,1,1
146,59,318,75,11,13,1,1,1
147,4,259,148,10,13,1,1,1
147,39,319,75,10,13,1,1,1
147,55,331,178,10,12,1,1,1
147,56,296,26,10,12,1,1,1
147,57,336,27,10,12,1,1,1
147,58,259,148,10,12,1,1,1
147,59,318,75,11,14,1,1,1
148,4,259,148,10,13,1,1,1
148,39,319,75,10,13,1,1,1
148,55,331,178,10,12,1,1,1
148,56,296,26,10,12,1,1,1
148,57,336,27,10,12,1,1,1
148,58,259,148,10,12,1,1,1
148,59,318,75,11,14,1,1,1
149,4,259,148,11,13,1,1,1
149,39,319,77,10,13,1,1,1
149,55,332,179,9,12,1,1,1
149,56,296,27,10,12,1,1,1
149,57,337,28,9,12,1,1,1
150,4,259,148,11,13,1,1,1
150,39,319,77,10,13,1,1,1
150,55,332,179,9,12,1,1,1
150,56,296,27,10,12,1,1,1
150,57,337,28,9,12,1,1,1
151,4,259,149,11,13,1,1,1
151,39,319,78,10,13,1,1,1
151,55,332,180,9,12,1,1,1
151,56,297,28,10,12,1,1,1
151,57,337,29,10,12,1,1,1
152,4,259,149,11,13,1,1,1
152,39,319,78,10,13,1,1,1
152,55,332,180,9,12,1,1,1
152,56,297,28,10,12,1,1,1
152,57,337,29,10,12,1,1,1
153,4,260,150,11,13,1,1,1
153,39,320,79,10,13,1,1,1
153,55,332,181,10,12,1,1,1
153,56,297,29,11,13,1,1,1
153,57,338,30,9,12,1,1,1
154,4,260,150,11,13,1,1,1
154,39,320,79,10,13,1,1,1
154,55,332,181,10,12,1,1,1
154,56,297,29,11,13,1,1,1
154,57,338,30,9,12,1,1,1
155,4,261,151,10,13,1,1,1
155,39,320,80,10,13,1,1,1
155,55,332,182,11,12,1,1,1
155,56,298,30,10,13,1,1,1
155,57,338,30,10,13,1,1,1
156,4,261,151,10,13,1,1,1
156,39,320,80,10,13,1,1,1
156,55,332,182,11,12,1,1,1
156,56,298,30,10,13,1,1,1
156,57,338,30,10,13,1,1,1
157,4,261,152,11,13,1,1,1
157,39,320,81,11,13,1,1,1
157,55,333,182,10,13,1,1,1
157,56,299,31,10,13,1,1,1
157,57,339,32,9,12,1,1,1
158,4,261,152,11,13,1,1,1
158,39,320,81,11,13,1,1,1
158,55,333,182,10,13,1,1,1
158,56,299,31,10,13,1,1,1
158,57,339,32,9,12,1,1,1
159,4,262,153,10,13,1,1,1
159,39,321,82,10,13,1,1,1
159,55,333,183,11,13,1,1,1
159,56,299,32,10,12,1,1,1
159,57,339,33,10,12,1,1,1
160,4,262,153,10,13,1,1,1
160,39,321,82,10,13,1,1,1
160,55,333,183,11,13,1,1,1
160,56,299,32,10,12,1,1,1
160,57,339,33,10,12,1,1,1
161,4,262,154,11,13,1,1,1
161,39,321,82,11,14,1,1,1
161,55,334,184,10,13,1,1,1
161,56,299,33,11,12,1,1,1
161,57,340,34,10,12,1,1,1
162,4,262,154,11,13,1,1,1
162,39,321,82,11,14,1,1,1
162,55,334,184,10,13,1,1,1
162,56,299,33,11,12,1,1,1
162,57,340,34,10,12,1,1,1
163,4,263,155,10,13,1,1,1
163,39,322,83,10,13,1,1,1
163,55,334,185,10,13,1,1,1
163,56,300,34,10,12,1,1,1
163,57,341,35,10,12,1,1,1
164,4,263,155,10,13,1,1,1
164,39,322,83,10,13,1,1,1
164,55,334,185,10,13,1,1,1
164,56,300,34,10,12,1,1,1
164,57,341,35,10,12,1,1,1
165,4,263,156,10,12,1,1,1
165,39,322,85,10,12,1,1,1
165,55,335,186,10,13,1,1,1
165,56,301,35,10,13,1,1,1
165,57,341,36,10,12,1,1,1
166,4,263,156,10,12,1,1,1
166,39,322,85,10,12,1,1,1
166,55,335,186,10,13,1,1,1
166,56,301,35,10,13,1,1,1
166,57,341,36,10,12,1,1,1
167,4,264,157,10,12,1,1,1
167,39,323,86,10,12,1,1,1
167,55,335,187,10,12,1,1,1
167,56,301,36,11,13,1,1,1
167,57,342,37,10,12,1,1,1
168,4,264,157,10,12,1,1,1
168,39,323,86,10,12,1,1,1
168,55,335,187,10,12,1,1,1
168,56,301,36,11,13,1,1,1
168,57,342,37,10,12,1,1,1
169,4,264,158,11,12,1,1,1
169,39,324,87,10,12,1,1,1
169,55,336,188,9,12,1,1,1
169,56,302,37,11,13,1,1,1
169,57,343,38,9,12,1,1,1
170,4,264,158,11,12,1,1,1
170,39,324,87,10,12,1,1,1
170,55,336,188,9,12,1,1,1
170,56,302,37,11,13,1,1,1
170,57,343,38,9,12,1,1,1
171,4,265,158,10,13,1,1,1
171,39,324,88,10,12,1,1,1
171,55,336,189,10,12,1,1,1
171,56,302,38,12,14,1,1,1
171,57,344,39,9,12,1,1,1
172,4,265,158,10,13,1,1,1
172,39,324,88,10,12,1,1,1
172,55,336,189,10,12,1,1,1
172,56,302,38,12,14,1,1,1
172,57,344,39,9,12,1,1,1
173,4,265,159,11,13,1,1,1
173,39,324,89,11,12,1,1,1
173,55,336,190,10,11,1,1,1
173,56,303,40,11,13,1,1,1
173,57,344,40,10,13,1,1,1
174,4,265,159,11,13,1,1,1
174,39,324,89,11,12,1,1,1
174,55,336,190,10,11,1,1,1
174,56,303,40,11,13,1,1,1
174,57,344,40,10,13,1,1,1
175,4,266,160,10,13,1,1,1
175,39,325,90,11,13,1,1,1
175,55,337,190,10,12,1,1,1
175,56,304,41,10,13,1,1,1
175,57,345,42,9,12,1,1,1
176,4,266,160,10,13,1,1,1
176,39,325,90,11,13,1,1,1
176,55,337,190,10,12,1,1,1
176,56,304,41,10,13,1,1,1
176,57,345,42,9,12,1,1,1
177,4,267,161,10,12,1,1,1
177,39,326,91,10,13,1,1,1
177,55,337,191,10,12,1,1,1
177,56,305,42,10,13,1,1,1
177,57,345,43,10,12,1,1,1
178,4,267,161,10,12,1,1,1
178,39,326,91,10,13,1,1,1
178,55,337,191,10,12,1,1,1
178,56,305,42,10,13,1,1,1
178,57,345,43,10,12,1,1,1
179,4,267,162,10,12,1,1,1
179,39,326,92,11,13,1,1,1
179,55,337,192,11,12,1,1,1
179,56,306,44,10,12,1,1,1
179,57,346,44,9,12,1,1,1
180,4,267,162,10,12,1,1,1
180,39,326,92,11,13,1,1,1
180,55,337,192,11,12,1,1,1
180,56,306,44,10,12,1,1,1
180,57,346,44,9,12,1,1,1
181,4,268,163,10,12,1,1,1
181,39,327,93,10,13,1,1,1
181,55,338,193,11,12,1,1,1
181,56,306,45,11,12,1,1,1
181,57,346,46,10,11,1,1,1
182,4,268,163,10,12,1,1,1
182,39,327,93,10,13,1,1,1
182,55,338,193,11,12,1,1,1
182,56,306,45,11,12,1,1,1
182,57,346,46,10,11,1,1,1
183,4,268,164,10,12,1,1,1
183,39,327,94,10,12,1,1,1
183,55,338,193,11,13,1,1,1
183,56,306,46,11,12,1,1,1
183,57,347,47,10,12,1,1,1
184,4,268,164,10,12,1,1,1
184,39,327,94,10,12,1,1,1
184,55,338,193,11,13,1,1,1
184,56,306,46,11,12,1,1,1
184,57,347,47,10,12,1,1,1
185,4,268,165,11,12,1,1,1
185,39,328,95,10,12,1,1,1
185,55,339,194,11,13,1,1,1
185,56,307,47,11,13,1,1,1
185,57,347,48,10,12,1,1,1
186,4,268,165,11,12,1,1,1
186,39,328,95,10,12,1,1,1
186,55,339,194,11,13,1,1,1
186,56,307,47,11,13,1,1,1
186,57,347,48,10,12,1,1,1
187,4,269,166,11,12,1,1,1
187,39,328,96,10,12,1,1,1
187,55,340,195,10,13,1,1,1
187,56,308,48,10,13,1,1,1
187,57,347,49,11,12,1,1,1
188,4,269,166,11,12,1,1,1
188,39,328,96,10,12,1,1,1
188,55,340,195,10,13,1,1,1
188,56,308,48,10,13,1,1,1
188,57,347,49,11,12,1,1,1
189,4,270,166,10,13,1,1,1
189,39,329,97,10,12,1,1,1
189,55,340,196,10,13,1,1,1
189,56,308,49,11,13,1,1,1
189,57,348,50,10,12,1,1,1
190,4,270,166,10,13,1,1,1
190,39,329,97,10,12,1,1,1
190,55,340,196,10,13,1,1,1
190,56,308,49,11,13,1,1,1
190,57,348,50,10,12,1,1,1
191,4,270,167,10,13,1,1,1
191,39,330,98,9,12,1,1,1
191,55,341,197,10,13,1,1,1
191,56,309,50,10,13,1,1,1
191,57,349,51,10,13,1,1,1
192,4,270,167,10,13,1,1,1
192,39,330,98,9,12,1,1,1
192,55,341,197,10,13,1,1,1
192,56,309,50,10,13,1,1,1
192,57,349,51,10,13,1,1,1
193,4,270,168,11,13,1,1,1
193,39,330,99,10,12,1,1,1
193,55,341,198,11,13,1,1,1
193,56,310,52,10,12,1,1,1
193,57,350,52,10,13,1,1,1
194,4,270,168,11,13,1,1,1
194,39,330,99,10,12,1,1,1
194,55,341,198,11,13,1,1,1
194,56,310,52,10,12,1,1,1
194,57,350,52,10,13,1,1,1
195,4,271,169,11,13,1,1,1
195,39,331,100,10,11,1,1,1
195,55,342,199,10,13,1,1,1
195,56,310,53,11,12,1,1,1
195,57,350,53,10,13,1,1,1
196,4,271,169,11,13,1,1,1
196,39,331,100,10,11,1,1,1
196,55,342,199,10,13,1,1,1
196,56,310,53,11,12,1,1,1
196,57,350,53,10,13,1,1,1
197,4,272,170,10,13,1,1,1
197,39,331,101,10,11,1,1,1
197,55,342,200,11,12,1,1,1
197,56,311,54,10,12,1,1,1
197,57,351,55,10,12,1,1,1
198,4,272,170,10,13,1,1,1
198,39,331,101,10,11,1,1,1
198,55,342,200,11,12,1,1,1
198,56,311,54,10,12,1,1,1
198,57,351,55,10,12,1,1,1
199,4,272,171,11,13,1,1,1
199,39,331,102,11,11,1,1,1
199,55,343,201,10,12,1,1,1
199,56,311,55,11,13,1,1,1
199,57,351,56,11,12,1,1,1
200,4,272,171,11,13,1,1,1
200,39,331,102,11,11,1,1,1
200,55,343,201,10,12,1,1,1
200,56,311,55,11,13,1,1,1
200,57,351,56,11,12,1,1,1
201,4,273,172,10,13,1,1,1
201,39,332,103,10,11,1,1,1
201,55,344,202,10,12,1,1,1
201,56,312,56,10,13,1,1,1
201,57,352,57,10,13,1,1,1
202,4,273,172,10,13,1,1,1
202,39,332,103,10,11,1,1,1
202,55,344,202,10,12,1,1,1
202,56,312,56,10,13,1,1,1
202,57,352,57,10,13,1,1,1
203,4,273,173,11,12,1,1,1
203,39,332,104,11,12,1,1,1
203,55,344,203,11,12,1,1,1
203,56,313,57,10,13,1,1,1
203,57,352,59,11,12,1,1,1
204,4,273,173,11,12,1,1,1
204,39,332,104,11,12,1,1,1
204,55,344,203,11,12,1,1,1
204,56,313,57,10,13,1,1,1
204,57,352,59,11,12,1,1,1
205,4,274,173,11,13,1,1,1
205,39,333,105,10,12,1,1,1
205,55,345,204,10,12,1,1,1
205,56,313,58,11,13,1,1,1
205,57,353,60,10,12,1,1,1
206,4,274,173,11,13,1,1,1
206,39,333,105,10,12,1,1,1
206,55,345,204,10,12,1,1,1
206,56,313,58,11,13,1,1,1
206,57,353,60,10,12,1,1,1
207,4,275,174,10,13,1,1,1
207,39,333,106,11,12,1,1,1
207,55,345,204,10,13,1,1,1
207,56,314,60,10,12,1,1,1
207,57,354,61,10,12,1,1,1
208,4,275,174,10,13,1,1,1
208,39,333,106,11,12,1,1,1
208,55,345,204,10,13,1,1,1
208,56,314,60,10,12,1,1,1
208,57,354,61,10,12,1,1,1
209,4,275,175,11,13,1,1,1
209,39,334,107,11,13,1,1,1
209,55,346,205,10,12,1,1,1
209,56,315,61,10,12,1,1,1
209,57,354,62,10,13,1,1,1
210,4,275,175,11,13,1,1,1
210,39,334,107,11,13,1,1,1
210,55,346,205,10,12,1,1,1
210,56,315,61,10,12,1,1,1
210,57,354,62,10,13,1,1,1
211,4,276,176,10,13,1,1,1
211,39,334,108,11,13,1,1,1
211,55,346,206,11,12,1,1,1
211,56,315,62,10,12,1,1,1
211,57,354,64,11,12,1,1,1
212,4,276,176,10,13,1,1,1
212,39,334,108,11,13,1,1,1
212,55,346,206,11,12,1,1,1
212,56,315,62,10,12,1,1,1
212,57,354,64,11,12,1,1,1
213,4,276,177,11,13,1,1,1
213,39,335,109,11,12,1,1,1
213,55,347,207,10,12,1,1,1
213,56,315,63,11,12,1,1,1
213,57,355,65,10,12,1,1,1
214,4,276,177,11,13,1,1,1
214,39,335,109,11,12,1,1,1
214,55,347,207,10,12,1,1,1
214,56,315,63,11,12,1,1,1
214,57,355,65,10,12,1,1,1
215,4,277,178,10,13,1,1,1
215,39,336,110,10,12,1,1,1
215,55,347,208,11,12,1,1,1
215,56,316,64,11,13,1,1,1
215,57,356,66,10,13,1,1,1
216,4,277,178,10,13,1,1,1
216,39,336,110,10,12,1,1,1
216,55,347,208,11,12,1,1,1
216,56,316,64,11,13,1,1,1
216,57,356,66,10,13,1,1,1
217,4,278,179,10,12,1,1,1
217,39,336,111,11,12,1,1,1
217,55,348,209,10,12,1,1,1
217,56,317,65,10,13,1,1,1
217,57,356,68,11,13,1,1,1
218,4,278,179,10,12,1,1,1
218,39,336,111,11,12,1,1,1
218,55,348,209,10,12,1,1,1
218,56,317,65,10,13,1,1,1
218,57,356,68,11,13,1,1,1
219,4,278,180,11,12,1,1,1
219,39,337,112,10,11,1,1,1
219,55,348,210,11,12,1,1,1
219,56,318,66,10,13,1,1,1
219,57,356,70,11,12,1,1,1
220,4,278,180,11,12,1,1,1
220,39,337,112,10,11,1,1,1
220,55,348,210,11,12,1,1,1
220,56,318,66,10,13,1,1,1
220,57,356,70,11,12,1,1,1
221,4,279,181,10,12,1,1,1
221,39,337,112,11,12,1,1,1
221,55,349,211,10,11,1,1,1
221,56,318,67,11,13,1,1,1
221,57,357,71,11,13,1,1,1
222,4,279,181,10,12,1,1,1
222,39,337,112,11,12,1,1,1
222,55,349,211,10,11,1,1,1
222,56,318,67,11,13,1,1,1
222,57,357,71,11,13,1,1,1
223,4,279,182,11,12,1,1,1
223,39,338,113,11,13,1,1,1
223,55,350,211,10,12,1,1,1
223,56,319,68,10,13,1,1,1
223,57,358,72,10,13,1,1,1
224,4,279,182,11,12,1,1,1
224,39,338,113,11,13,1,1,1
224,55,350,211,10,12,1,1,1
224,56,319,68,10,13,1,1,1
224,57,358,72,10,13,1,1,1
225,4,280,183,10,12,1,1,1
225,39,339,114,11,13,1,1,1
225,55,350,212,11,12,1,1,1
225,56,319,69,11,13,1,1,1
225,57,358,73,11,13,1,1,1
226,4,280,183,10,12,1,1,1
226,39,339,114,11,13,1,1,1
226,55,350,212,11,12,1,1,1
226,56,319,69,11,13,1,1,1
226,57,358,73,11,13,1,1,1
227,4,280,184,11,12,1,1,1
227,39,339,115,11,13,1,1,1
227,55,351,213,10,12,1,1,1
227,56,320,71,11,12,1,1,1
227,57,359,75,10,12,1,1,1
228,4,280,184,11,12,1,1,1
228,39,339,115,11,13,1,1,1
228,55,351,213,10,12,1,1,1
228,56,320,71,11,12,1,1,1
228,57,359,75,10,12,1,1,1
229,4,281,184,11,13,1,1,1
229,39,340,116,11,13,1,1,1
229,55,352,214,10,12,1,1,1
229,56,320,72,11,12,1,1,1
229,57,359,76,11,13,1,1,1
230,4,281,184,11,13,1,1,1
230,39,340,116,11,13,1,1,1
230,55,352,214,10,12,1,1,1
230,56,320,72,11,12,1,1,1
230,57,359,76,11,13,1,1,1
231,4,282,186,10,12,1,1,1
231,39,341,117,10,13,1,1,1
231,55,352,215,11,12,1,1,1
231,56,321,73,11,12,1,1,1
231,57,360,78,10,12,1,1,1
232,4,282,186,10,12,1,1,1
232,39,341,117,10,13,1,1,1
232,55,352,215,11,12,1,1,1
232,56,321,73,11,12,1,1,1
232,57,360,78,10,12,1,1,1
233,4,283,187,10,12,1,1,1
233,39,341,119,11,12,1,1,1
233,55,353,216,11,12,1,1,1
233,56,322,74,11,12,1,1,1
233,57,360,79,11,12,1,1,1
234,4,283,187,10,12,1,1,1
234,39,341,119,11,12,1,1,1
234,55,353,216,11,12,1,1,1
234,56,322,74,11,12,1,1,1
234,57,360,79,11,12,1,1,1
235,4,283,188,10,12,1,1,1
235,39,342,120,11,12,1,1,1
235,55,353,216,11,13,1,1,1
235,56,323,75,10,13,1,1,1
235,57,361,80,10,13,1,1,1
236,4,283,188,10,12,1,1,1
236,39,342,120,11,12,1,1,1
236,55,353,216,11,13,1,1,1
236,56,323,75,10,13,1,1,1
236,57,361,80,10,13,1,1,1
237,4,284,189,10,12,1,1,1
237,39,342,121,11,13,1,1,1
237,55,354,217,11,13,1,1,1
237,56,323,76,11,13,1,1,1
237,57,362,82,10,12,1,1,1
238,4,284,189,10,12,1,1,1
238,39,342,121,11,13,1,1,1
238,55,354,217,11,13,1,1,1
238,56,323,76,11,13,1,1,1
238,57,362,82,10,12,1,1,1
239,4,284,190,11,12,1,1,1
239,39,343,122,11,13,1,1,1
239,55,355,218,10,13,1,1,1
239,56,324,77,10,13,1,1,1
239,57,363,83,9,12,1,1,1
240,4,284,190,11,12,1,1,1
240,39,343,122,11,13,1,1,1
240,55,355,218,10,13,1,1,1
240,56,324,77,10,13,1,1,1
240,57,363,83,9,12,1,1,1
241,4,285,191,10,12,1,1,1
241,39,344,123,11,13,1,1,1
241,55,355,219,11,12,1,1,1
241,56,325,79,10,12,1,1,1
241,57,363,85,10,12,1,1,1
242,4,285,191,10,12,1,1,1
242,39,344,123,11,13,1,1,1
242,55,355,219,11,12,1,1,1
242,56,325,79,10,12,1,1,1
242,57,363,85,10,12,1,1,1
243,4,286,192,10,12,1,1,1
243,39,344,124,11,13,1,1,1
243,55,356,220,10,12,1,1,1
243,56,325,80,11,12,1,1,1
243,57,364,86,9,12,1,1,1
244,4,286,192,10,12,1,1,1
244,39,344,124,11,13,1,1,1
244,55,356,220,10,12,1,1,1
244,56,325,80,11,12,1,1,1
244,57,364,86,9,12,1,1,1
245,4,286,191,11,13,1,1,1
245,39,345,123,11,13,1,1,1
245,55,357,219,10,12,1,1,1
245,56,326,79,10,12,1,1,1
245,57,364,85,10,12,1,1,1
246,4,286,191,11,13,1,1,1
246,39,345,123,11,13,1,1,1
246,55,357,219,10,12,1,1,1
246,56,326,79,10,12,1,1,1
246,57,364,85,10,12,1,1,1
247,4,287,192,10,12,1,1,1
247,38,324,52,12,14,1,1,1
247,39,346,124,10,13,1,1,1
247,42,344,96,11,14,1,1,1
247,47,355,192,11,14,1,1,1
247,55,357,220,11,12,1,1,1
247,56,326,80,11,12,1,1,1
247,57,365,86,10,12,1,1,1
247,59,285,163,11,14,1,1,1
248,4,287,192,10,12,1,1,1
248,38,324,52,12,14,1,1,1
248,39,346,124,10,13,1,1,1
248,42,344,96,11,14,1,1,1
248,47,355,192,11,14,1,1,1
248,55,357,220,11,12,1,1,1
248,56,326,80,11,12,1,1,1
248,57,365,86,10,12,1,1,1
248,59,285,163,11,14,1,1,1
249,38,326,52,11,14,1,1,1
249,42,346,96,11,13,1,1,1
249,43,354,167,11,13,1,1,1
249,47,356,192,11,14,1,1,1
249,48,343,72,11,13,1,1,1
249,49,283,139,11,13,1,1,1
249,59,284,165,11,14,1,1,1
250,38,326,52,11,14,1,1,1
250,42,346,96,11,13,1,1,1
250,43,354,167,11,13,1,1,1
250,47,356,192,11,14,1,1,1
250,48,343,72,11,13,1,1,1
250,49,283,139,11,13,1,1,1
250,59,284,165,11,14,1,1,1
251,43,356,168,10,12,1,1,1
251,48,344,72,11,13,1,1,1
251,49,285,139,11,13,1,1,1
251,61,325,27,10,13,1,1,1
251,62,363,34,10,13,1,1,1
252,43,356,168,10,12,1,1,1
252,48,344,72,11,13,1,1,1
252,49,285,139,11,13,1,1,1
252,61,325,27,10,13,1,1,1
252,62,363,34,10,13,1,1,1
253,43,356,169,10,12,1,1,1
253,48,345,73,11,13,1,1,1
253,49,285,140,11,13,1,1,1
253,61,326,29,10,12,1,1,1
253,62,364,36,9,12,1,1,1
254,43,356,169,10,12,1,1,1
254,48,345,73,11,13,1,1,1
254,49,285,140,11,13,1,1,1
254,61,326,29,10,12,1,1,1
254,62,364,36,9,12,1,1,1
255,43,356,170,11,12,1,1,1
255,48,346,74,10,13,1,1,1
255,49,286,141,10,13,1,1,1
255,61,327,30,9,13,1,1,1
255,62,365,37,9,12,1,1,1
256,43,356,170,11,12,1,1,1
256,48,346,74,10,13,1,1,1
256,49,286,141,10,13,1,1,1
256,61,327,30,9,13,1,1,1
256,62,365,37,9,12,1,1,1
257,43,357,171,10,12,1,1,1
257,48,346,75,11,13,1,1,1
257,49,287,142,10,12,1,1,1
257,61,328,31,9,13,1,1,1
257,62,365,39,10,12,1,1,1
258,43,357,171,10,12,1,1,1
258,48,346,75,11,13,1,1,1
258,49,287,142,10,12,1,1,1
258,61,328,31,9,13,1,1,1
258,62,365,39,10,12,1,1,1
259,43,358,172,10,11,1,1,1
259,48,347,77,10,12,1,1,1
259,49,287,142,11,13,1,1,1
259,61,328,32,10,13,1,1,1
259,62,366,40,9,13,1,1,1
260,43,358,172,10,11,1,1,1
260,48,347,77,10,12,1,1,1
260,49,287,142,11,13,1,1,1
260,61,328,32,10,13,1,1,1
260,62,366,40,9,13,1,1,1
261,43,359,173,10,11,1,1,1
261,48,348,78,10,13,1,1,1
261,49,288,143,11,13,1,1,1
261,61,329,34,9,12,1,1,1
261,62,366,42,10,12,1,1,1
262,43,359,173,10,11,1,1,1
262,48,348,78,10,13,1,1,1
262,49,288,143,11,13,1,1,1
262,61,329,34,9,12,1,1,1
262,62,366,42,10,12,1,1,1
263,43,359,173,11,12,1,1,1
263,48,348,79,11,13,1,1,1
263,49,289,144,10,13,1,1,1
263,61,330,35,9,12,1,1,1
263,62,366,44,10,12,1,1,1
264,43,359,173,11,12,1,1,1
264,48,348,79,11,13,1,1,1
264,49,289,144,10,13,1,1,1
264,61,330,35,9,12,1,1,1
264,62,366,44,10,12,1,1,1
265,43,361,174,9,12,1,1,1
265,48,349,80,10,13,1,1,1
265,49,290,145,10,13,1,1,1
265,61,330,37,10,12,1,1,1
265,62,367,45,10,13,1,1,1
266,43,361,174,9,12,1,1,1
266,48,349,80,10,13,1,1,1
266,49,290,145,10,13,1,1,1
266,61,330,37,10,12,1,1,1
266,62,367,45,10,13,1,1,1
267,43,361,175,10,11,1,1,1
267,48,350,81,10,13,1,1,1
267,49,291,146,10,13,1,1,1
267,61,331,38,10,12,1,1,1
267,62,368,47,9,12,1,1,1
268,43,361,175,10,11,1,1,1
268,48,350,81,10,13,1,1,1
268,49,291,146,10,13,1,1,1
268,61,331,38,10,12,1,1,1
268,62,368,47,9,12,1,1,1
269,43,362,176,10,11,1,1,1
269,48,351,83,9,12,1,1,1
269,49,291,147,11,13,1,1,1
269,61,331,39,11,12,1,1,1
269,62,369,48,9,12,1,1,1
270,43,362,176,10,11,1,1,1
270,48,351,83,9,12,1,1,1
270,49,291,147,11,13,1,1,1
270,61,331,39,11,12,1,1,1
270,62,369,48,9,12,1,1,1
271,43,363,176,10,12,1,1,1
271,48,351,84,10,12,1,1,1
271,49,292,148,10,13,1,1,1
271,61,332,40,10,12,1,1,1
271,62,369,50,10,12,1,1,1
272,43,363,176,10,12,1,1,1
272,48,351,84,10,12,1,1,1
272,49,292,148,10,13,1,1,1
272,61,332,40,10,12,1,1,1
272,62,369,50,10,12,1,1,1
273,43,363,177,11,12,1,1,1
273,48,352,85,10,12,1,1,1
273,49,293,149,10,13,1,1,1
273,61,332,41,11,13,1,1,1
273,62,370,51,9,12,1,1,1
274,43,363,177,11,12,1,1,1
274,48,352,85,10,12,1,1,1
274,49,293,149,10,13,1,1,1
274,61,332,41,11,13,1,1,1
274,62,370,51,9,12,1,1,1
275,43,364,178,10,12,1,1,1
275,48,352,86,10,12,1,1,1
275,49,293,150,11,13,1,1,1
275,61,333,43,11,12,1,1,1
275,62,371,52,9,13,1,1,1
276,43,364,178,10,12,1,1,1
276,48,352,86,10,12,1,1,1
276,49,293,150,11,13,1,1,1
276,61,333,43,11,12,1,1,1
276,62,371,52,9,13,1,1,1
277,43,364,179,11,12,1,1,1
277,48,353,87,10,12,1,1,1
277,49,294,151,11,13,1,1,1
277,61,334,44,11,13,1,1,1
277,62,371,54,9,12,1,1,1
278,43,364,179,11,12,1,1,1
278,48,353,87,10,12,1,1,1
278,49,294,151,11,13,1,1,1
278,61,334,44,11,13,1,1,1
278,62,371,54,9,12,1,1,1
279,43,365,180,11,12,1,1,1
279,48,353,88,11,12,1,1,1
279,49,295,152,10,13,1,1,1
279,61,335,45,10,13,1,1,1
279,62,372,55,9,12,1,1,1
280,43,365,180,11,12,1,1,1
280,48,353,88,11,12,1,1,1
280,49,295,152,10,13,1,1,1
280,61,335,45,10,13,1,1,1
280,62,372,55,9,12,1,1,1
281,43,366,180,11,13,1,1,1
281,48,354,89,11,13,1,1,1
281,49,296,153,10,13,1,1,1
281,61,335,46,11,13,1,1,1
281,62,372,57,10,12,1,1,1
282,43,366,180,11,13,1,1,1
282,48,354,89,11,13,1,1,1
282,49,296,153,10,13,1,1,1
282,61,335,46,11,13,1,1,1
282,62,372,57,10,12,1,1,1
283,43,367,181,10,13,1,1,1
283,48,355,90,11,13,1,1,1
283,49,296,155,11,12,1,1,1
283,61,336,48,11,13,1,1,1
283,62,372,59,11,12,1,1,1
284,43,367,181,10,13,1,1,1
284,48,355,90,11,13,1,1,1
284,49,296,155,11,12,1,1,1
284,61,336,48,11,13,1,1,1
284,62,372,59,11,12,1,1,1
285,43,368,182,10,12,1,1,1
285,48,356,91,11,13,1,1,1
285,49,297,156,10,12,1,1,1
285,61,337,49,10,13,1,1,1
285,62,373,60,10,13,1,1,1
286,43,368,182,10,12,1,1,1
286,48,356,91,11,13,1,1,1
286,49,297,156,10,12,1,1,1
286,61,337,49,10,13,1,1,1
286,62,373,60,10,13,1,1,1
287,43,368,183,11,12,1,1,1
287,48,357,93,10,12,1,1,1
287,49,298,157,10,12,1,1,1
287,61,338,51,10,12,1,1,1
287,62,374,62,10,12,1,1,1
288,43,368,183,11,12,1,1,1
288,48,357,93,10,12,1,1,1
288,49,298,157,10,12,1,1,1
288,61,338,51,10,12,1,1,1
288,62,374,62,10,12,1,1,1
289,43,369,184,11,12,1,1,1
289,48,358,94,10,13,1,1,1
289,49,299,159,10,11,1,1,1
289,61,338,52,10,12,1,1,1
289,62,375,63,10,13,1,1,1
290,43,369,184,11,12,1,1,1
290,48,358,94,10,13,1,1,1
290,49,299,159,10,11,1,1,1
290,61,338,52,10,12,1,1,1
290,62,375,63,10,13,1,1,1
291,43,370,185,10,12,1,1,1
291,48,358,95,11,13,1,1,1
291,49,299,160,11,12,1,1,1
291,61,339,53,10,12,1,1,1
291,62,375,65,10,12,1,1,1
292,43,370,185,10,12,1,1,1
292,48,358,95,11,13,1,1,1
292,49,299,160,11,12,1,1,1
292,61,339,53,10,12,1,1,1
292,62,375,65,10,12,1,1,1
293,43,370,186,11,12,1,1,1
293,48,359,97,10,12,1,1,1
293,49,300,161,10,12,1,1,1
293,61,340,55,10,12,1,1,1
293,62,376,66,10,13,1,1,1
294,43,370,186,11,12,1,1,1
294,48,359,97,10,12,1,1,1
294,49,300,161,10,12,1,1,1
294,61,340,55,10,12,1,1,1
294,62,376,66,10,13,1,1,1
295,43,371,187,11,12,1,1,1
295,48,360,98,11,12,1,1,1
295,49,300,162,11,12,1,1,1
295,61,341,56,10,12,1,1,1
295,62,376,68,10,12,1,1,1
296,43,371,187,11,12,1,1,1
296,48,360,98,11,12,1,1,1
296,49,300,162,11,12,1,1,1
296,61,341,56,10,12,1,1,1
296,62,376,68,10,12,1,1,1
297,43,372,188,10,12,1,1,1
297,48,361,99,10,12,1,1,1
297,49,301,163,11,12,1,1,1
297,61,341,57,11,12,1,1,1
297,62,377,70,9,11,1,1,1
298,43,372,188,10,12,1,1,1
298,48,361,99,10,12,1,1,1
298,49,301,163,11,12,1,1,1
298,61,341,57,11,12,1,1,1
298,62,377,70,9,11,1,1,1
299,43,372,189,11,12,1,1,1
299,48,362,100,10,13,1,1,1
299,49,302,164,10,12,1,1,1
299,61,342,58,10,13,1,1,1
299,62,377,71,10,12,1,1,1
300,43,372,189,11,12,1,1,1
300,48,362,100,10,13,1,1,1
300,49,302,164,10,12,1,1,1
300,61,342,58,10,13,1,1,1
300,62,377,71,10,12,1,1,1
301,43,373,190,11,12,1,1,1
301,48,363,101,10,13,1,1,1
301,49,302,165,11,11,1,1,1
301,61,343,60,10,12,1,1,1
301,62,378,72,10,13,1,1,1
302,43,373,190,11,12,1,1,1
302,48,363,101,10,13,1,1,1
302,49,302,165,11,11,1,1,1
302,61,343,60,10,12,1,1,1
302,62,378,72,10,13,1,1,1
303,43,374,190,10,13,1,1,1
303,48,363,103,11,12,1,1,1
303,49,303,166,11,11,1,1,1
303,61,344,61,9,12,1,1,1
303,62,379,74,10,12,1,1,1
304,43,374,190,10,13,1,1,1
304,48,363,103,11,12,1,1,1
304,49,303,166,11,11,1,1,1
304,61,344,61,9,12,1,1,1
304,62,379,74,10,12,1,1,1
305,43,375,191,10,13,1,1,1
305,48,364,105,10,11,1,1,1
305,49,304,167,10,11,1,1,1
305,61,344,63,10,11,1,1,1
305,62,379,76,10,12,1,1,1
306,43,375,191,10,13,1,1,1
306,48,364,105,10,11,1,1,1
306,49,304,167,10,11,1,1,1
306,61,344,63,10,11,1,1,1
306,62,379,76,10,12,1,1,1
307,43,376,192,9,12,1,1,1
307,48,365,106,10,12,1,1,1
307,49,305,168,10,11,1,1,1
307,61,345,64,11,12,1,1,1
307,62,380,77,10,12,1,1,1
308,43,376,192,9,12,1,1,1
308,48,365,106,10,12,1,1,1
308,49,305,168,10,11,1,1,1
308,61,345,64,11,12,1,1,1
308,62,380,77,10,12,1,1,1
309,43,377,193,9,12,1,1,1
309,48,365,107,11,13,1,1,1
309,49,306,168,10,12,1,1,1
309,61,346,65,10,13,1,1,1
309,62,380,79,10,12,1,1,1
310,43,377,193,9,12,1,1,1
310,48,365,107,11,13,1,1,1
310,49,306,168,10,12,1,1,1
310,61,346,65,10,13,1,1,1
310,62,380,79,10,12,1,1,1
311,43,377,194,10,12,1,1,1
311,48,366,108,11,13,1,1,1
311,49,306,169,11,13,1,1,1
311,61,346,66,11,13,1,1,1
311,62,381,80,10,12,1,1,1
312,43,377,194,10,12,1,1,1
312,48,366,108,11,13,1,1,1
312,49,306,169,11,13,1,1,1
312,61,346,66,11,13,1,1,1
312,62,381,80,10,12,1,1,1
313,43,378,195,10,12,1,1,1
313,48,367,109,11,13,1,1,1
313,49,307,170,10,13,1,1,1
313,61,347,68,10,12,1,1,1
313,62,381,82,11,12,1,1,1
314,43,378,195,10,12,1,1,1
314,48,367,109,11,13,1,1,1
314,49,307,170,10,13,1,1,1
314,61,347,68,10,12,1,1,1
314,62,381,82,11,12,1,1,1
315,43,379,196,10,12,1,1,1
315,48,368,111,11,12,1,1,1
315,49,307,171,11,13,1,1,1
315,61,348,69,11,12,1,1,1
315,62,382,83,10,13,1,1,1
316,43,379,196,10,12,1,1,1
316,48,368,111,11,12,1,1,1
316,49,307,171,11,13,1,1,1
316,61,348,69,11,12,1,1,1
316,62,382,83,10,13,1,1,1
317,43,380,197,10,12,1,1,1
317,48,369,112,10,12,1,1,1
317,49,308,172,11,13,1,1,1
317,61,349,70,10,13,1,1,1
317,62,382,85,11,12,1,1,1
318,43,380,197,10,12,1,1,1
318,48,369,112,10,12,1,1,1
318,49,308,172,11,13,1,1,1
318,61,349,70,10,13,1,1,1
318,62,382,85,11,12,1,1,1
319,43,381,198,9,12,1,1,1
319,48,370,113,10,13,1,1,1
319,49,309,174,11,13,1,1,1
319,61,350,71,10,13,1,1,1
319,62,383,86,10,13,1,1,1
320,43,381,198,9,12,1,1,1
320,48,370,113,10,13,1,1,1
320,49,309,174,11,13,1,1,1
320,61,350,71,10,13,1,1,1
320,62,383,86,10,13,1,1,1
321,43,381,199,11,12,1,1,1
321,48,370,114,11,13,1,1,1
321,49,310,175,11,13,1,1,1
321,61,351,73,10,12,1,1,1
321,62,383,88,11,12,1,1,1
322,43,381,199,11,12,1,1,1
322,48,370,114,11,13,1,1,1
322,49,310,175,11,13,1,1,1
322,61,351,73,10,12,1,1,1
322,62,383,88,11,12,1,1,1
323,38,370,98,12,14,1,1,1
323,42,384,73,11,14,1,1,1
323,43,382,200,10,12,1,1,1
323,47,382,183,10,14,1,1,1
323,48,371,115,11,13,1,1,1
323,49,310,176,11,13,1,1,1
323,61,351,74,11,13,1,1,1
323,62,384,89,11,13,1,1,1
324,38,370,98,12,14,1,1,1
324,42,384,73,11,14,1,1,1
324,43,382,200,10,12,1,1,1
324,47,382,183,10,14,1,1,1
324,48,371,115,11,13,1,1,1
324,49,310,176,11,13,1,1,1
324,61,351,74,11,13,1,1,1
324,62,384,89,11,13,1,1,1
325,38,372,100,11,14,1,1,1
325,39,382,157,11,13,1,1,1
325,42,385,72,11,14,1,1,1
325,47,382,182,11,14,1,1,1
325,56,311,132,11,13,1,1,1
326,38,372,100,11,14,1,1,1
326,39,382,157,11,13,1,1,1
326,42,385,72,11,14,1,1,1
326,47,382,182,11,14,1,1,1
326,56,311,132,11,13,1,1,1
327,39,383,156,11,12,1,1,1
327,56,312,132,10,12,1,1,1
327,65,352,30,11,13,1,1,1
327,66,386,46,9,12,1,1,1
327,67,373,71,10,13,1,1,1
328,39,383,156,11,12,1,1,1
328,56,312,132,10,12,1,1,1
328,65,352,30,11,13,1,1,1
328,66,386,46,9,12,1,1,1
328,67,373,71,10,13,1,1,1
329,39,384,157,10,12,1,1,1
329,56,312,133,10,13,1,1,1
329,65,353,31,11,13,1,1,1
329,66,387,47,9,12,1,1,1
329,67,373,72,11,13,1,1,1
330,39,384,157,10,12,1,1,1
330,56,312,133,10,13,1,1,1
330,65,353,31,11,13,1,1,1
330,66,387,47,9,12,1,1,1
330,67,373,72,11,13,1,1,1
331,39,385,157,10,12,1,1,1
331,56,313,134,11,13,1,1,1
331,65,354,32,11,13,1,1,1
331,66,387,49,9,12,1,1,1
331,67,374,74,10,12,1,1,1
332,39,385,157,10,12,1,1,1
332,56,313,134,11,13,1,1,1
332,65,354,32,11,13,1,1,1
332,66,387,49,9,12,1,1,1
332,67,374,74,10,12,1,1,1
333,39,386,158,10,12,1,1,1
333,56,314,135,11,13,1,1,1
333,65,355,34,11,12,1,1,1
333,66,388,51,9,12,1,1,1
333,67,375,75,10,12,1,1,1
334,39,386,158,10,12,1,1,1
334,56,314,135,11,13,1,1,1
334,65,355,34,11,12,1,1,1
334,66,388,51,9,12,1,1,1
334,67,375,75,10,12,1,1,1
335,39,386,159,11,12,1,1,1
335,56,314,136,11,13,1,1,1
335,65,356,35,10,12,1,1,1
335,66,388,53,9,11,1,1,1
335,67,376,76,9,12,1,1,1
336,39,386,159,11,12,1,1,1
336,56,314,136,11,13,1,1,1
336,65,356,35,10,12,1,1,1
336,66,388,53,9,11,1,1,1
336,67,376,76,9,12,1,1,1
337,39,387,160,10,12,1,1,1
337,56,315,137,11,13,1,1,1
337,65,356,37,11,12,1,1,1
337,66,389,54,9,12,1,1,1
337,67,377,77,9,12,1,1,1
338,39,387,160,10,12,1,1,1
338,56,315,137,11,13,1,1,1
338,65,356,37,11,12,1,1,1
338,66,389,54,9,12,1,1,1
338,67,377,77,9,12,1,1,1
339,39,388,161,11,12,1,1,1
339,56,316,138,10,13,1,1,1
339,65,357,38,10,12,1,1,1
339,66,389,56,10,12,1,1,1
339,67,377,79,10,12,1,1,1
340,39,388,161,11,12,1,1,1
340,56,316,138,10,13,1,1,1
340,65,357,38,10,12,1,1,1
340,66,389,56,10,12,1,1,1
340,67,377,79,10,12,1,1,1
341,39,389,162,10,12,1,1,1
341,56,317,140,10,12,1,1,1
341,65,358,40,11,12,1,1,1
341,66,390,57,9,13,1,1,1
341,67,378,80,10,12,1,1,1
342,39,389,162,10,12,1,1,1
342,56,317,140,10,12,1,1,1
342,65,358,40,11,12,1,1,1
342,66,390,57,9,13,1,1,1
342,67,378,80,10,12,1,1,1
343,39,389,163,11,12,1,1,1
343,56,318,141,10,12,1,1,1
343,65,359,41,11,12,1,1,1
343,66,390,59,10,12,1,1,1
343,67,379,81,10,13,1,1,1
344,39,389,163,11,12,1,1,1
344,56,318,141,10,12,1,1,1
344,65,359,41,11,12,1,1,1
344,66,390,59,10,12,1,1,1
344,67,379,81,10,13,1,1,1
345,39,390,164,11,12,1,1,1
345,56,319,142,10,12,1,1,1
345,65,360,42,10,13,1,1,1
345,66,391,61,9,12,1,1,1
345,67,380,82,10,13,1,1,1
346,39,390,164,11,12,1,1,1
346,56,319,142,10,12,1,1,1
346,65,360,42,10,13,1,1,1
346,66,391,61,9,12,1,1,1
346,67,380,82,10,13,1,1,1
347,39,391,164,11,13,1,1,1
347,56,319,143,11,12,1,1,1
347,65,361,44,10,12,1,1,1
347,66,392,62,9,12,1,1,1
347,67,380,84,11,13,1,1,1
348,39,391,164,11,13,1,1,1
348,56,319,143,11,12,1,1,1
348,65,361,44,10,12,1,1,1
348,66,392,62,9,12,1,1,1
348,67,380,84,11,13,1,1,1
349,39,392,165,10,13,1,1,1
349,56,320,144,11,12,1,1,1
349,65,361,45,11,12,1,1,1
349,66,392,64,10,12,1,1,1
349,67,381,85,10,13,1,1,1
350,39,392,165,10,13,1,1,1
350,56,320,144,11,12,1,1,1
350,65,361,45,11,12,1,1,1
350,66,392,64,10,12,1,1,1
350,67,381,85,10,13,1,1,1
351,39,393,166,10,12,1,1,1
351,56,321,145,11,12,1,1,1
351,65,362,46,10,13,1,1,1
351,66,393,65,9,12,1,1,1
351,67,382,86,10,13,1,1,1
352,39,393,166,10,12,1,1,1
352,56,321,145,11,12,1,1,1
352,65,362,46,10,13,1,1,1
352,66,393,65,9,12,1,1,1
352,67,382,86,10,13,1,1,1
353,39,393,167,11,12,1,1,1
353,56,322,146,10,12,1,1,1
353,65,363,48,10,12,1,1,1
353,66,393,67,10,12,1,1,1
353,67,383,88,10,12,1,1,1
354,39,393,167,11,12,1,1,1
354,56,322,146,10,12,1,1,1
354,65,363,48,10,12,1,1,1
354,66,393,67,10,12,1,1,1
354,67,383,88,10,12,1,1,1
355,39,394,168,10,12,1,1,1
355,56,322,147,11,12,1,1,1
355,65,364,49,10,13,1,1,1
355,66,394,68,10,13,1,1,1
355,67,384,89,10,13,1,1,1
356,39,394,168,10,12,1,1,1
356,56,322,147,11,12,1,1,1
356,65,364,49,10,13,1,1,1
356,66,394,68,10,13,1,1,1
356,67,384,89,10,13,1,1,1
357,39,395,169,10,12,1,1,1
357,56,323,148,11,12,1,1,1
357,65,364,51,11,12,1,1,1
357,66,394,69,11,13,1,1,1
357,67,384,91,10,12,1,1,1
358,39,395,169,10,12,1,1,1
358,56,323,148,11,12,1,1,1
358,65,364,51,11,12,1,1,1
358,66,394,69,11,13,1,1,1
358,67,384,91,10,12,1,1,1
359,39,396,170,10,12,1,1,1
359,56,324,149,10,13,1,1,1
359,65,365,52,11,13,1,1,1
359,66,395,71,10,13,1,1,1
359,67,385,92,10,12,1,1,1
360,39,396,170,10,12,1,1,1
360,56,324,149,10,13,1,1,1
360,65,365,52,11,13,1,1,1
360,66,395,71,10,13,1,1,1
360,67,385,92,10,12,1,1,1
361,39,396,171,11,12,1,1,1
361,56,325,151,10,12,1,1,1
361,65,366,53,11,13,1,1,1
361,66,396,72,9,13,1,1,1
361,67,386,93,10,12,1,1,1
362,39,396,171,11,12,1,1,1
362,56,325,151,10,12,1,1,1
362,65,366,53,11,13,1,1,1
362,66,396,72,9,13,1,1,1
362,67,386,93,10,12,1,1,1
363,39,397,172,10,12,1,1,1
363,56,325,152,11,12,1,1,1
363,65,367,55,10,13,1,1,1
363,66,396,74,10,12,1,1,1
363,67,387,94,10,12,1,1,1
364,39,397,172,10,12,1,1,1
364,56,325,152,11,12,1,1,1
364,65,367,55,10,13,1,1,1
364,66,396,74,10,12,1,1,1
364,67,387,94,10,12,1,1,1
365,39,398,173,10,12,1,1,1
365,56,326,153,11,12,1,1,1
365,65,368,56,10,13,1,1,1
365,66,396,76,11,12,1,1,1
365,67,387,96,11,12,1,1,1
366,39,398,173,10,12,1,1,1
366,56,326,153,11,12,1,1,1
366,65,368,56,10,13,1,1,1
366,66,396,76,11,12,1,1,1
366,67,387,96,11,12,1,1,1
367,39,399,174,10,12,1,1,1
367,56,327,154,11,13,1,1,1
367,65,368,58,11,12,1,1,1
367,66,397,77,10,13,1,1,1
367,67,388,97,11,13,1,1,1
368,39,399,174,10,12,1,1,1
368,56,327,154,11,13,1,1,1
368,65,368,58,11,12,1,1,1
368,66,397,77,10,13,1,1,1
368,67,388,97,11,13,1,1,1
369,39,399,175,11,12,1,1,1
369,56,327,155,11,13,1,1,1
369,65,369,59,11,13,1,1,1
369,66,397,79,11,12,1,1,1
369,67,389,98,10,13,1,1,1
370,39,399,175,11,12,1,1,1
370,56,327,155,11,13,1,1,1
370,65,369,59,11,13,1,1,1
370,66,397,79,11,12,1,1,1
370,67,389,98,10,13,1,1,1
371,39,400,176,11,12,1,1,1
371,56,328,156,11,13,1,1,1
371,65,370,60,11,13,1,1,1
371,66,398,80,10,13,1,1,1
371,67,390,100,10,12,1,1,1
372,39,400,176,11,12,1,1,1
372,56,328,156,11,13,1,1,1
372,65,370,60,11,13,1,1,1
372,66,398,80,10,13,1,1,1
372,67,390,100,10,12,1,1,1
373,39,401,177,11,12,1,1,1
373,56,329,157,11,13,1,1,1
373,65,371,62,10,12,1,1,1
373,66,399,81,10,13,1,1,1
373,67,390,101,11,12,1,1,1
374,39,401,177,11,12,1,1,1
374,56,329,157,11,13,1,1,1
374,65,371,62,10,12,1,1,1
374,66,399,81,10,13,1,1,1
374,67,390,101,11,12,1,1,1
375,39,401,177,11,13,1,1,1
375,56,329,158,11,13,1,1,1
375,65,371,63,11,13,1,1,1
375,66,399,83,10,13,1,1,1
375,67,391,102,11,13,1,1,1
376,39,401,177,11,13,1,1,1
376,56,329,158,11,13,1,1,1
376,65,371,63,11,13,1,1,1
376,66,399,83,10,13,1,1,1
376,67,391,102,11,13,1,1,1
377,39,400,178,11,13,1,1,1
377,56,329,159,10,13,1,1,1
377,65,371,65,10,13,1,1,1
377,66,398,85,10,12,1,1,1
377,67,390,103,11,13,1,1,1
378,39,400,178,11,13,1,1,1
378,56,329,159,10,13,1,1,1
378,65,371,65,10,13,1,1,1
378,66,398,85,10,12,1,1,1
378,67,390,103,11,13,1,1,1
379,39,401,180,10,12,1,1,1
379,56,329,160,10,13,1,1,1
379,65,371,66,11,13,1,1,1
379,66,398,87,10,12,1,1,1
379,67,390,105,11,12,1,1,1
380,39,401,180,10,12,1,1,1
380,56,329,160,10,13,1,1,1
380,65,371,66,11,13,1,1,1
380,66,398,87,10,12,1,1,1
380,67,390,105,11,12,1,1,1
381,39,401,181,11,12,1,1,1
381,56,329,162,11,12,1,1,1
381,65,371,68,11,13,1,1,1
381,66,398,88,11,12,1,1,1
381,67,390,106,12,13,1,1,1
382,39,401,181,11,12,1,1,1
382,56,329,162,11,12,1,1,1
382,65,371,68,11,13,1,1,1
382,66,398,88,11,12,1,1,1
382,67,390,106,12,13,1,1,1
383,39,402,182,10,12,1,1,1
383,56,330,163,11,13,1,1,1
383,65,372,69,11,13,1,1,1
383,66,399,89,10,13,1,1,1
383,67,391,107,11,14,1,1,1
384,39,402,182,10,12,1,1,1
384,56,330,163,11,13,1,1,1
384,65,372,69,11,13,1,1,1
384,66,399,89,10,13,1,1,1
384,67,391,107,11,14,1,1,1
385,39,402,182,11,13,1,1,1
385,56,330,164,11,13,1,1,1
385,65,373,70,10,13,1,1,1
385,66,399,91,10,12,1,1,1
385,67,392,109,11,13,1,1,1
386,39,402,182,11,13,1,1,1
386,56,330,164,11,13,1,1,1
386,65,373,70,10,13,1,1,1
386,66,399,91,10,12,1,1,1
386,67,392,109,11,13,1,1,1
387,39,403,183,11,13,1,1,1
387,56,331,165,11,13,1,1,1
387,65,374,72,10,12,1,1,1
387,66,400,93,10,12,1,1,1
387,67,393,110,10,13,1,1,1
388,39,403,183,11,13,1,1,1
388,56,331,165,11,13,1,1,1
388,65,374,72,10,12,1,1,1
388,66,400,93,10,12,1,1,1
388,67,393,110,10,13,1,1,1
389,39,404,184,10,13,1,1,1
389,56,332,166,11,13,1,1,1
389,65,375,73,10,13,1,1,1
389,66,401,94,9,12,1,1,1
389,67,393,111,11,13,1,1,1
390,39,404,184,10,13,1,1,1
390,56,332,166,11,13,1,1,1
390,65,375,73,10,13,1,1,1
390,66,401,94,9,12,1,1,1
390,67,393,111,11,13,1,1,1
391,39,404,185,11,13,1,1,1
391,56,332,167,12,13,1,1,1
391,65,376,75,9,12,1,1,1
391,66,401,96,10,11,1,1,1
391,67,394,112,11,13,1,1,1
392,39,404,185,11,13,1,1,1
392,56,332,167,12,13,1,1,1
392,65,376,75,9,12,1,1,1
392,66,401,96,10,11,1,1,1
392,67,394,112,11,13,1,1,1
393,39,406,186,10,13,1,1,1
393,56,333,168,12,13,1,1,1
393,65,376,76,10,12,1,1,1
393,66,402,97,10,12,1,1,1
393,67,395,114,11,12,1,1,1
394,39,406,186,10,13,1,1,1
394,56,333,168,12,13,1,1,1
394,65,376,76,10,12,1,1,1
394,66,402,97,10,12,1,1,1
394,67,395,114,11,12,1,1,1
395,39,406,187,11,13,1,1,1
395,56,334,169,11,14,1,1,1
395,65,377,77,10,12,1,1,1
395,66,402,98,11,13,1,1,1
395,67,395,115,12,13,1,1,1
396,39,406,187,11,13,1,1,1
396,56,334,169,11,14,1,1,1
396,65,377,77,10,12,1,1,1
396,66,402,98,11,13,1,1,1
396,67,395,115,12,13,1,1,1
397,39,407,188,10,12,1,1,1
397,56,335,170,11,14,1,1,1
397,65,377,79,11,12,1,1,1
397,66,402,100,11,12,1,1,1
397,67,396,116,11,14,1,1,1
398,39,407,188,10,12,1,1,1
398,56,335,170,11,14,1,1,1
398,65,377,79,11,12,1,1,1
398,66,402,100,11,12,1,1,1
398,67,396,116,11,14,1,1,1
399,39,405,189,11,12,1,1,1
399,56,334,172,11,13,1,1,1
399,65,376,80,11,13,1,1,1
399,66,401,101,10,13,1,1,1
399,67,395,118,11,13,1,1,1
400,39,405,189,11,12,1,1,1
400,56,334,172,11,13,1,1,1
400,65,376,80,11,13,1,1,1
400,66,401,101,10,13,1,1,1
400,67,395,118,11,13,1,1,1
401,39,406,190,10,13,1,1,1
401,56,334,173,11,13,1,1,1
401,65,377,82,10,12,1,1,1
401,66,402,103,10,12,1,1,1
401,67,396,120,10,12,1,1,1
402,39,406,190,10,13,1,1,1
402,56,334,173,11,13,1,1,1
402,65,377,82,10,12,1,1,1
402,66,402,103,10,12,1,1,1
402,67,396,120,10,12,1,1,1
403,39,406,191,11,13,1,1,1
403,56,335,174,10,13,1,1,1
403,65,377,83,11,13,1,1,1
403,66,402,105,10,12,1,1,1
403,67,396,121,11,13,1,1,1
404,39,406,191,11,13,1,1,1
404,56,335,174,10,13,1,1,1
404,65,377,83,11,13,1,1,1
404,66,402,105,10,12,1,1,1
404,67,396,121,11,13,1,1,1
405,39,407,192,10,13,1,1,1
405,56,335,176,11,12,1,1,1
405,65,378,84,11,13,1,1,1
405,66,403,106,9,12,1,1,1
405,67,397,122,10,13,1,1,1
406,39,407,192,10,13,1,1,1
406,56,335,176,11,12,1,1,1
406,65,378,84,11,13,1,1,1
406,66,403,106,9,12,1,1,1
406,67,397,122,10,13,1,1,1
407,39,407,193,11,13,1,1,1
407,56,336,177,10,12,1,1,1
407,65,379,86,10,12,1,1,1
407,66,403,108,10,12,1,1,1
407,67,398,123,10,13,1,1,1
408,39,407,193,11,13,1,1,1
408,56,336,177,10,12,1,1,1
408,65,379,86,10,12,1,1,1
408,66,403,108,10,12,1,1,1
408,67,398,123,10,13,1,1,1
409,39,408,194,10,12,1,1,1
409,56,337,178,10,12,1,1,1
409,65,379,87,11,13,1,1,1
409,66,403,109,11,12,1,1,1
409,67,398,125,11,12,1,1,1
410,39,408,194,10,12,1,1,1
410,56,337,178,10,12,1,1,1
410,65,379,87,11,13,1,1,1
410,66,403,109,11,12,1,1,1
410,67,398,125,11,12,1,1,1
411,39,408,195,11,12,1,1,1
411,56,337,179,11,12,1,1,1
411,65,380,89,11,13,1,1,1
411,66,403,110,11,13,1,1,1
411,67,399,126,10,13,1,1,1
412,39,408,195,11,12,1,1,1
412,56,337,179,11,12,1,1,1
412,65,380,89,11,13,1,1,1
412,66,403,110,11,13,1,1,1
412,67,399,126,10,13,1,1,1
413,39,408,196,10,12,1,1,1
413,56,336,180,10,13,1,1,1
413,65,379,90,11,13,1,1,1
413,66,403,111,10,13,1,1,1
413,67,397,127,11,13,1,1,1
414,39,408,196,10,12,1,1,1
414,56,336,180,10,13,1,1,1
414,65,379,90,11,13,1,1,1
414,66,403,111,10,13,1,1,1
414,67,397,127,11,13,1,1,1
415,39,407,198,10,11,1,1,1
415,56,336,181,10,13,1,1,1
415,65,379,92,11,12,1,1,1
415,66,403,114,10,12,1,1,1
415,67,397,129,11,13,1,1,1
416,39,407,198,10,11,1,1,1
416,56,336,181,10,13,1,1,1
416,65,379,92,11,12,1,1,1
416,66,403,114,10,12,1,1,1
416,67,397,129,11,13,1,1,1
417,39,407,199,11,12,1,1,1
417,56,337,183,10,12,1,1,1
417,65,380,94,10,12,1,1,1
417,66,403,115,10,12,1,1,1
417,67,399,130,10,13,1,1,1
418,39,407,199,11,12,1,1,1
418,56,337,183,10,12,1,1,1
418,65,380,94,10,12,1,1,1
418,66,403,115,10,12,1,1,1
418,67,399,130,10,13,1,1,1
419,39,408,200,11,12,1,1,1
419,56,337,184,10,12,1,1,1
419,65,380,95,11,12,1,1,1
419,66,403,117,10,12,1,1,1
419,67,399,132,10,12,1,1,1
420,39,408,200,11,12,1,1,1
420,56,337,184,10,12,1,1,1
420,65,380,95,11,12,1,1,1
420,66,403,117,10,12,1,1,1
420,67,399,132,10,12,1,1,1
421,39,409,201,10,12,1,1,1
421,56,337,185,11,13,1,1,1
421,65,381,96,11,13,1,1,1
421,66,403,118,11,12,1,1,1
421,67,399,133,11,13,1,1,1
422,39,409,201,10,12,1,1,1
422,56,337,185,11,13,1,1,1
422,65,381,96,11,13,1,1,1
422,66,403,118,11,12,1,1,1
422,67,399,133,11,13,1,1,1
423,39,409,202,11,12,1,1,1
423,56,338,186,10,13,1,1,1
423,65,381,97,11,14,1,1,1
423,66,403,119,11,13,1,1,1
423,67,399,134,11,13,1,1,1
424,39,409,202,11,12,1,1,1
424,56,338,186,10,13,1,1,1
424,65,381,97,11,14,1,1,1
424,66,403,119,11,13,1,1,1
424,67,399,134,11,13,1,1,1
425,39,408,202,11,13,1,1,1
425,56,337,187,10,13,1,1,1
425,65,380,99,11,13,1,1,1
425,66,403,121,10,12,1,1,1
425,67,398,136,11,12,1,1,1
426,39,408,202,11,13,1,1,1
426,56,337,187,10,13,1,1,1
426,65,380,99,11,13,1,1,1
426,66,403,121,10,12,1,1,1
426,67,398,136,11,12,1,1,1
427,39,408,204,11,13,1,1,1
427,56,337,189,10,12,1,1,1
427,65,380,101,11,13,1,1,1
427,66,403,123,10,12,1,1,1
427,67,399,137,10,13,1,1,1
428,39,408,204,11,13,1,1,1
428,56,337,189,10,12,1,1,1
428,65,380,101,11,13,1,1,1
428,66,403,123,10,12,1,1,1
428,67,399,137,10,13,1,1,1
429,39,408,205,11,13,1,1,1
429,56,337,190,10,12,1,1,1
429,65,382,102,10,13,1,1,1
429,66,403,124,10,13,1,1,1
429,67,399,138,11,13,1,1,1
430,39,408,205,11,13,1,1,1
430,56,337,190,10,12,1,1,1
430,65,382,102,10,13,1,1,1
430,66,403,124,10,13,1,1,1
430,67,399,138,11,13,1,1,1
431,39,409,206,11,13,1,1,1
431,56,338,191,11,12,1,1,1
431,65,382,104,11,12,1,1,1
431,66,403,126,10,12,1,1,1
431,67,400,140,10,12,1,1,1
432,39,409,206,11,13,1,1,1
432,56,338,191,11,12,1,1,1
432,65,382,104,11,12,1,1,1
432,66,403,126,10,12,1,1,1
432,67,400,140,10,12,1,1,1
433,39,410,207,11,13,1,1,1
433,56,338,192,11,12,1,1,1
433,65,383,105,10,13,1,1,1
433,66,404,127,10,12,1,1,1
433,67,400,141,11,12,1,1,1
434,39,410,207,11,13,1,1,1
434,56,338,192,11,12,1,1,1
434,65,383,105,10,13,1,1,1
434,66,404,127,10,12,1,1,1
434,67,400,141,11,12,1,1,1
435,39,409,208,11,13,1,1,1
435,56,338,193,10,13,1,1,1
435,65,382,107,11,12,1,1,1
435,66,403,128,10,13,1,1,1
435,67,400,142,10,13,1,1,1
436,39,409,208,11,13,1,1,1
436,56,338,193,10,13,1,1,1
436,65,382,107,11,12,1,1,1
436,66,403,128,10,13,1,1,1
436,67,400,142,10,13,1,1,1
437,39,409,209,10,13,1,1,1
437,56,337,194,11,13,1,1,1
437,65,382,108,11,13,1,1,1
437,66,403,130,10,12,1,1,1
437,67,399,144,10,12,1,1,1
438,39,409,209,10,13,1,1,1
438,56,337,194,11,13,1,1,1
438,65,382,108,11,13,1,1,1
438,66,403,130,10,12,1,1,1
438,67,399,144,10,12,1,1,1
439,39,409,210,11,13,1,1,1
439,56,338,195,10,13,1,1,1
439,65,382,110,11,13,1,1,1
439,66,403,132,10,12,1,1,1
439,67,400,146,10,12,1,1,1
440,39,409,210,11,13,1,1,1
440,56,338,195,10,13,1,1,1
440,65,382,110,11,13,1,1,1
440,66,403,132,10,12,1,1,1
440,67,400,146,10,12,1,1,1
441,39,409,211,11,13,1,1,1
441,56,338,197,10,12,1,1,1
441,65,383,111,11,13,1,1,1
441,66,403,133,10,12,1,1,1
441,67,400,147,11,12,1,1,1
442,39,409,211,11,13,1,1,1
442,56,338,197,10,12,1,1,1
442,65,383,111,11,13,1,1,1
442,66,403,133,10,12,1,1,1
442,67,400,147,11,12,1,1,1
443,39,409,212,10,12,1,1,1
443,56,338,198,11,12,1,1,1
443,65,383,112,11,13,1,1,1
443,66,403,134,10,12,1,1,1
443,67,400,148,11,13,1,1,1
444,39,409,212,10,12,1,1,1
444,56,338,198,11,12,1,1,1
444,65,383,112,11,13,1,1,1
444,66,403,134,10,12,1,1,1
444,67,400,148,11,13,1,1,1
445,39,408,212,11,13,1,1,1
445,56,337,199,11,12,1,1,1
445,65,382,114,11,13,1,1,1
445,66,402,136,11,12,1,1,1
445,67,399,149,11,13,1,1,1
446,39,408,212,11,13,1,1,1
446,56,337,199,11,12,1,1,1
446,65,382,114,11,13,1,1,1
446,66,402,136,11,12,1,1,1
446,67,399,149,11,13,1,1,1
447,39,408,213,11,13,1,1,1
447,56,337,200,11,13,1,1,1
447,65,382,116,11,13,1,1,1
447,66,402,137,11,13,1,1,1
447,67,400,151,10,13,1,1,1
448,39,408,213,11,13,1,1,1
448,56,337,200,11,13,1,1,1
448,65,382,116,11,13,1,1,1
448,66,402,137,11,13,1,1,1
448,67,400,151,10,13,1,1,1
449,39,408,214,11,13,1,1,1
449,56,337,201,11,13,1,1,1
449,65,382,117,11,13,1,1,1
449,66,402,138,10,13,1,1,1
449,67,399,152,11,13,1,1,1
450,39,408,214,11,13,1,1,1
450,56,337,201,11,13,1,1,1
450,65,382,117,11,13,1,1,1
450,66,402,138,10,13,1,1,1
450,67,399,152,11,13,1,1,1
451,39,407,215,10,13,1,1,1
451,56,335,202,11,13,1,1,1
451,65,381,119,11,13,1,1,1
451,66,400,140,11,12,1,1,1
451,67,398,154,10,12,1,1,1
452,39,407,215,10,13,1,1,1
452,56,335,202,11,13,1,1,1
452,65,381,119,11,13,1,1,1
452,66,400,140,11,12,1,1,1
452,67,398,154,10,12,1,1,1
453,39,407,216,10,13,1,1,1
453,56,335,204,11,12,1,1,1
453,65,381,120,11,13,1,1,1
453,66,400,141,10,13,1,1,1
453,67,398,155,10,13,1,1,1
454,39,407,216,10,13,1,1,1
454,56,335,204,11,12,1,1,1
454,65,381,120,11,13,1,1,1
454,66,400,141,10,13,1,1,1
454,67,398,155,10,13,1,1,1
455,39,407,217,10,13,1,1,1
455,56,336,205,10,13,1,1,1
455,65,382,122,10,13,1,1,1
455,66,400,143,10,12,1,1,1
455,67,398,157,10,12,1,1,1
456,39,407,217,10,13,1,1,1
456,56,336,205,10,13,1,1,1
456,65,382,122,10,13,1,1,1
456,66,400,143,10,12,1,1,1
456,67,398,157,10,12,1,1,1
457,39,407,218,10,13,1,1,1
457,56,337,207,10,12,1,1,1
457,65,382,123,11,13,1,1,1
457,66,401,144,10,12,1,1,1
457,67,399,158,10,12,1,1,1
458,39,407,218,10,13,1,1,1
458,56,337,207,10,12,1,1,1
458,65,382,123,11,13,1,1,1
458,66,401,144,10,12,1,1,1
458,67,399,158,10,12,1,1,1
459,39,408,219,10,13,1,1,1
459,56,337,208,11,12,1,1,1
459,65,382,124,12,14,1,1,1
459,66,401,145,10,13,1,1,1
459,67,399,159,11,13,1,1,1
460,39,408,219,10,13,1,1,1
460,56,337,208,11,12,1,1,1
460,65,382,124,12,14,1,1,1
460,66,401,145,10,13,1,1,1
460,67,399,159,11,13,1,1,1
461,39,407,220,10,12,1,1,1
461,56,336,209,11,12,1,1,1
461,65,382,126,11,13,1,1,1
461,66,401,147,10,12,1,1,1
461,67,399,160,10,13,1,1,1
462,39,407,220,10,12,1,1,1
462,56,336,209,11,12,1,1,1
462,65,382,126,11,13,1,1,1
462,66,401,147,10,12,1,1,1
462,67,399,160,10,13,1,1,1
463,39,405,222,10,12,1,1,1
463,56,335,210,10,13,1,1,1
463,65,381,128,11,13,1,1,1
463,66,399,148,11,13,1,1,1
463,67,397,162,10,12,1,1,1
464,39,405,222,10,12,1,1,1
464,56,335,210,10,13,1,1,1
464,65,381,128,11,13,1,1,1
464,66,399,148,11,13,1,1,1
464,67,397,162,10,12,1,1,1
465,39,403,223,10,12,1,1,1
465,56,332,211,11,13,1,1,1
465,65,380,130,9,12,1,1,1
465,66,397,150,10,13,1,1,1
465,67,395,164,10,12,1,1,1
466,39,403,223,10,12,1,1,1
466,56,332,211,11,13,1,1,1
466,65,380,130,9,12,1,1,1
466,66,397,150,10,13,1,1,1
466,67,395,164,10,12,1,1,1
467,39,401,225,9,11,1,1,1
467,56,330,213,10,12,1,1,1
467,65,377,132,10,11,1,1,1
467,66,394,152,11,12,1,1,1
467,67,393,165,9,12,1,1,1
468,39,401,225,9,11,1,1,1
468,56,330,213,10,12,1,1,1
468,65,377,132,10,11,1,1,1
468,66,394,152,11,12,1,1,1
468,67,393,165,9,12,1,1,1
469,39,398,226,10,12,1,1,1
469,56,327,214,11,12,1,1,1
469,65,375,133,10,12,1,1,1
469,66,392,153,10,13,1,1,1
469,67,390,167,10,12,1,1,1
470,39,398,226,10,12,1,1,1
470,56,327,214,11,12,1,1,1
470,65,375,133,10,12,1,1,1
470,66,392,153,10,13,1,1,1
470,67,390,167,10,12,1,1,1
471,39,395,228,10,11,1,1,1
471,56,324,215,11,12,1,1,1
471,65,373,135,10,12,1,1,1
471,66,389,155,10,12,1,1,1
471,67,387,169,10,12,1,1,1
472,39,395,228,10,11,1,1,1
472,56,324,215,11,12,1,1,1
472,65,373,135,10,12,1,1,1
472,66,389,155,10,12,1,1,1
472,67,387,169,10,12,1,1,1
473,39,392,229,10,12,1,1,1
473,56,322,216,10,13,1,1,1
473,65,370,137,11,12,1,1,1
473,66,387,157,10,12,1,1,1
473,67,385,170,10,12,1,1,1
474,39,392,229,10,12,1,1,1
474,56,322,216,10,13,1,1,1
474,65,370,137,11,12,1,1,1
474,66,387,157,10,12,1,1,1
474,67,385,170,10,12,1,1,1
475,39,389,230,11,12,1,1,1
475,56,319,218,11,12,1,1,1
475,65,368,138,10,13,1,1,1
475,66,384,158,10,12,1,1,1
475,67,382,172,11,12,1,1,1
476,39,389,230,11,12,1,1,1
476,56,319,218,11,12,1,1,1
476,65,368,138,10,13,1,1,1
476,66,384,158,10,12,1,1,1
476,67,382,172,11,12,1,1,1
477,39,387,231,10,12,1,1,1
477,56,317,219,10,12,1,1,1
477,65,366,140,10,12,1,1,1
477,66,382,160,9,12,1,1,1
477,67,380,173,10,12,1,1,1
478,39,387,231,10,12,1,1,1
478,56,317,219,10,12,1,1,1
478,65,366,140,10,12,1,1,1
478,66,382,160,9,12,1,1,1
478,67,380,173,10,12,1,1,1
479,39,384,233,10,12,1,1,1
479,56,314,220,10,12,1,1,1
479,65,363,142,11,12,1,1,1
479,66,379,162,10,11,1,1,1
479,67,377,175,11,12,1,1,1
480,39,384,233,10,12,1,1,1
480,56,314,220,10,12,1,1,1
480,65,363,142,11,12,1,1,1
480,66,379,162,10,11,1,1,1
480,67,377,175,11,12,1,1,1
481,39,382,234,10,12,1,1,1
481,56,312,221,10,12,1,1,1
481,65,361,143,11,12,1,1,1
481,66,377,163,10,12,1,1,1
481,67,375,177,10,12,1,1,1
482,39,382,234,10,12,1,1,1
482,56,312,221,10,12,1,1,1
482,65,361,143,11,12,1,1,1
482,66,377,163,10,12,1,1,1
482,67,375,177,10,12,1,1,1
483,39,379,235,10,12,1,1,1
483,56,309,222,10,13,1,1,1
483,65,359,145,11,12,1,1,1
483,66,375,165,10,12,1,1,1
483,67,373,178,10,12,1,1,1
484,39,379,235,10,12,1,1,1
484,56,309,222,10,13,1,1,1
484,65,359,145,11,12,1,1,1
484,66,375,165,10,12,1,1,1
484,67,373,178,10,12,1,1,1
485,39,377,236,9,12,1,1,1
485,56,306,224,11,12,1,1,1
485,65,357,146,11,13,1,1,1
485,66,372,166,10,12,1,1,1
485,67,370,180,11,12,1,1,1
486,39,377,236,9,12,1,1,1
486,56,306,224,11,12,1,1,1
486,65,357,146,11,13,1,1,1
486,66,372,166,10,12,1,1,1
486,67,370,180,11,12,1,1,1
487,39,374,238,10,11,1,1,1
487,56,304,225,10,12,1,1,1
487,65,355,148,10,12,1,1,1
487,66,369,167,10,12,1,1,1
487,67,368,181,10,12,1,1,1
488,39,374,238,10,11,1,1,1
488,56,304,225,10,12,1,1,1
488,65,355,148,10,12,1,1,1
488,66,369,167,10,12,1,1,1
488,67,368,181,10,12,1,1,1
489,39,371,239,10,12,1,1,1
489,56,301,227,10,11,1,1,1
489,65,353,150,10,12,1,1,1
489,66,367,169,10,12,1,1,1
489,67,366,183,10,12,1,1,1
490,39,371,239,10,12,1,1,1
490,56,301,227,10,11,1,1,1
490,65,353,150,10,12,1,1,1
490,66,367,169,10,12,1,1,1
490,67,366,183,10,12,1,1,1
491,39,369,240,10,12,1,1,1
491,56,299,228,10,11,1,1,1
491,65,350,151,11,12,1,1,1
491,66,365,171,10,11,1,1,1
491,67,363,185,10,11,1,1,1
492,39,369,240,10,12,1,1,1
492,56,299,228,10,11,1,1,1
492,65,350,151,11,12,1,1,1
492,66,365,171,10,11,1,1,1
492,67,363,185,10,11,1,1,1
493,39,366,241,10,12,1,1,1
493,56,296,229,10,11,1,1,1
493,65,348,152,11,13,1,1,1
493,66,362,172,10,12,1,1,1
493,67,361,186,10,12,1,1,1
494,39,366,241,10,12,1,1,1
494,56,296,229,10,11,1,1,1
494,65,348,152,11,13,1,1,1
494,66,362,172,10,12,1,1,1
494,67,361,186,10,12,1,1,1
495,39,364,242,10,12,1,1,1
495,56,293,230,10,12,1,1,1
495,65,346,154,11,13,1,1,1
495,66,360,173,10,12,1,1,1
495,67,358,187,10,12,1,1,1
496,39,364,242,10,12,1,1,1
496,56,293,230,10,12,1,1,1
496,65,346,154,11,13,1,1,1
496,66,360,173,10,12,1,1,1
496,67,358,187,10,12,1,1,1
497,39,361,243,10,12,1,1,1
497,56,290,231,11,12,1,1,1
497,65,343,156,11,12,1,1,1
497,66,357,175,10,12,1,1,1
497,67,355,189,10,12,1,1,1
498,39,361,243,10,12,1,1,1
498,56,290,231,11,12,1,1,1
498,65,343,156,11,12,1,1,1
498,66,357,175,10,12,1,1,1
498,67,355,189,10,12,1,1,1
499,39,358,244,10,12,1,1,1
499,56,288,232,10,12,1,1,1
499,65,341,157,11,13,1,1,1
499,66,354,176,10,12,1,1,1
499,67,353,191,9,11,1,1,1
500,39,358,244,10,12,1,1,1
500,56,288,232,10,12,1,1,1
500,65,341,157,11,13,1,1,1
500,66,354,176,10,12,1,1,1
500,67,353,191,9,11,1,1,1
501,39,356,245,9,12,1,1,1
501,56,285,233,10,12,1,1,1
501,65,339,159,11,12,1,1,1
501,66,352,178,10,11,1,1,1
501,67,350,192,10,11,1,1,1
502,39,356,245,9,12,1,1,1
502,56,285,233,10,12,1,1,1
502,65,339,159,11,12,1,1,1
502,66,352,178,10,11,1,1,1
502,67,350,192,10,11,1,1,1
503,39,353,247,10,11,1,1,1
503,56,282,234,10,12,1,1,1
503,65,337,160,10,13,1,1,1
503,66,349,179,10,12,1,1,1
503,67,347,193,11,12,1,1,1
504,39,353,247,10,11,1,1,1
504,56,282,234,10,12,1,1,1
504,65,337,160,10,13,1,1,1
504,66,349,179,10,12,1,1,1
504,67,347,193,11,12,1,1,1
505,39,350,248,10,11,1,1,1
505,56,279,235,11,12,1,1,1
505,65,335,162,9,12,1,1,1
505,66,347,181,9,11,1,1,1
505,67,345,195,10,12,1,1,1
506,39,350,248,10,11,1,1,1
506,56,279,235,11,12,1,1,1
506,65,335,162,9,12,1,1,1
506,66,347,181,9,11,1,1,1
506,67,345,195,10,12,1,1,1
507,39,347,249,10,11,1,1,1
507,56,277,236,10,12,1,1,1
507,65,332,164,10,11,1,1,1
507,66,344,182,10,11,1,1,1
507,67,342,196,10,12,1,1,1
508,39,347,249,10,11,1,1,1
508,56,277,236,10,12,1,1,1
508,65,332,164,10,11,1,1,1
508,66,344,182,10,11,1,1,1
508,67,342,196,10,12,1,1,1
509,39,344,250,10,12,1,1,1
509,56,274,237,10,12,1,1,1
509,65,330,165,10,12,1,1,1
509,66,341,183,10,12,1,1,1
509,67,340,198,10,11,1,1,1
510,39,344,250,10,12,1,1,1
510,56,274,237,10,12,1,1,1
510,65,330,165,10,12,1,1,1
510,66,341,183,10,12,1,1,1
510,67,340,198,10,11,1,1,1
511,39,341,251,11,12,1,1,1
511,56,271,238,10,12,1,1,1
511,65,327,166,11,13,1,1,1
511,66,339,184,10,12,1,1,1
511,67,337,199,10,12,1,1,1
512,39,341,251,11,12,1,1,1
512,56,271,238,10,12,1,1,1
512,65,327,166,11,13,1,1,1
512,66,339,184,10,12,1,1,1
512,67,337,199,10,12,1,1,1
513,39,339,252,10,12,1,1,1
513,56,268,239,11,12,1,1,1
513,65,325,168,11,12,1,1,1
513,66,336,186,10,12,1,1,1
513,67,334,201,10,12,1,1,1
514,39,339,252,10,12,1,1,1
514,56,268,239,11,12,1,1,1
514,65,325,168,11,12,1,1,1
514,66,336,186,10,12,1,1,1
514,67,334,201,10,12,1,1,1
515,39,337,253,10,12,1,1,1
515,56,266,240,11,12,1,1,1
515,65,323,169,11,13,1,1,1
515,66,334,187,10,12,1,1,1
515,67,332,202,10,12,1,1,1
516,39,337,253,10,12,1,1,1
516,56,266,240,11,12,1,1,1
516,65,323,169,11,13,1,1,1
516,66,334,187,10,12,1,1,1
516,67,332,202,10,12,1,1,1
517,39,337,254,10,12,1,1,1
517,56,266,241,11,12,1,1,1
517,65,324,171,11,12,1,1,1
517,66,334,189,10,11,1,1,1
517,67,332,204,10,12,1,1,1
518,39,337,254,10,12,1,1,1
518,56,266,241,11,12,1,1,1
518,65,324,171,11,12,1,1,1
518,66,334,189,10,11,1,1,1
518,67,332,204,10,12,1,1,1
519,39,337,255,10,12,1,1,1
519,56,266,242,11,13,1,1,1
519,65,324,172,11,13,1,1,1
519,66,334,190,10,12,1,1,1
519,67,332,205,11,12,1,1,1
520,39,337,255,10,12,1,1,1
520,56,266,242,11,13,1,1,1
520,65,324,172,11,13,1,1,1
520,66,334,190,10,12,1,1,1
520,67,332,205,11,12,1,1,1
521,39,338,256,10,12,1,1,1
521,56,267,243,10,13,1,1,1
521,65,325,174,11,13,1,1,1
521,66,335,191,10,12,1,1,1
521,67,333,206,10,13,1,1,1
522,39,338,256,10,12,1,1,1
522,56,267,243,10,13,1,1,1
522,65,325,174,11,13,1,1,1
522,66,335,191,10,12,1,1,1
522,67,333,206,10,13,1,1,1
523,39,338,257,10,12,1,1,1
523,56,267,245,11,12,1,1,1
523,65,326,175,10,13,1,1,1
523,66,336,192,9,12,1,1,1
523,67,333,208,10,12,1,1,1
524,39,338,257,10,12,1,1,1
524,56,267,245,11,12,1,1,1
524,65,326,175,10,13,1,1,1
524,66,336,192,9,12,1,1,1
524,67,333,208,10,12,1,1,1
525,39,340,258,9,12,1,1,1
525,56,267,246,11,12,1,1,1
525,65,327,177,10,12,1,1,1
525,66,336,194,9,11,1,1,1
525,67,334,209,10,12,1,1,1
526,39,340,258,9,12,1,1,1
526,56,267,246,11,12,1,1,1
526,65,327,177,10,12,1,1,1
526,66,336,194,9,11,1,1,1
526,67,334,209,10,12,1,1,1
527,39,340,260,10,11,1,1,1
527,56,268,247,11,13,1,1,1
527,65,327,178,11,13,1,1,1
527,66,337,195,10,11,1,1,1
527,67,334,210,11,12,1,1,1
528,39,340,260,10,11,1,1,1
528,56,268,247,11,13,1,1,1
528,65,327,178,11,13,1,1,1
528,66,337,195,10,11,1,1,1
528,67,334,210,11,12,1,1,1
529,39,341,260,10,12,1,1,1
529,56,269,248,11,13,1,1,1
529,65,328,179,11,13,1,1,1
529,66,337,196,10,12,1,1,1
529,67,335,212,10,12,1,1,1
530,39,341,260,10,12,1,1,1
530,56,269,248,11,13,1,1,1
530,65,328,179,11,13,1,1,1
530,66,337,196,10,12,1,1,1
530,67,335,212,10,12,1,1,1
531,39,341,261,10,12,1,1,1
531,56,269,250,11,12,1,1,1
531,65,329,181,11,12,1,1,1
531,66,337,197,11,12,1,1,1
531,67,336,214,10,11,1,1,1
532,39,341,261,10,12,1,1,1
532,56,269,250,11,12,1,1,1
532,65,329,181,11,12,1,1,1
532,66,337,197,11,12,1,1,1
532,67,336,214,10,11,1,1,1
533,39,342,262,10,12,1,1,1
533,56,269,251,11,13,1,1,1
533,65,330,182,10,13,1,1,1
533,66,338,198,10,12,1,1,1
533,67,336,215,10,12,1,1,1
534,39,342,262,10,12,1,1,1
534,56,269,251,11,13,1,1,1
534,65,330,182,10,13,1,1,1
534,66,338,198,10,12,1,1,1
534,67,336,215,10,12,1,1,1
535,39,343,264,9,11,1,1,1
535,56,270,252,10,13,1,1,1
535,65,331,184,10,12,1,1,1
535,66,338,200,10,11,1,1,1
535,67,336,216,11,12,1,1,1
536,39,343,264,9,11,1,1,1
536,56,270,252,10,13,1,1,1
536,65,331,184,10,12,1,1,1
536,66,338,200,10,11,1,1,1
536,67,336,216,11,12,1,1,1
537,39,343,264,10,12,1,1,1
537,56,270,254,11,12,1,1,1
537,65,331,185,11,12,1,1,1
537,66,339,201,10,12,1,1,1
537,67,337,217,10,12,1,1,1
538,39,343,264,10,12,1,1,1
538,56,270,254,11,12,1,1,1
538,65,331,185,11,12,1,1,1
538,66,339,201,10,12,1,1,1
538,67,337,217,10,12,1,1,1
539,39,344,265,10,12,1,1,1
539,56,271,255,10,12,1,1,1
539,65,332,186,10,13,1,1,1
539,66,339,202,10,12,1,1,1
539,67,337,219,11,12,1,1,1
540,39,344,265,10,12,1,1,1
540,56,271,255,10,12,1,1,1
540,65,332,186,10,13,1,1,1
540,66,339,202,10,12,1,1,1
540,67,337,219,11,12,1,1,1
541,39,344,266,10,12,1,1,1
541,56,271,256,11,12,1,1,1
541,65,333,188,10,12,1,1,1
541,66,339,204,10,12,1,1,1
541,67,338,220,10,12,1,1,1
542,39,344,266,10,12,1,1,1
542,56,271,256,11,12,1,1,1
542,65,333,188,10,12,1,1,1
542,66,339,204,10,12,1,1,1
542,67,338,220,10,12,1,1,1
543,39,345,266,10,13,1,1,1
543,56,272,257,10,13,1,1,1
543,65,334,189,10,12,1,1,1
543,66,340,205,10,12,1,1,1
543,67,338,222,10,11,1,1,1
544,39,345,266,10,13,1,1,1
544,56,272,257,10,13,1,1,1
544,65,334,189,10,12,1,1,1
544,66,340,205,10,12,1,1,1
544,67,338,222,10,11,1,1,1
545,39,345,267,10,13,1,1,1
545,56,272,259,10,12,1,1,1
545,65,334,191,10,12,1,1,1
545,66,341,206,10,12,1,1,1
545,67,339,223,10,12,1,1,1
546,39,345,267,10,13,1,1,1
546,56,272,259,10,12,1,1,1
546,65,334,191,10,12,1,1,1
546,66,341,206,10,12,1,1,1
546,67,339,223,10,12,1,1,1
547,39,346,268,10,12,1,1,1
547,56,272,260,11,12,1,1,1
547,65,335,192,10,12,1,1,1
547,66,341,207,10,12,1,1,1
547,67,339,224,10,12,1,1,1
548,39,346,268,10,12,1,1,1
548,56,272,260,11,12,1,1,1
548,65,335,192,10,12,1,1,1
548,66,341,207,10,12,1,1,1
548,67,339,224,10,12,1,1,1
549,39,347,269,10,12,1,1,1
549,56,273,261,11,13,1,1,1
549,65,336,194,10,11,1,1,1
549,66,342,209,9,11,1,1,1
549,67,340,226,10,12,1,1,1
550,39,347,269,10,12,1,1,1
550,56,273,261,11,13,1,1,1
550,65,336,194,10,11,1,1,1
550,66,342,209,9,11,1,1,1
550,67,340,226,10,12,1,1,1
551,39,347,270,10,12,1,1,1
551,56,273,262,11,13,1,1,1
551,65,337,195,10,12,1,1,1
551,66,342,210,10,11,1,1,1
551,67,340,227,10,12,1,1,1
552,39,347,270,10,12,1,1,1
552,56,273,262,11,13,1,1,1
552,65,337,195,10,12,1,1,1
552,66,342,210,10,11,1,1,1
552,67,340,227,10,12,1,1,1
553,39,348,271,10,12,1,1,1
553,56,274,263,10,13,1,1,1
553,65,337,196,11,12,1,1,1
553,66,343,211,10,11,1,1,1
553,67,341,229,10,12,1,1,1
554,39,348,271,10,12,1,1,1
554,56,274,263,10,13,1,1,1
554,65,337,196,11,12,1,1,1
554,66,343,211,10,11,1,1,1
554,67,341,229,10,12,1,1,1
555,39,348,272,10,12,1,1,1
555,56,274,265,11,12,1,1,1
555,65,338,197,10,13,1,1,1
555,66,343,212,10,12,1,1,1
555,67,341,230,11,12,1,1,1
556,39,348,272,10,12,1,1,1
556,56,274,265,11,12,1,1,1
556,65,338,197,10,13,1,1,1
556,66,343,212,10,12,1,1,1
556,67,341,230,11,12,1,1,1
557,39,349,273,10,12,1,1,1
557,56,274,266,11,12,1,1,1
557,65,338,199,11,12,1,1,1
557,66,344,213,9,12,1,1,1
557,67,341,231,11,13,1,1,1
558,39,349,273,10,12,1,1,1
558,56,274,266,11,12,1,1,1
558,65,338,199,11,12,1,1,1
558,66,344,213,9,12,1,1,1
558,67,341,231,11,13,1,1,1
559,39,350,274,10,12,1,1,1
559,56,274,267,12,12,1,1,1
559,65,339,200,11,13,1,1,1
559,66,344,215,10,11,1,1,1
559,67,342,233,10,12,1,1,1
560,39,350,274,10,12,1,1,1
560,56,274,267,12,12,1,1,1
560,65,339,200,11,13,1,1,1
560,66,344,215,10,11,1,1,1
560,67,342,233,10,12,1,1,1
561,39,350,275,11,12,1,1,1
561,56,275,268,11,13,1,1,1
561,65,340,202,10,12,1,1,1
561,66,344,216,10,11,1,1,1
561,67,342,234,10,12,1,1,1
562,39,350,275,11,12,1,1,1
562,56,275,268,11,13,1,1,1
562,65,340,202,10,12,1,1,1
562,66,344,216,10,11,1,1,1
562,67,342,234,10,12,1,1,1
563,39,350,276,11,12,1,1,1
563,56,276,269,10,13,1,1,1
563,65,341,203,11,12,1,1,1
563,66,345,217,10,12,1,1,1
563,67,343,236,9,12,1,1,1
564,39,350,276,11,12,1,1,1
564,56,276,269,10,13,1,1,1
564,65,341,203,11,12,1,1,1
564,66,345,217,10,12,1,1,1
564,67,343,236,9,12,1,1,1
565,39,351,277,10,12,1,1,1
565,56,276,271,11,12,1,1,1
565,65,342,204,10,13,1,1,1
565,66,346,218,9,12,1,1,1
565,67,343,237,10,12,1,1,1
566,39,351,277,10,12,1,1,1
566,56,276,271,11,12,1,1,1
566,65,342,204,10,13,1,1,1
566,66,346,218,9,12,1,1,1
566,67,343,237,10,12,1,1,1
567,39,352,278,10,12,1,1,1
567,56,276,272,11,12,1,1,1
567,65,343,206,10,12,1,1,1
567,66,346,220,9,11,1,1,1
567,67,344,238,9,12,1,1,1
568,39,352,278,10,12,1,1,1
568,56,276,272,11,12,1,1,1
568,65,343,206,10,12,1,1,1
568,66,346,220,9,11,1,1,1
568,67,344,238,9,12,1,1,1
569,39,352,279,11,12,1,1,1
569,56,277,273,11,12,1,1,1
569,65,343,207,10,12,1,1,1
569,66,347,221,9,11,1,1,1
569,67,344,240,10,12,1,1,1
570,39,352,279,11,12,1,1,1
570,56,277,273,11,12,1,1,1
570,65,343,207,10,12,1,1,1
570,66,347,221,9,11,1,1,1
570,67,344,240,10,12,1,1,1
571,39,353,280,10,12,1,1,1
571,56,277,274,11,13,1,1,1
571,65,344,209,10,12,1,1,1
571,66,347,222,10,11,1,1,1
571,67,344,241,10,12,1,1,1
572,39,353,280,10,12,1,1,1
572,56,277,274,11,13,1,1,1
572,65,344,209,10,12,1,1,1
572,66,347,222,10,11,1,1,1
572,67,344,241,10,12,1,1,1
573,39,354,281,10,13,1,1,1
573,56,277,275,11,13,1,1,1
573,65,346,210,11,12,1,1,1
573,66,347,223,10,12,1,1,1
573,67,345,243,10,12,1,1,1
574,39,354,281,10,13,1,1,1
574,56,277,275,11,13,1,1,1
574,65,346,210,11,12,1,1,1
574,66,347,223,10,12,1,1,1
574,67,345,243,10,12,1,1,1
575,65,347,211,11,13,1,1,1
575,70,345,196,10,14,1,1,1
576,65,347,211,11,13,1,1,1
576,70,345,196,10,14,1,1,1
577,70,345,197,10,14,1,1,1
577,72,345,164,11,13,1,1,1
578,70,345,197,10,14,1,1,1
578,72,345,164,11,13,1,1,1
579,72,345,164,11,14,1,1,1
579,78,346,131,10,13,1,1,1
580,72,345,164,11,14,1,1,1
580,78,346,131,10,13,1,1,1
581,78,346,131,10,13,1,1,1
581,82,346,99,10,14,1,1,1
582,78,346,131,10,13,1,1,1
582,82,346,99,10,14,1,1,1
583,82,346,100,10,14,1,1,1
583,84,346,67,12,15,1,1,1
584,82,346,100,10,14,1,1,1
584,84,346,67,12,15,1,1,1
585,84,346,68,12,15,1,1,1
585,91,347,36,11,15,1,1,1
586,84,346,68,12,15,1,1,1
586,91,347,36,11,15,1,1,1
587,91,347,37,10,15,1,1,1
587,92,347,6,10,14,1,1,1
588,91,347,37,10,15,1,1,1
588,92,347,6,10,14,1,1,1
589,92,347,7,10,14,1,1,1
590,92,347,7,10,14,1,1,1
591,98,358,28,10,12,1,1,1
591,99,280,25,10,12,1,1,1
592,98,358,28,10,12,1,1,1
592,99,280,25,10,12,1,1,1
593,98,359,29,10,12,1,1,1
593,99,281,26,10,12,1,1,1
593,100,347,0,11,5,1,1,1
594,98,359,29,10,12,1,1,1
594,99,281,26,10,12,1,1,1
594,100,347,0,11,5,1,1,1
595,98,359,30,11,13,1,1,1
595,99,281,27,10,13,1,1,1
595,100,347,0,13,6,1,1,1
596,98,359,30,11,13,1,1,1
596,99,281,27,10,13,1,1,1
596,100,347,0,13,6,1,1,1
597,98,360,31,10,13,1,1,1
597,99,281,28,10,13,1,1,1
597,100,346,0,17,8,1,1,1
598,98,360,31,10,13,1,1,1
598,99,281,28,10,13,1,1,1
598,100,346,0,17,8,1,1,1
599,98,361,32,10,13,1,1,1
599,99,281,29,11,14,1,1,1
599,100,345,0,20,10,1,1,1
600,98,361,32,10,13,1,1,1
600,99,281,29,11,14,1,1,1
600,100,345,0,20,10,1,1,1
601,98,361,33,11,13,1,1,1
601,99,282,31,10,13,1,1,1
601,100,344,0,23,12,1,1,1
602,98,361,33,11,13,1,1,1
602,99,282,31,10,13,1,1,1
602,100,344,0,23,12,1,1,1
603,98,362,34,10,13,1,1,1
603,99,282,32,10,13,1,1,1
603,100,344,0,24,13,1,1,1
604,98,362,34,10,13,1,1,1
604,99,282,32,10,13,1,1,1
604,100,344,0,24,13,1,1,1
605,98,362,35,11,13,1,1,1
605,99,282,34,10,12,1,1,1
605,100,345,2,23,13,1,1,1
606,98,362,35,11,13,1,1,1
606,99,282,34,10,12,1,1,1
606,100,345,2,23,13,1,1,1
607,92,352,5,9,12,1,1,1
607,98,363,36,10,13,1,1,1
607,99,282,35,11,13,1,1,1
607,100,344,2,26,14,1,1,1
608,92,352,5,9,12,1,1,1
608,98,363,36,10,13,1,1,1
608,99,282,35,11,13,1,1,1
608,100,344,2,26,14,1,1,1
609,92,353,5,9,12,1,1,1
609,98,363,37,11,12,1,1,1
609,99,283,37,10,12,1,1,1
610,92,353,5,9,12,1,1,1
610,98,363,37,11,12,1,1,1
610,99,283,37,10,12,1,1,1
611,92,353,6,9,13,1,1,1
611,98,364,38,10,13,1,1,1
611,99,283,38,10,12,1,1,1
612,92,353,6,9,13,1,1,1
612,98,364,38,10,13,1,1,1
612,99,283,38,10,12,1,1,1
613,92,353,8,10,12,1,1,1
613,98,364,39,11,13,1,1,1
613,99,283,39,11,12,1,1,1
614,92,353,8,10,12,1,1,1
614,98,364,39,11,13,1,1,1
614,99,283,39,11,12,1,1,1
615,92,354,9,9,13,1,1,1
615,98,365,40,11,13,1,1,1
615,99,283,40,11,12,1,1,1
616,92,354,9,9,13,1,1,1
616,98,365,40,11,13,1,1,1
616,99,283,40,11,12,1,1,1
617,92,354,11,9,12,1,1,1
617,98,366,41,10,14,1,1,1
617,99,284,41,10,13,1,1,1
618,92,354,11,9,12,1,1,1
618,98,366,41,10,14,1,1,1
618,99,284,41,10,13,1,1,1
619,92,354,12,10,13,1,1,1
619,98,366,42,11,14,1,1,1
619,99,284,43,10,12,1,1,1
620,92,354,12,10,13,1,1,1
620,98,366,42,11,14,1,1,1
620,99,284,43,10,12,1,1,1
621,92,355,14,9,12,1,1,1
621,98,366,43,11,14,1,1,1
621,99,284,44,11,13,1,1,1
622,92,355,14,9,12,1,1,1
622,98,366,43,11,14,1,1,1
622,99,284,44,11,13,1,1,1
623,92,355,15,10,13,1,1,1
623,98,367,44,10,13,1,1,1
623,99,284,45,11,13,1,1,1
624,92,355,15,10,13,1,1,1
624,98,367,44,10,13,1,1,1
624,99,284,45,11,13,1,1,1
625,92,356,17,9,12,1,1,1
625,98,368,46,10,12,1,1,1
625,99,285,46,10,13,1,1,1
626,92,356,17,9,12,1,1,1
626,98,368,46,10,12,1,1,1
626,99,285,46,10,13,1,1,1
627,92,356,18,10,13,1,1,1
627,98,369,47,9,12,1,1,1
627,99,285,48,11,12,1,1,1
628,92,356,18,10,13,1,1,1
628,98,369,47,9,12,1,1,1
628,99,285,48,11,12,1,1,1
629,92,356,19,10,13,1,1,1
629,98,369,48,10,12,1,1,1
629,99,285,49,11,13,1,1,1
629,101,357,0,13,5,1,1,1
630,92,356,19,10,13,1,1,1
630,98,369,48,10,12,1,1,1
630,99,285,49,11,13,1,1,1
630,101,357,0,13,5,1,1,1
631,92,357,21,9,12,1,1,1
631,98,369,49,11,12,1,1,1
631,99,286,50,10,13,1,1,1
631,101,356,0,16,7,1,1,1
632,92,357,21,9,12,1,1,1
632,98,369,49,11,12,1,1,1
632,99,286,50,10,13,1,1,1
632,101,356,0,16,7,1,1,1
633,92,357,22,10,13,1,1,1
633,98,370,50,11,12,1,1,1
633,99,286,51,11,13,1,1,1
633,101,355,0,19,8,1,1,1
634,92,357,22,10,13,1,1,1
634,98,370,50,11,12,1,1,1
634,99,286,51,11,13,1,1,1
634,101,355,0,19,8,1,1,1
635,92,358,24,9,12,1,1,1
635,98,371,51,10,13,1,1,1
635,99,286,53,11,13,1,1,1
635,101,354,0,22,10,1,1,1
636,92,358,24,9,12,1,1,1
636,98,371,51,10,13,1,1,1
636,99,286,53,11,13,1,1,1
636,101,354,0,22,10,1,1,1
637,92,358,25,10,13,1,1,1
637,98,371,52,10,13,1,1,1
637,99,287,54,11,13,1,1,1
637,101,354,0,23,11,1,1,1
638,92,358,25,10,13,1,1,1
638,98,371,52,10,13,1,1,1
638,99,287,54,11,13,1,1,1
638,101,354,0,23,11,1,1,1
639,92,358,27,10,12,1,1,1
639,98,372,54,10,12,1,1,1
639,99,288,56,10,12,1,1,1
639,101,355,1,22,11,1,1,1
640,92,358,27,10,12,1,1,1
640,98,372,54,10,12,1,1,1
640,99,288,56,10,12,1,1,1
640,101,355,1,22,11,1,1,1
641,92,359,28,9,12,1,1,1
641,98,372,55,11,12,1,1,1
641,99,288,57,10,12,1,1,1
641,101,356,3,21,11,1,1,1
641,102,367,0,10,6,1,1,1
642,92,359,28,9,12,1,1,1
642,98,372,55,11,12,1,1,1
642,99,288,57,10,12,1,1,1
642,101,356,3,21,11,1,1,1
642,102,367,0,10,6,1,1,1
643,92,359,30,10,12,1,1,1
643,98,373,56,10,12,1,1,1
643,99,288,58,11,12,1,1,1
643,101,356,4,21,11,1,1,1
643,102,367,0,13,7,1,1,1
644,92,359,30,10,12,1,1,1
644,98,373,56,10,12,1,1,1
644,99,288,58,11,12,1,1,1
644,101,356,4,21,11,1,1,1
644,102,367,0,13,7,1,1,1
645,92,360,31,10,12,1,1,1
645,98,374,57,10,12,1,1,1
645,99,288,59,11,12,1,1,1
645,101,357,5,20,12,1,1,1
645,102,367,0,15,9,1,1,1
646,92,360,31,10,12,1,1,1
646,98,374,57,10,12,1,1,1
646,99,288,59,11,12,1,1,1
646,101,357,5,20,12,1,1,1
646,102,367,0,15,9,1,1,1
647,92,360,33,10,12,1,1,1
647,98,374,58,11,12,1,1,1
647,99,288,60,11,13,1,1,1
647,101,357,6,21,12,1,1,1
647,102,367,0,17,10,1,1,1
648,92,360,33,10,12,1,1,1
648,98,374,58,11,12,1,1,1
648,99,288,60,11,13,1,1,1
648,101,357,6,21,12,1,1,1
648,102,367,0,17,10,1,1,1
649,92,361,34,10,12,1,1,1
649,98,375,59,10,12,1,1,1
649,99,289,62,10,12,1,1,1
649,101,359,8,19,11,1,1,1
649,102,367,0,18,12,1,1,1
650,92,361,34,10,12,1,1,1
650,98,375,59,10,12,1,1,1
650,99,289,62,10,12,1,1,1
650,101,359,8,19,11,1,1,1
650,102,367,0,18,12,1,1,1
651,92,361,36,11,12,1,1,1
651,98,376,61,10,12,1,1,1
651,99,290,63,10,12,1,1,1
651,101,359,9,19,12,1,1,1
651,102,367,1,19,12,1,1,1
652,92,361,36,11,12,1,1,1
652,98,376,61,10,12,1,1,1
652,99,290,63,10,12,1,1,1
652,101,359,9,19,12,1,1,1
652,102,367,1,19,12,1,1,1
653,92,362,37,10,12,1,1,1
653,98,376,62,11,12,1,1,1
653,99,290,64,11,13,1,1,1
653,101,360,10,18,12,1,1,1
653,102,368,3,18,12,1,1,1
654,92,362,37,10,12,1,1,1
654,98,376,62,11,12,1,1,1
654,99,290,64,11,13,1,1,1
654,101,360,10,18,12,1,1,1
654,102,368,3,18,12,1,1,1
655,92,362,38,11,13,1,1,1
655,98,377,63,10,12,1,1,1
655,99,290,65,10,13,1,1,1
655,101,361,11,17,13,1,1,1
655,102,369,5,17,11,1,1,1
656,92,362,38,11,13,1,1,1
656,98,377,63,10,12,1,1,1
656,99,290,65,10,13,1,1,1
656,101,361,11,17,13,1,1,1
656,102,369,5,17,11,1,1,1
657,92,363,40,10,12,1,1,1
657,98,377,64,10,12,1,1,1
657,99,290,67,11,12,1,1,1
657,101,362,13,16,12,1,1,1
657,102,370,6,17,12,1,1,1
658,92,363,40,10,12,1,1,1
658,98,377,64,10,12,1,1,1
658,99,290,67,11,12,1,1,1
658,101,362,13,16,12,1,1,1
658,102,370,6,17,12,1,1,1
659,92,363,41,11,13,1,1,1
659,98,378,65,10,12,1,1,1
659,99,291,68,10,13,1,1,1
659,101,363,14,15,12,1,1,1
659,102,370,8,17,12,1,1,1
660,92,363,41,11,13,1,1,1
660,98,378,65,10,12,1,1,1
660,99,291,68,10,13,1,1,1
660,101,363,14,15,12,1,1,1
660,102,370,8,17,12,1,1,1
661,92,364,43,10,12,1,1,1
661,98,379,66,9,12,1,1,1
661,99,291,70,10,12,1,1,1
661,101,363,15,16,13,1,1,1
661,102,372,10,15,12,1,1,1
662,92,364,43,10,12,1,1,1
662,98,379,66,9,12,1,1,1
662,99,291,70,10,12,1,1,1
662,101,363,15,16,13,1,1,1
662,102,372,10,15,12,1,1,1
663,92,364,44,11,13,1,1,1
663,98,379,67,10,12,1,1,1
663,99,291,71,11,12,1,1,1
663,101,364,16,15,13,1,1,1
663,102,372,11,16,12,1,1,1
664,92,364,44,11,13,1,1,1
664,98,379,67,10,12,1,1,1
664,99,291,71,11,12,1,1,1
664,101,364,16,15,13,1,1,1
664,102,372,11,16,12,1,1,1
665,92,365,46,10,12,1,1,1
665,98,379,69,10,11,1,1,1
665,99,291,72,11,13,1,1,1
665,101,365,18,15,12,1,1,1
665,102,373,12,15,13,1,1,1
666,92,365,46,10,12,1,1,1
666,98,379,69,10,11,1,1,1
666,99,291,72,11,13,1,1,1
666,101,365,18,15,12,1,1,1
666,102,373,12,15,13,1,1,1
667,91,368,20,9,12,1,1,1
667,92,365,47,11,12,1,1,1
667,98,380,70,10,12,1,1,1
667,99,292,74,10,12,1,1,1
667,101,365,19,15,13,1,1,1
667,102,374,14,15,12,1,1,1
668,91,368,20,9,12,1,1,1
668,92,365,47,11,12,1,1,1
668,98,380,70,10,12,1,1,1
668,99,292,74,10,12,1,1,1
668,101,365,19,15,13,1,1,1
668,102,374,14,15,12,1,1,1
669,91,368,20,9,12,1,1,1
669,92,366,48,10,13,1,1,1
669,98,380,71,10,12,1,1,1
669,99,292,75,11,12,1,1,1
669,102,375,16,13,12,1,1,1
670,91,368,20,9,12,1,1,1
670,92,366,48,10,13,1,1,1
670,98,380,71,10,12,1,1,1
670,99,292,75,11,12,1,1,1
670,102,375,16,13,12,1,1,1
671,91,369,22,9,11,1,1,1
671,92,366,50,10,12,1,1,1
671,98,381,72,10,12,1,1,1
671,99,292,76,11,13,1,1,1
671,102,376,17,13,12,1,1,1
672,91,369,22,9,11,1,1,1
672,92,366,50,10,12,1,1,1
672,98,381,72,10,12,1,1,1
672,99,292,76,11,13,1,1,1
672,102,376,17,13,12,1,1,1
673,91,369,23,10,12,1,1,1
673,92,367,52,10,12,1,1,1
673,98,381,73,11,12,1,1,1
673,99,292,78,11,12,1,1,1
673,102,376,19,13,12,1,1,1
674,91,369,23,10,12,1,1,1
674,92,367,52,10,12,1,1,1
674,98,381,73,11,12,1,1,1
674,99,292,78,11,12,1,1,1
674,102,376,19,13,12,1,1,1
675,91,370,25,9,11,1,1,1
675,92,367,53,10,12,1,1,1
675,98,382,74,10,12,1,1,1
675,99,293,79,11,13,1,1,1
675,102,377,20,13,12,1,1,1
676,91,370,25,9,11,1,1,1
676,92,367,53,10,12,1,1,1
676,98,382,74,10,12,1,1,1
676,99,293,79,11,13,1,1,1
676,102,377,20,13,12,1,1,1
677,91,370,26,10,12,1,1,1
677,92,368,54,10,12,1,1,1
677,98,382,75,11,12,1,1,1
677,99,293,80,11,13,1,1,1
677,102,377,22,13,12,1,1,1
678,91,370,26,10,12,1,1,1
678,92,368,54,10,12,1,1,1
678,98,382,75,11,12,1,1,1
678,99,293,80,11,13,1,1,1
678,102,377,22,13,12,1,1,1
679,91,370,27,10,12,1,1,1
679,92,368,56,10,12,1,1,1
679,98,383,76,10,12,1,1,1
679,99,293,81,11,13,1,1,1
679,102,378,23,13,13,1,1,1
680,91,370,27,10,12,1,1,1
680,92,368,56,10,12,1,1,1
680,98,383,76,10,12,1,1,1
680,99,293,81,11,13,1,1,1
680,102,378,23,13,13,1,1,1
681,91,371,29,9,11,1,1,1
681,92,369,57,10,12,1,1,1
681,98,383,77,11,12,1,1,1
681,99,293,82,12,13,1,1,1
681,102,379,25,12,12,1,1,1
682,91,371,29,9,11,1,1,1
682,92,369,57,10,12,1,1,1
682,98,383,77,11,12,1,1,1
682,99,293,82,12,13,1,1,1
682,102,379,25,12,12,1,1,1
683,91,371,30,10,12,1,1,1
683,92,369,58,11,13,1,1,1
683,98,384,79,11,11,1,1,1
683,99,294,84,11,13,1,1,1
683,102,379,27,13,12,1,1,1
684,91,371,30,10,12,1,1,1
684,92,369,58,11,13,1,1,1
684,98,384,79,11,11,1,1,1
684,99,294,84,11,13,1,1,1
684,102,379,27,13,12,1,1,1
685,91,371,32,11,11,1,1,1
685,92,370,60,10,12,1,1,1
685,98,384,80,11,12,1,1,1
685,99,294,85,11,13,1,1,1
685,102,380,28,12,13,1,1,1
686,91,371,32,11,11,1,1,1
686,92,370,60,10,12,1,1,1
686,98,384,80,11,12,1,1,1
686,99,294,85,11,13,1,1,1
686,102,380,28,12,13,1,1,1
687,91,372,33,10,12,1,1,1
687,92,370,61,11,12,1,1,1
687,98,385,81,11,12,1,1,1
687,99,295,86,10,13,1,1,1
687,102,381,30,12,12,1,1,1
688,91,372,33,10,12,1,1,1
688,92,370,61,11,12,1,1,1
688,98,385,81,11,12,1,1,1
688,99,295,86,10,13,1,1,1
688,102,381,30,12,12,1,1,1
689,91,372,34,10,12,1,1,1
689,92,371,63,10,12,1,1,1
689,98,386,82,10,12,1,1,1
689,99,295,88,11,12,1,1,1
689,102,381,32,12,12,1,1,1
690,91,372,34,10,12,1,1,1
690,92,371,63,10,12,1,1,1
690,98,386,82,10,12,1,1,1
690,99,295,88,11,12,1,1,1
690,102,381,32,12,12,1,1,1
691,91,372,35,11,12,1,1,1
691,92,371,64,11,12,1,1,1
691,98,386,83,11,12,1,1,1
691,99,295,89,11,13,1,1,1
691,102,382,33,11,12,1,1,1
692,91,372,35,11,12,1,1,1
692,92,371,64,11,12,1,1,1
692,98,386,83,11,12,1,1,1
692,99,295,89,11,13,1,1,1
692,102,382,33,11,12,1,1,1
693,91,373,37,10,12,1,1,1
693,92,372,66,10,12,1,1,1
693,98,387,84,10,12,1,1,1
693,99,296,90,10,13,1,1,1
693,102,383,35,11,12,1,1,1
694,91,373,37,10,12,1,1,1
694,92,372,66,10,12,1,1,1
694,98,387,84,10,12,1,1,1
694,99,296,90,10,13,1,1,1
694,102,383,35,11,12,1,1,1
695,91,374,38,9,12,1,1,1
695,92,372,67,11,12,1,1,1
695,98,387,86,10,12,1,1,1
695,99,295,92,11,12,1,1,1
695,102,383,37,11,12,1,1,1
696,91,374,38,9,12,1,1,1
696,92,372,67,11,12,1,1,1
696,98,387,86,10,12,1,1,1
696,99,295,92,11,12,1,1,1
696,102,383,37,11,12,1,1,1
697,91,374,40,10,11,1,1,1
697,92,373,68,11,13,1,1,1
697,98,388,87,10,12,1,1,1
697,99,296,93,10,13,1,1,1
697,102,384,38,11,12,1,1,1
698,91,374,40,10,11,1,1,1
698,92,373,68,11,13,1,1,1
698,98,388,87,10,12,1,1,1
698,99,296,93,10,13,1,1,1
698,102,384,38,11,12,1,1,1
699,91,374,41,10,11,1,1,1
699,92,374,70,10,12,1,1,1
699,98,388,88,11,12,1,1,1
699,99,296,94,11,13,1,1,1
699,102,384,39,11,13,1,1,1
700,91,374,41,10,11,1,1,1
700,92,374,70,10,12,1,1,1
700,98,388,88,11,12,1,1,1
700,99,296,94,11,13,1,1,1
700,102,384,39,11,13,1,1,1
701,91,374,42,11,12,1,1,1
701,92,374,71,11,12,1,1,1
701,98,389,89,10,13,1,1,1
701,99,296,96,11,12,1,1,1
701,102,384,41,11,12,1,1,1
702,91,374,42,11,12,1,1,1
702,92,374,71,11,12,1,1,1
702,98,389,89,10,13,1,1,1
702,99,296,96,11,12,1,1,1
702,102,384,41,11,12,1,1,1
703,91,375,44,10,12,1,1,1
703,92,375,72,10,13,1,1,1
703,98,389,91,11,12,1,1,1
703,99,297,97,10,13,1,1,1
703,102,385,42,11,13,1,1,1
704,91,375,44,10,12,1,1,1
704,92,375,72,10,13,1,1,1
704,98,389,91,11,12,1,1,1
704,99,297,97,10,13,1,1,1
704,102,385,42,11,13,1,1,1
705,91,376,45,10,12,1,1,1
705,92,375,74,11,12,1,1,1
705,98,390,92,10,12,1,1,1
705,99,297,98,11,13,1,1,1
705,102,386,44,10,12,1,1,1
706,91,376,45,10,12,1,1,1
706,92,375,74,11,12,1,1,1
706,98,390,92,10,12,1,1,1
706,99,297,98,11,13,1,1,1
706,102,386,44,10,12,1,1,1
707,91,376,47,10,11,1,1,1
707,92,376,75,10,12,1,1,1
707,98,390,93,10,12,1,1,1
707,99,297,100,11,12,1,1,1
707,102,386,45,11,12,1,1,1
708,91,376,47,10,11,1,1,1
708,92,376,75,10,12,1,1,1
708,98,390,93,10,12,1,1,1
708,99,297,100,11,12,1,1,1
708,102,386,45,11,12,1,1,1
709,91,376,48,11,11,1,1,1
709,92,377,76,9,12,1,1,1
709,98,391,94,9,12,1,1,1
709,99,297,101,11,12,1,1,1
709,102,386,47,12,12,1,1,1
710,91,376,48,11,11,1,1,1
710,92,377,76,9,12,1,1,1
710,98,391,94,9,12,1,1,1
710,99,297,101,11,12,1,1,1
710,102,386,47,12,12,1,1,1
711,91,377,49,10,12,1,1,1
711,92,377,78,10,11,1,1,1
711,98,391,96,10,11,1,1,1
711,99,298,102,10,13,1,1,1
711,102,387,48,11,13,1,1,1
712,91,377,49,10,12,1,1,1
712,92,377,78,10,11,1,1,1
712,98,391,96,10,11,1,1,1
712,99,298,102,10,13,1,1,1
712,102,387,48,11,13,1,1,1
713,91,378,50,9,12,1,1,1
713,92,377,79,10,12,1,1,1
713,98,391,97,11,12,1,1,1
713,99,298,104,10,12,1,1,1
713,102,387,50,11,12,1,1,1
714,91,378,50,9,12,1,1,1
714,92,377,79,10,12,1,1,1
714,98,391,97,11,12,1,1,1
714,99,298,104,10,12,1,1,1
714,102,387,50,11,12,1,1,1
715,91,378,52,10,11,1,1,1
715,92,378,80,10,12,1,1,1
715,98,392,98,10,12,1,1,1
715,99,298,105,11,13,1,1,1
715,102,388,52,11,12,1,1,1
716,91,378,52,10,11,1,1,1
716,92,378,80,10,12,1,1,1
716,98,392,98,10,12,1,1,1
716,99,298,105,11,13,1,1,1
716,102,388,52,11,12,1,1,1
717,91,378,53,10,12,1,1,1
717,92,379,82,9,12,1,1,1
717,98,393,99,9,12,1,1,1
717,99,298,106,11,13,1,1,1
717,102,389,53,10,12,1,1,1
718,91,378,53,10,12,1,1,1
718,92,379,82,9,12,1,1,1
718,98,393,99,9,12,1,1,1
718,99,298,106,11,13,1,1,1
718,102,389,53,10,12,1,1,1
719,91,379,54,9,12,1,1,1
719,92,379,84,10,11,1,1,1
719,98,393,100,10,12,1,1,1
719,99,299,108,10,13,1,1,1
719,102,389,55,11,12,1,1,1
720,91,379,54,9,12,1,1,1
720,92,379,84,10,11,1,1,1
720,98,393,100,10,12,1,1,1
720,99,299,108,10,13,1,1,1
720,102,389,55,11,12,1,1,1
721,91,379,56,10,11,1,1,1
721,92,379,85,11,12,1,1,1
721,98,393,102,10,11,1,1,1
721,99,299,109,11,13,1,1,1
721,102,390,57,10,12,1,1,1
722,91,379,56,10,11,1,1,1
722,92,379,85,11,12,1,1,1
722,98,393,102,10,11,1,1,1
722,99,299,109,11,13,1,1,1
722,102,390,57,10,12,1,1,1
723,91,379,57,10,12,1,1,1
723,92,380,86,10,12,1,1,1
723,98,394,103,9,11,1,1,1
723,99,299,110,11,13,1,1,1
723,102,391,58,9,12,1,1,1
724,91,379,57,10,12,1,1,1
724,92,380,86,10,12,1,1,1
724,98,394,103,9,11,1,1,1
724,99,299,110,11,13,1,1,1
724,102,391,58,9,12,1,1,1
725,91,380,58,10,12,1,1,1
725,92,380,87,11,12,1,1,1
725,98,394,104,10,11,1,1,1
725,99,300,112,10,13,1,1,1
725,102,391,60,10,11,1,1,1
726,91,380,58,10,12,1,1,1
726,92,380,87,11,12,1,1,1
726,98,394,104,10,11,1,1,1
726,99,300,112,10,13,1,1,1
726,102,391,60,10,11,1,1,1
727,91,379,60,11,11,1,1,1
727,92,381,89,10,12,1,1,1
727,98,395,105,10,11,1,1,1
727,99,300,113,11,13,1,1,1
727,102,391,61,10,12,1,1,1
728,91,379,60,11,11,1,1,1
728,92,381,89,10,12,1,1,1
728,98,395,105,10,11,1,1,1
728,99,300,113,11,13,1,1,1
728,102,391,61,10,12,1,1,1
729,91,380,61,10,12,1,1,1
729,92,382,90,10,12,1,1,1
729,98,395,106,10,12,1,1,1
729,99,301,115,10,12,1,1,1
729,102,391,63,11,12,1,1,1
730,91,380,61,10,12,1,1,1
730,92,382,90,10,12,1,1,1
730,98,395,106,10,12,1,1,1
730,99,301,115,10,12,1,1,1
730,102,391,63,11,12,1,1,1
731,91,380,63,11,11,1,1,1
731,92,382,92,11,12,1,1,1
731,98,395,107,11,12,1,1,1
731,99,301,116,10,12,1,1,1
731,102,392,64,10,12,1,1,1
732,91,380,63,11,11,1,1,1
732,92,382,92,11,12,1,1,1
732,98,395,107,11,12,1,1,1
732,99,301,116,10,12,1,1,1
732,102,392,64,10,12,1,1,1
733,91,381,64,10,12,1,1,1
733,92,383,93,10,12,1,1,1
733,98,396,109,10,12,1,1,1
733,99,301,118,10,12,1,1,1
733,102,393,66,9,12,1,1,1
734,91,381,64,10,12,1,1,1
734,92,383,93,10,12,1,1,1
734,98,396,109,10,12,1,1,1
734,99,301,118,10,12,1,1,1
734,102,393,66,9,12,1,1,1
735,91,382,65,9,12,1,1,1
735,92,383,94,11,12,1,1,1
735,98,397,110,9,12,1,1,1
735,99,301,119,11,12,1,1,1
735,102,393,68,10,11,1,1,1
736,91,382,65,9,12,1,1,1
736,92,383,94,11,12,1,1,1
736,98,397,110,9,12,1,1,1
736,99,301,119,11,12,1,1,1
736,102,393,68,10,11,1,1,1
737,91,382,67,10,11,1,1,1
737,92,384,96,10,12,1,1,1
737,98,397,111,10,12,1,1,1
737,99,302,120,10,13,1,1,1
737,102,393,69,11,12,1,1,1
738,91,382,67,10,11,1,1,1
738,92,384,96,10,12,1,1,1
738,98,397,111,10,12,1,1,1
738,99,302,120,10,13,1,1,1
738,102,393,69,11,12,1,1,1
739,91,382,68,10,12,1,1,1
739,92,384,97,11,12,1,1,1
739,98,398,113,10,12,1,1,1
739,99,302,121,10,13,1,1,1
739,102,394,71,10,12,1,1,1
740,91,382,68,10,12,1,1,1
740,92,384,97,11,12,1,1,1
740,98,398,113,10,12,1,1,1
740,99,302,121,10,13,1,1,1
740,102,394,71,10,12,1,1,1
741,91,383,69,9,12,1,1,1
741,92,385,98,11,13,1,1,1
741,98,398,114,10,12,1,1,1
741,99,302,123,11,12,1,1,1
741,102,394,72,10,12,1,1,1
742,91,383,69,9,12,1,1,1
742,92,385,98,11,13,1,1,1
742,98,398,114,10,12,1,1,1
742,99,302,123,11,12,1,1,1
742,102,394,72,10,12,1,1,1
743,91,382,71,11,11,1,1,1
743,92,386,100,10,12,1,1,1
743,98,398,116,11,11,1,1,1
743,99,302,124,11,13,1,1,1
743,102,394,74,11,11,1,1,1
744,91,382,71,11,11,1,1,1
744,92,386,100,10,12,1,1,1
744,98,398,116,11,11,1,1,1
744,99,302,124,11,13,1,1,1
744,102,394,74,11,11,1,1,1
745,91,383,72,10,12,1,1,1
745,92,386,101,10,12,1,1,1
745,98,399,117,10,12,1,1,1
745,99,303,125,10,13,1,1,1
745,102,395,75,10,12,1,1,1
746,91,383,72,10,12,1,1,1
746,92,386,101,10,12,1,1,1
746,98,399,117,10,12,1,1,1
746,99,303,125,10,13,1,1,1
746,102,395,75,10,12,1,1,1
747,91,383,73,11,12,1,1,1
747,92,386,102,11,12,1,1,1
747,98,399,118,11,12,1,1,1
747,99,303,127,10,12,1,1,1
747,102,395,77,11,12,1,1,1
748,91,383,73,11,12,1,1,1
748,92,386,102,11,12,1,1,1
748,98,399,118,11,12,1,1,1
748,99,303,127,10,12,1,1,1
748,102,395,77,11,12,1,1,1
749,91,384,74,10,12,1,1,1
749,92,387,104,10,12,1,1,1
749,98,400,119,10,12,1,1,1
749,99,303,129,11,12,1,1,1
749,102,396,78,9,12,1,1,1
750,91,384,74,10,12,1,1,1
750,92,387,104,10,12,1,1,1
750,98,400,119,10,12,1,1,1
750,99,303,129,11,12,1,1,1
750,102,396,78,9,12,1,1,1
